img_name,labels,top,left,bottom,right,width,height,num_digits
1.png,1.0_9.0,77,246,300,419,173,223,2
10.png,1.0_6.0,4,25,33,48,23,29,2
100.png,1.0_10.0_9.0,0,18,23,42,24,23,3
1000.png,1.0_3.0,1,17,19,27,10,18,2
10000.png,1.0_5.0_3.0,20,45,52,88,43,32,3
10001.png,4.0_1.0,4,27,25,39,12,21,2
10002.png,2.0_1.0_10.0,16,144,69,207,63,53,3
10003.png,5.0_9.0,4,23,23,41,18,19,2
10004.png,8.0_8.0,1,30,37,64,34,36,2
10005.png,1.0_10.0_10.0_10.0,5,47,46,86,39,41,4
10006.png,4.0_2.0,4,22,28,52,30,24,2
10007.png,1.0_6.0,13,71,82,121,50,69,2
10008.png,9.0_2.0,53,129,101,167,38,48,2
10009.png,6.0,4,22,25,33,11,21,1
1001.png,6.0,4,36,35,50,14,31,1
10010.png,1.0_3.0,3,27,32,43,16,29,2
10011.png,1.0_3.0_3.0,4,63,83,147,84,79,3
10012.png,2.0_9.0,2,18,21,34,16,19,2
10013.png,9.0_3.0,3,29,34,52,23,31,2
10014.png,3.0_1.0_5.0,1,30,41,90,60,40,3
10015.png,6.0_5.0,14,52,55,84,32,41,2
10016.png,1.0_6.0,7,51,62,98,47,55,2
10017.png,1.0_1.0,1,63,95,139,76,94,2
10018.png,1.0_6.0_5.0_8.0,2,21,24,58,37,22,4
10019.png,1.0_8.0_3.0,1,18,25,43,25,24,3
1002.png,1.0_4.0_1.0,12,72,52,117,45,40,3
10020.png,1.0_7.0_1.0,9,29,30,53,24,21,3
10021.png,1.0_8.0_5.0,1,24,28,63,39,27,3
10022.png,4.0,13,95,118,144,49,105,1
10023.png,1.0_1.0_1.0,5,39,38,53,14,33,3
10024.png,1.0_2.0,32,186,74,228,42,42,2
10025.png,3.0_5.0_3.0_3.0,3,15,24,59,44,21,4
10026.png,3.0,2,15,16,24,9,14,1
10027.png,5.0_1.0,16,70,72,119,49,56,2
10028.png,8.0_4.0,2,20,20,44,24,18,2
10029.png,7.0_1.0,2,18,22,33,15,20,2
1003.png,5.0_3.0_10.0,14,59,76,136,77,62,3
10030.png,1.0_7.0_3.0,1,57,80,136,79,79,3
10031.png,1.0_1.0,7,45,48,74,29,41,2
10032.png,2.0_4.0,1,15,18,28,13,17,2
10033.png,1.0_1.0,11,34,41,49,15,30,2
10034.png,2.0_10.0_2.0_6.0,1,18,18,55,37,17,4
10035.png,9.0_7.0,7,37,40,69,32,33,2
10036.png,2.0_3.0,3,18,19,40,22,16,2
10037.png,8.0_6.0_10.0,4,42,46,85,43,42,3
10038.png,3.0_2.0,9,51,63,85,34,54,2
10039.png,1.0_9.0,8,45,58,98,53,50,2
1004.png,6.0_4.0,5,27,24,51,24,19,2
10040.png,3.0_2.0,18,54,49,72,18,31,2
10041.png,1.0_3.0_5.0,3,24,30,58,34,27,3
10042.png,1.0_7.0_9.0,41,206,66,245,39,25,3
10043.png,5.0_3.0,1,26,37,61,35,36,2
10044.png,1.0_7.0_4.0,2,24,37,64,40,35,3
10045.png,3.0_1.0,22,123,142,231,108,120,2
10046.png,2.0_5.0,25,200,122,276,76,97,2
10047.png,4.0_7.0_3.0,31,93,96,174,81,65,3
10048.png,7.0_1.0,7,48,64,106,58,57,2
10049.png,1.0,9,41,42,57,16,33,1
1005.png,8.0_7.0,7,28,47,71,43,40,2
10050.png,1.0_5.0_9.0,8,53,71,97,44,63,3
10051.png,1.0,3,18,17,22,4,14,1
10052.png,1.0_3.0,1,10,15,26,16,14,2
10053.png,10.0,81,192,130,217,25,49,1
10054.png,2.0_2.0_6.0_8.0,6,28,25,65,37,19,4
10055.png,2.0_6.0,2,96,115,198,102,113,2
10056.png,2.0_6.0_3.0,3,0,19,23,23,16,3
10057.png,2.0_7.0,1,25,33,50,25,32,2
10058.png,2.0_4.0,1,11,13,25,14,12,2
10059.png,4.0,5,29,32,48,19,27,1
1006.png,2.0_8.0,8,41,47,72,31,39,2
10060.png,3.0_6.0,12,71,82,114,43,70,2
10061.png,2.0_10.0_2.0,6,34,41,70,36,35,3
10062.png,3.0,14,51,53,65,14,39,1
10063.png,6.0_3.0,19,160,59,190,30,40,2
10064.png,1.0_2.0_10.0,1,28,36,54,26,35,3
10065.png,7.0_1.0,7,47,48,74,27,41,2
10066.png,4.0_10.0,2,14,16,25,11,14,2
10067.png,1.0_4.0,2,20,25,35,15,23,2
10068.png,1.0_8.0_3.0,2,57,80,128,71,78,3
10069.png,1.0_9.0_10.0,11,59,66,125,66,55,3
1007.png,1.0_5.0,12,99,120,164,65,108,2
10070.png,4.0_7.0_10.0,4,21,20,44,23,16,3
10071.png,4.0_7.0_8.0,20,100,69,132,32,49,3
10072.png,1.0,5,22,21,26,4,16,1
10073.png,3.0_3.0_7.0_4.0,11,52,53,122,70,42,4
10074.png,9.0_4.0_5.0,14,49,45,95,46,31,3
10075.png,5.0_1.0,2,15,24,30,15,22,2
10076.png,2.0_10.0_3.0,5,28,26,56,28,21,3
10077.png,2.0_7.0,5,32,27,48,16,22,2
10078.png,2.0_6.0,6,40,50,79,39,44,2
10079.png,1.0_6.0_3.0,11,51,63,131,80,52,3
1008.png,1.0_2.0_8.0,11,63,72,120,57,61,3
10080.png,1.0_1.0_9.0,4,30,27,53,23,23,3
10081.png,4.0,1,38,31,51,13,30,1
10082.png,7.0_6.0,5,25,28,44,19,23,2
10083.png,2.0_10.0,4,31,41,71,40,37,2
10084.png,1.0_7.0,6,22,23,36,14,17,2
10085.png,1.0_7.0,3,19,21,36,17,18,2
10086.png,9.0,5,38,47,60,22,42,1
10087.png,1.0_5.0,2,12,18,29,17,16,2
10088.png,4.0_6.0_8.0,27,66,62,108,42,35,3
10089.png,1.0,1,21,23,28,7,22,1
1009.png,2.0_1.0,5,26,35,55,29,30,2
10090.png,4.0_6.0_3.0,20,40,44,69,29,24,3
10091.png,3.0_2.0,3,29,34,57,28,31,2
10092.png,1.0_1.0_6.0,20,69,55,108,39,35,3
10093.png,4.0_2.0,19,49,50,88,39,31,2
10094.png,4.0_9.0_3.0,6,28,31,74,46,25,3
10095.png,5.0,18,66,79,94,28,61,1
10096.png,3.0_1.0,17,72,83,107,35,66,2
10097.png,7.0,2,15,19,29,14,17,1
10098.png,5.0,1,15,17,25,10,16,1
10099.png,1.0_3.0_3.0,1,14,19,34,20,18,3
101.png,5.0_3.0,5,27,34,54,27,29,2
1010.png,2.0_10.0_7.0,1,16,19,42,26,18,3
10100.png,4.0_4.0,6,29,32,66,37,26,2
10101.png,2.0_1.0_3.0,14,60,52,114,54,38,3
10102.png,1.0_10.0_4.0,23,81,58,132,51,35,3
10103.png,2.0_9.0,6,45,57,104,59,51,2
10104.png,1.0_7.0_10.0_6.0,1,28,35,114,86,34,4
10105.png,8.0_8.0,36,109,90,175,66,54,2
10106.png,1.0_2.0,21,70,54,100,30,33,2
10107.png,6.0_10.0,6,48,58,92,44,52,2
10108.png,1.0_3.0,6,34,29,59,25,23,2
10109.png,2.0,4,26,33,38,12,29,1
1011.png,2.0_5.0_7.0,10,99,60,138,39,50,3
10110.png,7.0,3,15,18,26,11,15,1
10111.png,8.0_2.0,10,30,34,66,36,24,2
10112.png,1.0_5.0_6.0,9,61,77,134,73,68,3
10113.png,2.0_4.0,3,45,52,85,40,49,2
10114.png,4.0_2.0_4.0,11,36,30,53,17,19,3
10115.png,4.0_5.0,3,19,23,38,19,20,2
10116.png,2.0_4.0,3,26,26,55,29,23,2
10117.png,4.0_5.0,2,16,13,30,14,11,2
10118.png,2.0_7.0,3,23,30,48,25,27,2
10119.png,6.0_5.0,6,24,27,44,20,21,2
1012.png,1.0_3.0,2,26,35,56,30,33,2
10120.png,7.0_6.0,9,43,45,83,40,36,2
10121.png,1.0_5.0,6,50,50,78,28,44,2
10122.png,2.0,5,27,34,46,19,29,1
10123.png,3.0_2.0,23,108,107,200,92,84,2
10124.png,2.0_2.0,5,41,47,79,38,42,2
10125.png,2.0_8.0_10.0,33,112,99,203,91,66,3
10126.png,4.0_10.0,4,21,25,36,15,21,2
10127.png,1.0_7.0,1,32,45,55,23,44,2
10128.png,3.0_10.0_10.0,7,33,38,58,25,31,3
10129.png,3.0_3.0_2.0,9,74,58,143,69,49,3
1013.png,2.0_9.0_3.0,6,28,25,63,35,19,3
10130.png,2.0,6,38,22,49,11,16,1
10131.png,2.0_10.0,11,56,66,115,59,55,2
10132.png,3.0_3.0_5.0_10.0,2,25,24,75,50,22,4
10133.png,1.0_2.0_2.0,11,35,33,57,22,22,3
10134.png,1.0_3.0_8.0_2.0,1,20,23,69,49,22,4
10135.png,2.0_4.0_10.0,12,46,56,99,53,44,3
10136.png,9.0,1,32,36,56,24,35,1
10137.png,1.0_8.0_5.0,14,72,80,127,55,66,3
10138.png,4.0,13,71,55,91,20,42,1
10139.png,3.0_3.0,4,52,73,122,70,69,2
1014.png,1.0_2.0_6.0_9.0,2,138,56,203,65,54,4
10140.png,2.0_9.0_4.0,15,54,36,84,30,21,3
10141.png,1.0_9.0,2,16,17,34,18,15,2
10142.png,2.0_1.0,3,33,43,57,24,40,2
10143.png,1.0_3.0_9.0,11,32,35,52,20,24,3
10144.png,8.0_3.0,73,163,122,208,45,49,2
10145.png,5.0,9,42,54,58,16,45,1
10146.png,5.0_5.0,18,74,71,114,40,53,2
10147.png,4.0_3.0_10.0,15,84,103,167,83,88,3
10148.png,3.0_8.0_7.0,1,23,23,47,24,22,3
10149.png,6.0_3.0,5,34,41,69,35,36,2
1015.png,1.0_8.0,11,39,39,62,23,28,2
10150.png,4.0,70,82,134,113,31,64,1
10151.png,5.0_6.0,1,34,34,69,35,33,2
10152.png,4.0_2.0,7,32,36,65,33,29,2
10153.png,3.0_8.0,1,15,14,30,15,13,2
10154.png,4.0,2,16,18,27,11,16,1
10155.png,4.0_3.0,3,19,25,51,32,22,2
10156.png,3.0_6.0,3,20,18,33,13,15,2
10157.png,1.0_8.0_6.0,20,95,89,186,91,69,3
10158.png,2.0,5,27,27,38,11,22,1
10159.png,2.0_6.0_1.0_8.0,1,18,22,79,61,21,4
1016.png,1.0_4.0,11,40,44,64,24,33,2
10160.png,4.0_3.0,1,25,31,49,24,30,2
10161.png,1.0_3.0_2.0,15,104,47,146,42,32,3
10162.png,1.0_9.0_7.0,5,21,23,42,21,18,3
10163.png,9.0_1.0_5.0,6,38,33,65,27,27,3
10164.png,7.0_9.0,3,27,22,41,14,19,2
10165.png,5.0_4.0,14,62,51,116,54,37,2
10166.png,6.0_9.0,11,52,55,84,32,44,2
10167.png,8.0,1,30,34,45,15,33,1
10168.png,6.0,39,131,122,165,34,83,1
10169.png,4.0_7.0,1,26,33,56,30,32,2
1017.png,4.0_7.0,5,33,28,61,28,23,2
10170.png,6.0_8.0,5,27,27,50,23,22,2
10171.png,4.0_1.0_8.0,19,63,44,95,32,25,3
10172.png,4.0_8.0,6,34,31,54,20,25,2
10173.png,7.0,21,66,79,111,45,58,1
10174.png,6.0,2,24,23,34,10,21,1
10175.png,1.0_3.0_3.0,7,46,45,93,47,38,3
10176.png,2.0_5.0_5.0_4.0,1,9,12,32,23,11,4
10177.png,4.0_1.0,2,27,27,48,21,25,2
10178.png,7.0,4,20,22,29,9,18,1
10179.png,2.0_7.0_1.0_7.0,1,11,13,37,26,12,4
1018.png,5.0,9,1,73,29,28,64,1
10180.png,5.0_7.0,1,39,59,104,65,58,2
10181.png,4.0,5,30,37,50,20,32,1
10182.png,3.0_2.0,5,33,36,62,29,31,2
10183.png,4.0_7.0,22,100,131,176,76,109,2
10184.png,2.0_7.0_10.0_6.0,6,37,44,105,68,38,4
10185.png,2.0_4.0,5,53,73,157,104,68,2
10186.png,2.0,8,26,30,39,13,22,1
10187.png,7.0,10,82,102,125,43,92,1
10188.png,1.0,8,43,51,57,14,43,1
10189.png,1.0_9.0_7.0,12,58,67,108,50,55,3
1019.png,3.0_8.0,8,35,36,56,21,28,2
10190.png,3.0_10.0,7,43,55,98,55,48,2
10191.png,7.0,14,64,78,101,37,64,1
10192.png,2.0_1.0_10.0_7.0,1,21,22,69,48,21,4
10193.png,1.0_10.0_10.0,4,26,32,70,44,28,3
10194.png,1.0,6,30,29,38,8,23,1
10195.png,8.0_5.0,66,109,125,181,72,59,2
10196.png,3.0,2,19,20,30,11,18,1
10197.png,1.0_4.0_8.0,7,40,39,81,41,32,3
10198.png,3.0_9.0,3,28,31,53,25,28,2
10199.png,4.0_5.0_10.0,14,106,49,147,41,35,3
102.png,3.0_5.0,9,58,65,93,35,56,2
1020.png,2.0_9.0,4,30,35,67,37,31,2
10200.png,1.0_10.0,3,27,25,42,15,22,2
10201.png,9.0_6.0,11,37,30,62,25,19,2
10202.png,2.0_9.0,1,12,13,24,12,12,2
10203.png,1.0_10.0_6.0_6.0,14,63,64,171,108,50,4
10204.png,1.0_9.0,9,43,52,86,43,43,2
10205.png,1.0_5.0_7.0,10,37,39,68,31,29,3
10206.png,4.0_7.0_6.0,20,103,88,189,86,68,3
10207.png,6.0_6.0,13,59,70,124,65,57,2
10208.png,4.0_10.0_8.0,14,53,50,106,53,36,3
10209.png,3.0_10.0,13,45,42,68,23,29,2
1021.png,2.0_3.0,4,17,24,36,19,20,2
10210.png,2.0_5.0_6.0,21,76,50,104,28,29,3
10211.png,7.0,25,80,73,111,31,48,1
10212.png,1.0_2.0_9.0,13,65,63,133,68,50,3
10213.png,7.0_2.0,33,66,67,100,34,34,2
10214.png,1.0_3.0_7.0,2,30,41,76,46,39,3
10215.png,1.0_5.0,2,28,33,55,27,31,2
10216.png,5.0_5.0_10.0,34,174,117,272,98,83,3
10217.png,4.0_10.0,10,36,35,61,25,25,2
10218.png,1.0_5.0_10.0,2,30,36,64,34,34,3
10219.png,3.0_9.0,4,27,33,56,29,29,2
1022.png,2.0_2.0_10.0,3,32,36,70,38,33,3
10220.png,3.0_5.0,3,38,49,91,53,46,2
10221.png,5.0_6.0,3,61,71,113,52,68,2
10222.png,4.0,4,29,24,39,10,20,1
10223.png,7.0_5.0,1,21,25,42,21,24,2
10224.png,6.0,10,41,49,55,14,39,1
10225.png,1.0_6.0,5,35,41,58,23,36,2
10226.png,1.0_10.0,2,35,46,64,29,44,2
10227.png,2.0_9.0,3,30,34,58,28,31,2
10228.png,3.0_5.0_1.0,8,42,36,80,38,28,3
10229.png,2.0_2.0_9.0,7,37,35,71,34,28,3
1023.png,6.0_6.0,12,47,42,82,35,30,2
10230.png,1.0_10.0_7.0,7,31,28,56,25,21,3
10231.png,2.0_9.0,12,74,90,135,61,78,2
10232.png,7.0_4.0_3.0,7,74,45,139,65,38,3
10233.png,1.0_5.0,7,41,49,78,37,42,2
10234.png,5.0_10.0,1,30,36,58,28,35,2
10235.png,3.0_10.0,7,36,32,59,23,25,2
10236.png,6.0,6,36,30,45,9,24,1
10237.png,1.0_1.0,6,45,54,86,41,48,2
10238.png,7.0_5.0,3,37,50,91,54,47,2
10239.png,3.0,18,43,42,54,11,24,1
1024.png,1.0_10.0,8,58,71,121,63,63,2
10240.png,2.0_3.0_10.0_5.0,89,82,145,171,89,56,4
10241.png,2.0_9.0,20,87,98,159,72,78,2
10242.png,2.0_5.0_3.0,8,52,40,94,42,32,3
10243.png,2.0_7.0,8,42,38,64,22,30,2
10244.png,1.0_7.0,9,37,49,61,24,40,2
10245.png,5.0_1.0_1.0,3,32,35,75,43,32,3
10246.png,3.0_4.0,4,37,63,99,62,59,2
10247.png,2.0_2.0_3.0,16,73,82,174,101,66,3
10248.png,3.0_4.0_8.0,6,31,25,57,26,19,3
10249.png,5.0_7.0,6,26,34,52,26,28,2
1025.png,3.0,6,37,37,57,20,31,1
10250.png,2.0_4.0_3.0_5.0,2,16,17,49,33,15,4
10251.png,7.0,7,38,38,56,18,31,1
10252.png,1.0_7.0_8.0,9,108,86,182,74,77,3
10253.png,2.0_4.0,2,21,18,35,14,16,2
10254.png,3.0_2.0_1.0,10,37,44,90,53,34,3
10255.png,1.0_6.0,6,36,47,65,29,41,2
10256.png,1.0_7.0,6,35,36,58,23,30,2
10257.png,2.0_4.0_9.0,5,33,37,76,43,32,3
10258.png,1.0_4.0_8.0,18,205,99,307,102,81,3
10259.png,5.0,9,23,21,30,7,12,1
1026.png,1.0_1.0,9,52,63,91,39,54,2
10260.png,4.0_10.0,5,37,46,75,38,41,2
10261.png,1.0_1.0,34,69,54,90,21,20,2
10262.png,2.0_5.0,8,23,24,38,15,16,2
10263.png,3.0_4.0_2.0_1.0,2,28,38,117,89,36,4
10264.png,7.0_1.0,8,51,62,86,35,54,2
10265.png,9.0_10.0_8.0,29,58,61,95,37,32,3
10266.png,2.0_9.0_5.0,7,103,35,156,53,28,3
10267.png,4.0,8,44,45,66,22,37,1
10268.png,4.0_4.0,1,13,17,28,15,16,2
10269.png,8.0_9.0,17,50,58,94,44,41,2
1027.png,9.0_7.0_3.0,14,52,77,106,54,63,3
10270.png,8.0_9.0,9,43,51,79,36,42,2
10271.png,2.0_3.0,15,92,107,221,129,92,2
10272.png,1.0_9.0_10.0,11,98,117,235,137,106,3
10273.png,4.0_5.0,1,16,19,30,14,18,2
10274.png,1.0_10.0,6,35,37,67,32,31,2
10275.png,8.0_8.0,86,169,121,207,38,35,2
10276.png,6.0_4.0,8,36,43,83,47,35,2
10277.png,5.0_2.0,10,56,49,92,36,39,2
10278.png,7.0_2.0,1,23,22,40,17,21,2
10279.png,7.0_9.0,2,14,14,26,12,12,2
1028.png,2.0_8.0,6,21,29,42,21,23,2
10280.png,2.0_1.0_10.0,1,14,18,37,23,17,3
10281.png,9.0,8,38,29,55,17,21,1
10282.png,2.0_4.0_8.0,17,63,68,150,87,51,3
10283.png,4.0_10.0,1,22,23,40,18,22,2
10284.png,10.0,1,26,20,35,9,19,1
10285.png,3.0_1.0,10,36,38,83,47,28,2
10286.png,2.0_4.0_3.0_10.0,10,0,44,72,72,34,4
10287.png,4.0_8.0_2.0_5.0,5,31,28,61,30,23,4
10288.png,8.0_7.0_5.0,11,71,41,107,36,30,3
10289.png,2.0_8.0,2,17,20,42,25,18,2
1029.png,3.0_1.0_2.0,27,116,58,164,48,31,3
10290.png,1.0_5.0_9.0,19,17,109,75,58,90,3
10291.png,2.0_2.0,4,20,31,44,24,27,2
10292.png,5.0_3.0,5,37,63,107,70,58,2
10293.png,5.0_7.0,9,49,61,98,49,52,2
10294.png,6.0_1.0,11,43,41,71,28,30,2
10295.png,1.0_2.0_9.0,5,22,29,51,29,24,3
10296.png,1.0_2.0_6.0,6,23,26,44,21,20,3
10297.png,6.0_2.0,4,74,98,174,100,94,2
10298.png,2.0,72,88,116,130,42,44,1
10299.png,7.0_10.0_10.0,35,82,69,163,81,34,3
103.png,7.0,2,54,30,74,20,28,1
1030.png,1.0_10.0_7.0,15,49,35,80,31,20,3
10300.png,3.0_8.0,6,32,40,65,33,34,2
10301.png,2.0_7.0,20,86,78,164,78,58,2
10302.png,2.0_8.0,7,47,59,109,62,52,2
10303.png,2.0_7.0_4.0,1,28,44,96,68,43,3
10304.png,1.0_6.0_6.0,3,23,25,53,30,22,3
10305.png,8.0_4.0,11,72,40,103,31,29,2
10306.png,4.0_6.0,9,63,72,108,45,63,2
10307.png,2.0_4.0,5,25,29,48,23,24,2
10308.png,1.0_1.0_1.0,10,50,69,93,43,59,3
10309.png,2.0_4.0_10.0,14,48,40,84,36,26,3
1031.png,1.0_10.0_1.0,4,56,58,130,74,54,3
10310.png,1.0_1.0_2.0,2,15,17,32,17,15,3
10311.png,9.0_8.0,14,51,54,77,26,40,2
10312.png,1.0_6.0,1,18,24,31,13,23,2
10313.png,9.0_10.0_2.0,23,73,53,119,46,30,3
10314.png,1.0_10.0,10,61,42,87,26,32,2
10315.png,2.0_10.0_9.0,6,36,48,78,42,42,3
10316.png,2.0_3.0,9,31,31,57,26,22,2
10317.png,4.0_9.0,5,32,37,63,31,32,2
10318.png,2.0_1.0,5,28,32,44,16,27,2
10319.png,1.0_9.0,7,29,32,54,25,25,2
1032.png,1.0_10.0_3.0,1,24,26,60,36,25,3
10320.png,6.0_4.0,5,31,33,63,32,28,2
10321.png,4.0_10.0,7,52,47,89,37,40,2
10322.png,2.0_4.0,2,26,29,52,26,27,2
10323.png,5.0,2,22,26,37,15,24,1
10324.png,1.0_2.0,2,26,24,45,19,22,2
10325.png,5.0_2.0,8,34,37,63,29,29,2
10326.png,1.0_4.0_10.0,18,81,57,121,40,39,3
10327.png,1.0_5.0_8.0,9,50,77,131,81,68,3
10328.png,2.0_4.0,2,25,29,51,26,27,2
10329.png,3.0_2.0,5,61,81,159,98,76,2
1033.png,1.0_9.0,6,39,42,69,30,36,2
10330.png,1.0_10.0_5.0,7,47,57,91,44,50,3
10331.png,5.0_6.0,11,74,93,128,54,82,2
10332.png,1.0_10.0,14,36,34,53,17,20,2
10333.png,2.0_3.0,8,0,41,19,19,33,2
10334.png,1.0_9.0,3,20,20,30,10,17,2
10335.png,3.0_1.0,15,66,84,126,60,69,2
10336.png,2.0_5.0_6.0,16,83,100,168,85,84,3
10337.png,3.0_8.0,15,104,131,192,88,116,2
10338.png,7.0_6.0,2,19,30,55,36,28,2
10339.png,3.0_6.0,15,62,71,125,63,56,2
1034.png,5.0,19,84,93,127,43,74,1
10340.png,3.0_2.0,5,46,57,98,52,52,2
10341.png,2.0_8.0,2,26,28,40,14,26,2
10342.png,2.0_6.0_1.0_10.0,8,46,48,124,78,40,4
10343.png,3.0_7.0,4,28,27,51,23,23,2
10344.png,9.0,8,105,84,151,46,76,1
10345.png,1.0_10.0_4.0,44,129,86,184,55,42,3
10346.png,4.0_7.0,23,38,65,73,35,42,2
10347.png,1.0_8.0,13,60,66,109,49,53,2
10348.png,6.0_5.0,3,25,31,48,23,28,2
10349.png,1.0_5.0,5,37,42,68,31,37,2
1035.png,1.0_7.0_10.0,2,27,34,61,34,32,3
10350.png,1.0_5.0_9.0,14,36,31,61,25,17,3
10351.png,5.0,16,68,75,93,25,59,1
10352.png,5.0,7,27,27,39,12,20,1
10353.png,8.0_5.0,5,24,25,55,31,20,2
10354.png,5.0,1,27,31,52,25,30,1
10355.png,1.0_8.0,3,18,15,31,13,12,2
10356.png,1.0_2.0,6,33,40,61,28,34,2
10357.png,5.0_5.0,6,67,49,112,45,43,2
10358.png,5.0_8.0,6,32,39,58,26,33,2
10359.png,8.0_7.0,19,66,61,103,37,42,2
1036.png,1.0_1.0,7,37,43,65,28,36,2
10360.png,2.0_7.0_6.0,13,112,126,245,133,113,3
10361.png,4.0,20,105,88,145,40,68,1
10362.png,1.0_4.0_7.0,15,58,61,92,34,46,3
10363.png,2.0_7.0_8.0,8,51,51,104,53,43,3
10364.png,3.0_7.0_4.0,9,51,64,180,129,55,3
10365.png,2.0_9.0,1,14,18,33,19,17,2
10366.png,4.0,5,24,21,33,9,16,1
10367.png,1.0_6.0,9,86,102,162,76,93,2
10368.png,1.0_3.0_9.0,11,84,69,132,48,58,3
10369.png,5.0_4.0,8,38,39,61,23,31,2
1037.png,7.0_1.0,9,53,42,76,23,33,2
10370.png,7.0_1.0,13,57,52,89,32,39,2
10371.png,2.0_3.0_1.0_8.0,1,14,21,50,36,20,4
10372.png,2.0_6.0,4,21,26,38,17,22,2
10373.png,3.0_1.0_8.0,3,23,26,48,25,23,3
10374.png,1.0_9.0_6.0_9.0,1,44,66,165,121,65,4
10375.png,4.0,1,25,30,47,22,29,1
10376.png,8.0_9.0,6,36,45,71,35,39,2
10377.png,1.0_2.0,6,41,38,64,23,32,2
10378.png,4.0_1.0,1,26,31,45,19,30,2
10379.png,5.0_8.0,1,19,30,45,26,29,2
1038.png,2.0_5.0,7,35,38,56,21,31,2
10380.png,8.0_3.0,6,59,81,145,86,75,2
10381.png,2.0_9.0,5,31,36,58,27,31,2
10382.png,8.0_2.0_3.0,47,90,74,131,41,27,3
10383.png,3.0_7.0,1,19,25,43,24,24,2
10384.png,3.0_5.0,12,60,63,103,43,51,2
10385.png,1.0_2.0,3,25,26,41,16,23,2
10386.png,1.0_3.0_8.0,5,84,68,144,60,63,3
10387.png,3.0_1.0,4,23,27,45,22,23,2
10388.png,1.0_10.0_6.0,2,30,30,53,23,28,3
10389.png,4.0,9,44,42,64,20,33,1
1039.png,1.0_2.0_4.0,1,26,30,52,26,29,3
10390.png,6.0_7.0,5,41,52,90,49,47,2
10391.png,5.0_2.0_5.0,3,24,30,54,30,27,3
10392.png,1.0_1.0_4.0,7,25,31,56,31,24,3
10393.png,2.0_6.0,3,27,37,52,25,34,2
10394.png,1.0,74,78,114,94,16,40,1
10395.png,1.0_4.0_1.0_1.0,2,11,16,38,27,14,4
10396.png,1.0_10.0_9.0_8.0,12,120,66,189,69,54,4
10397.png,8.0,5,37,21,43,6,16,1
10398.png,5.0,4,23,22,34,11,18,1
10399.png,2.0_7.0,5,26,30,47,21,25,2
104.png,1.0_10.0_4.0,12,67,89,148,81,77,3
1040.png,2.0_10.0,4,111,137,244,133,133,2
10400.png,1.0_5.0,4,34,36,54,20,32,2
10401.png,1.0_3.0,3,28,39,53,25,36,2
10402.png,5.0_3.0,33,96,67,132,36,34,2
10403.png,5.0,22,56,63,82,26,41,1
10404.png,1.0_2.0_6.0,53,102,91,146,44,38,3
10405.png,1.0_10.0_2.0,3,24,29,43,19,26,3
10406.png,6.0,4,26,28,43,17,24,1
10407.png,1.0_4.0,8,32,34,68,36,26,2
10408.png,2.0_9.0_4.0,1,13,23,48,35,22,3
10409.png,2.0_9.0,23,72,77,119,47,54,2
1041.png,1.0_5.0_8.0_10.0,14,47,53,126,79,39,4
10410.png,9.0,6,30,23,38,8,17,1
10411.png,3.0_6.0,28,79,74,117,38,46,2
10412.png,2.0_7.0_8.0,45,231,64,256,25,19,3
10413.png,1.0_6.0,2,20,24,39,19,22,2
10414.png,2.0_3.0,1,18,24,44,26,23,2
10415.png,1.0_4.0_1.0,5,23,26,46,23,21,3
10416.png,7.0_6.0,7,43,51,83,40,44,2
10417.png,2.0_10.0_8.0_2.0,1,29,37,85,56,36,4
10418.png,1.0_2.0_3.0,4,28,36,60,32,32,3
10419.png,3.0_5.0,18,94,100,207,113,82,2
1042.png,1.0_9.0_4.0,6,53,63,104,51,57,3
10420.png,6.0,5,27,34,40,13,29,1
10421.png,2.0_7.0,7,35,34,58,23,27,2
10422.png,9.0_5.0,13,59,68,120,61,55,2
10423.png,5.0_3.0,1,13,17,28,15,16,2
10424.png,2.0_3.0,5,18,17,34,16,12,2
10425.png,9.0_2.0_1.0,10,3,57,46,43,47,3
10426.png,2.0_9.0,3,14,20,29,15,17,2
10427.png,5.0,6,28,27,41,13,21,1
10428.png,8.0_7.0_8.0,13,45,38,75,30,25,3
10429.png,2.0_2.0,7,39,46,80,41,39,2
1043.png,9.0_8.0,7,48,49,80,32,42,2
10430.png,7.0,9,37,42,57,20,33,1
10431.png,4.0_9.0,2,16,19,30,14,17,2
10432.png,2.0_4.0_6.0,7,32,38,70,38,31,3
10433.png,5.0_2.0,17,88,99,195,107,82,2
10434.png,7.0_9.0,15,52,45,74,22,30,2
10435.png,1.0,8,66,74,86,20,66,1
10436.png,4.0_1.0,36,112,85,161,49,49,2
10437.png,7.0_9.0,3,26,28,42,16,25,2
10438.png,8.0_5.0,7,38,44,67,29,37,2
10439.png,1.0_7.0_1.0,8,63,73,177,114,65,3
1044.png,3.0_10.0_1.0,71,129,121,173,44,50,3
10440.png,6.0_1.0,3,31,32,49,18,29,2
10441.png,3.0_6.0,1,13,14,28,15,13,2
10442.png,1.0_5.0_4.0,1,20,30,48,28,29,3
10443.png,8.0_5.0,3,23,29,42,19,26,2
10444.png,1.0_1.0,1,25,31,50,25,30,2
10445.png,7.0_10.0_7.0,29,161,57,218,57,28,3
10446.png,4.0_7.0_4.0,1,20,26,53,33,25,3
10447.png,8.0_2.0,3,21,21,35,14,18,2
10448.png,2.0_9.0,16,68,67,107,39,51,2
10449.png,2.0_4.0_7.0,1,20,22,43,23,21,3
1045.png,3.0,9,35,41,53,18,32,1
10450.png,1.0_1.0_3.0_3.0,26,120,50,165,45,24,4
10451.png,1.0_10.0,3,29,37,45,16,34,2
10452.png,9.0,9,48,45,72,24,36,1
10453.png,1.0_8.0,8,30,29,51,21,21,2
10454.png,5.0_3.0,3,22,21,37,15,18,2
10455.png,1.0_8.0_9.0,9,47,42,77,30,33,3
10456.png,1.0_2.0,6,8,46,38,30,40,2
10457.png,8.0_7.0_10.0,22,69,47,104,35,25,3
10458.png,1.0_7.0_3.0,19,222,89,309,87,70,3
10459.png,2.0_7.0,2,37,46,80,43,44,2
1046.png,2.0_3.0,3,28,32,49,21,29,2
10460.png,2.0_7.0,2,26,30,59,33,28,2
10461.png,2.0_10.0_3.0,1,21,31,64,43,30,3
10462.png,1.0_10.0_10.0,5,18,17,32,14,12,3
10463.png,1.0_2.0_8.0,9,39,39,76,37,30,3
10464.png,9.0,5,31,41,55,24,36,1
10465.png,1.0,13,81,82,106,25,69,1
10466.png,8.0,6,41,46,62,21,40,1
10467.png,2.0_3.0,14,52,55,93,41,41,2
10468.png,4.0_7.0,7,58,60,92,34,53,2
10469.png,9.0_1.0,2,37,42,66,29,40,2
1047.png,1.0_2.0,9,44,54,81,37,45,2
10470.png,2.0_10.0_5.0,1,67,80,190,123,79,3
10471.png,9.0_4.0,2,59,48,102,43,46,2
10472.png,1.0_9.0_7.0,1,12,13,30,18,12,3
10473.png,1.0_8.0_6.0,2,24,23,43,19,21,3
10474.png,6.0_9.0,1,23,32,54,31,31,2
10475.png,2.0_7.0_8.0_7.0,4,21,22,60,39,18,4
10476.png,1.0_1.0,1,13,16,24,11,15,2
10477.png,4.0,5,39,42,60,21,37,1
10478.png,6.0_1.0,7,39,37,62,23,30,2
10479.png,1.0_4.0_2.0_4.0,1,18,21,57,39,20,4
1048.png,3.0,5,32,37,49,17,32,1
10480.png,2.0_2.0_3.0_10.0,4,39,47,90,51,43,4
10481.png,4.0_7.0,21,121,87,198,77,66,2
10482.png,4.0_10.0,5,27,28,49,22,23,2
10483.png,9.0_2.0,8,27,30,46,19,22,2
10484.png,1.0_7.0_1.0_10.0,7,22,21,50,28,14,4
10485.png,2.0_1.0,6,68,88,117,49,82,2
10486.png,4.0_2.0_10.0,18,9,51,46,37,33,3
10487.png,5.0,10,40,57,75,35,47,1
10488.png,1.0_2.0_9.0_9.0,57,89,90,129,40,33,4
10489.png,3.0_6.0,3,53,37,89,36,34,2
1049.png,8.0_6.0_6.0,15,53,41,88,35,26,3
10490.png,7.0_7.0,1,20,25,42,22,24,2
10491.png,2.0_2.0_7.0,9,57,64,95,38,55,3
10492.png,1.0_9.0,0,13,24,51,38,24,2
10493.png,8.0_2.0,7,32,43,72,40,36,2
10494.png,4.0,11,35,44,57,22,33,1
10495.png,6.0_1.0,6,21,19,33,12,13,2
10496.png,1.0_2.0,5,41,47,73,32,42,2
10497.png,4.0_4.0_6.0,35,111,92,167,56,57,3
10498.png,4.0_9.0_1.0,14,49,44,99,50,30,3
10499.png,4.0,2,22,18,28,6,16,1
105.png,1.0_4.0,10,83,113,197,114,103,2
1050.png,4.0_7.0,7,55,69,114,59,62,2
10500.png,1.0_10.0,6,43,47,86,43,41,2
10501.png,1.0_6.0,9,31,24,45,14,15,2
10502.png,1.0_10.0_2.0_2.0,10,61,75,124,63,65,4
10503.png,1.0_7.0_7.0,4,23,25,54,31,21,3
10504.png,3.0_10.0,4,29,29,49,20,25,2
10505.png,1.0,1,15,20,24,9,19,1
10506.png,5.0_10.0,4,29,34,47,18,30,2
10507.png,1.0_4.0_1.0,18,48,56,89,41,38,3
10508.png,1.0_5.0_3.0,20,87,89,165,78,69,3
10509.png,3.0,1,15,16,21,6,15,1
1051.png,8.0_5.0,2,21,29,42,21,27,2
10510.png,5.0_3.0,5,46,36,72,26,31,2
10511.png,1.0_3.0_10.0,5,31,42,85,54,37,3
10512.png,6.0,17,72,64,94,22,47,1
10513.png,2.0_1.0_10.0,1,20,25,54,34,24,3
10514.png,8.0,3,25,18,34,9,15,1
10515.png,6.0_1.0,7,19,22,39,20,15,2
10516.png,2.0_1.0_5.0_10.0,9,56,58,153,97,49,4
10517.png,9.0,1,21,34,40,19,33,1
10518.png,7.0,2,14,14,20,6,12,1
10519.png,5.0_10.0,3,27,30,57,30,27,2
1052.png,9.0,1,19,21,29,10,20,1
10520.png,2.0_4.0,6,44,54,87,43,48,2
10521.png,4.0,2,20,18,29,9,16,1
10522.png,2.0_7.0,1,14,18,25,11,17,2
10523.png,4.0_7.0,6,52,70,148,96,64,2
10524.png,4.0,4,22,27,35,13,23,1
10525.png,3.0_3.0,8,24,22,36,12,14,2
10526.png,1.0_1.0,5,29,33,43,14,28,2
10527.png,1.0,7,29,30,38,9,23,1
10528.png,2.0_8.0,4,30,38,67,37,34,2
10529.png,1.0_7.0,10,45,40,68,23,30,2
1053.png,3.0_9.0,11,56,75,117,61,64,2
10530.png,5.0_4.0,3,16,23,30,14,20,2
10531.png,9.0,2,32,33,49,17,31,1
10532.png,1.0,2,21,24,31,10,22,1
10533.png,2.0_4.0,4,21,25,33,12,21,2
10534.png,5.0_2.0,6,39,43,77,38,37,2
10535.png,4.0_7.0_5.0,12,40,45,74,34,33,3
10536.png,1.0_10.0_10.0,3,10,47,71,61,44,3
10537.png,2.0,5,32,36,49,17,31,1
10538.png,8.0,26,118,141,180,62,115,1
10539.png,4.0_6.0,2,17,27,57,40,25,2
1054.png,1.0_9.0_7.0_9.0,1,20,24,56,36,23,4
10540.png,1.0_2.0_4.0,11,62,63,119,57,52,3
10541.png,7.0,13,187,66,236,49,53,1
10542.png,1.0_2.0_8.0,8,35,35,69,34,27,3
10543.png,1.0_7.0,5,42,45,81,39,40,2
10544.png,3.0_3.0_2.0,14,52,42,84,32,28,3
10545.png,1.0_7.0_2.0_3.0,19,85,81,142,57,62,4
10546.png,2.0_5.0,1,21,25,43,22,24,2
10547.png,4.0_5.0,4,29,31,62,33,27,2
10548.png,5.0_10.0_9.0,3,20,23,52,32,20,3
10549.png,9.0_1.0_6.0,3,48,50,107,59,47,3
1055.png,7.0,15,40,46,56,16,31,1
10550.png,1.0_6.0_1.0,6,38,51,93,55,45,3
10551.png,4.0_9.0,6,22,26,41,19,20,2
10552.png,3.0_8.0,9,37,37,64,27,28,2
10553.png,6.0_7.0,5,35,49,77,42,44,2
10554.png,5.0_3.0,11,31,27,50,19,16,2
10555.png,6.0_8.0_5.0,6,15,44,66,51,38,3
10556.png,3.0_2.0,7,31,32,49,18,25,2
10557.png,2.0_5.0,1,16,19,35,19,18,2
10558.png,8.0_7.0,14,59,55,95,36,41,2
10559.png,4.0_1.0,10,51,37,84,33,27,2
1056.png,9.0_6.0,4,24,19,37,13,15,2
10560.png,4.0_3.0,6,43,51,86,43,45,2
10561.png,7.0_7.0,6,39,43,63,24,37,2
10562.png,9.0_9.0,2,35,40,65,30,38,2
10563.png,6.0_10.0,4,56,72,126,70,68,2
10564.png,2.0_3.0_5.0,25,73,91,220,147,66,3
10565.png,6.0_6.0_9.0,32,129,135,273,144,103,3
10566.png,7.0_4.0,4,17,21,29,12,17,2
10567.png,4.0_2.0,14,64,75,123,59,61,2
10568.png,3.0_10.0,6,24,24,36,12,18,2
10569.png,5.0,7,39,24,47,8,17,1
1057.png,7.0_10.0,2,16,22,41,25,20,2
10570.png,5.0,10,37,35,50,13,25,1
10571.png,1.0_7.0,3,26,31,55,29,28,2
10572.png,1.0,2,17,18,23,6,16,1
10573.png,4.0_1.0,6,28,31,52,24,25,2
10574.png,2.0_10.0,6,22,25,46,24,19,2
10575.png,3.0_10.0,4,27,36,49,22,32,2
10576.png,7.0_2.0,11,38,40,67,29,29,2
10577.png,5.0_4.0,2,23,29,52,29,27,2
10578.png,1.0_10.0_10.0,27,209,86,268,59,59,3
10579.png,5.0_9.0,6,29,24,51,22,18,2
1058.png,1.0_7.0,9,38,46,82,44,37,2
10580.png,2.0,4,37,27,49,12,23,1
10581.png,9.0,7,26,34,41,15,27,1
10582.png,7.0_3.0,4,29,34,52,23,30,2
10583.png,2.0,5,58,71,90,32,66,1
10584.png,3.0_9.0,3,18,15,31,13,12,2
10585.png,6.0_7.0,16,43,42,68,25,26,2
10586.png,1.0_2.0_3.0,19,102,62,151,49,43,3
10587.png,1.0_1.0_1.0,1,17,21,39,22,20,3
10588.png,8.0,3,19,27,31,12,24,1
10589.png,2.0,2,27,22,37,10,20,1
1059.png,9.0_1.0,2,44,52,77,33,50,2
10590.png,1.0_3.0,10,50,73,106,56,63,2
10591.png,4.0_5.0_3.0,19,74,48,113,39,29,3
10592.png,4.0_7.0,1,13,16,29,16,15,2
10593.png,6.0_2.0,6,29,32,60,31,26,2
10594.png,8.0_8.0,20,87,45,128,41,25,2
10595.png,2.0_10.0,9,49,62,127,78,53,2
10596.png,1.0_7.0,15,95,102,145,50,87,2
10597.png,8.0,22,67,74,91,24,52,1
10598.png,1.0_6.0_3.0,14,72,59,120,48,45,3
10599.png,6.0,2,20,24,33,13,22,1
106.png,1.0_4.0,12,37,29,60,23,17,2
1060.png,1.0_9.0,15,51,38,72,21,23,2
10600.png,6.0,5,24,27,35,11,22,1
10601.png,2.0_9.0,1,14,17,35,21,16,2
10602.png,2.0_7.0,18,67,67,110,43,49,2
10603.png,5.0_1.0_3.0,18,82,85,146,64,67,3
10604.png,1.0_10.0,1,15,18,30,15,17,2
10605.png,2.0_3.0,1,16,20,33,17,19,2
10606.png,2.0_10.0_3.0,14,68,102,197,129,88,3
10607.png,1.0_4.0,5,38,34,53,15,29,2
10608.png,3.0_1.0,5,19,21,32,13,16,2
10609.png,2.0_4.0_1.0,5,26,25,45,19,20,3
1061.png,4.0_10.0_10.0,19,70,51,109,39,32,3
10610.png,2.0_2.0_4.0,31,128,110,282,154,79,3
10611.png,1.0_4.0,9,58,79,131,73,70,2
10612.png,2.0_3.0,7,29,34,52,23,27,2
10613.png,1.0_9.0_7.0,22,83,82,120,37,60,3
10614.png,1.0_2.0_1.0,40,175,93,231,56,53,3
10615.png,1.0_10.0,4,26,31,44,18,27,2
10616.png,3.0_5.0,1,40,49,90,50,48,2
10617.png,2.0_5.0_6.0_9.0,23,106,123,208,102,100,4
10618.png,3.0_3.0,2,26,31,52,26,29,2
10619.png,2.0_5.0_2.0_7.0,5,28,22,59,31,17,4
1062.png,4.0_6.0,37,141,154,213,72,117,2
10620.png,5.0_3.0,1,16,20,31,15,19,2
10621.png,3.0_4.0_7.0,39,177,72,221,44,33,3
10622.png,2.0_5.0_7.0,7,28,28,61,33,21,3
10623.png,2.0_10.0,9,43,38,76,33,29,2
10624.png,1.0_3.0_2.0,3,54,67,129,75,64,3
10625.png,2.0_10.0_9.0,3,20,17,42,22,14,3
10626.png,1.0_1.0_2.0,15,83,104,186,103,89,3
10627.png,5.0_8.0_10.0,23,64,77,131,67,54,3
10628.png,7.0_3.0,14,47,53,85,38,39,2
10629.png,1.0,5,24,25,34,10,20,1
1063.png,4.0_3.0,2,23,17,36,13,15,2
10630.png,2.0,5,35,42,55,20,37,1
10631.png,3.0_1.0,18,54,54,90,36,36,2
10632.png,1.0_6.0_4.0_9.0,24,62,68,108,46,44,4
10633.png,1.0_8.0_2.0_7.0,4,20,24,54,34,20,4
10634.png,4.0,29,77,237,247,170,208,1
10635.png,6.0,4,31,29,44,13,25,1
10636.png,2.0,10,28,31,38,10,21,1
10637.png,2.0,6,23,18,29,6,12,1
10638.png,5.0_10.0_10.0,2,20,24,49,29,22,3
10639.png,5.0_1.0,3,24,27,48,24,24,2
1064.png,5.0_5.0_8.0,20,109,124,240,131,104,3
10640.png,2.0_4.0_5.0,4,25,27,47,22,23,3
10641.png,5.0_2.0_2.0_1.0,55,92,102,153,61,47,4
10642.png,2.0_1.0_6.0,16,73,46,107,34,30,3
10643.png,3.0,3,18,19,28,10,16,1
10644.png,6.0_6.0,8,62,41,72,10,33,2
10645.png,5.0_5.0,5,26,31,49,23,26,2
10646.png,3.0_4.0_10.0,8,34,38,64,30,30,3
10647.png,1.0_1.0_10.0,6,27,24,51,24,18,3
10648.png,1.0_4.0,3,13,21,25,12,18,2
10649.png,3.0_4.0_10.0,8,40,34,70,30,26,3
1065.png,1.0_7.0,2,23,27,49,26,25,2
10650.png,6.0_2.0,2,16,19,37,21,17,2
10651.png,9.0,4,34,44,57,23,40,1
10652.png,4.0_3.0_8.0,30,86,103,194,108,73,3
10653.png,6.0,7,35,29,52,17,22,1
10654.png,9.0_2.0,6,44,56,92,48,50,2
10655.png,2.0_7.0,19,57,44,78,21,25,2
10656.png,7.0,5,24,30,35,11,25,1
10657.png,2.0_9.0,4,25,30,41,16,26,2
10658.png,2.0_4.0,6,27,25,38,11,19,2
10659.png,4.0_2.0,3,29,38,71,42,35,2
1066.png,6.0_8.0,2,17,24,39,22,22,2
10660.png,5.0_3.0,3,27,28,53,26,25,2
10661.png,4.0_5.0,25,51,61,92,41,36,2
10662.png,1.0,5,8,20,17,9,15,1
10663.png,1.0_10.0_4.0_1.0,78,177,111,253,76,33,4
10664.png,4.0_9.0,3,23,29,46,23,26,2
10665.png,1.0,3,11,31,20,9,28,1
10666.png,4.0_8.0,9,40,41,64,24,32,2
10667.png,5.0_9.0,2,19,21,37,18,19,2
10668.png,2.0_5.0,1,14,18,34,20,17,2
10669.png,5.0_6.0,1,23,28,46,23,27,2
1067.png,3.0_7.0,22,120,71,162,42,49,2
10670.png,2.0_3.0,9,55,65,115,60,56,2
10671.png,1.0_6.0_8.0_8.0,1,44,83,170,126,82,4
10672.png,1.0_8.0_3.0,16,62,47,105,43,31,3
10673.png,5.0_1.0,3,35,45,77,42,42,2
10674.png,4.0_8.0,4,33,32,65,32,28,2
10675.png,1.0_4.0,1,23,29,49,26,28,2
10676.png,5.0_3.0,40,123,91,173,50,51,2
10677.png,4.0,2,19,15,27,8,13,1
10678.png,2.0_10.0,9,52,61,103,51,52,2
10679.png,1.0_10.0,5,34,34,62,28,29,2
1068.png,1.0_6.0,6,19,26,40,21,20,2
10680.png,4.0_4.0,8,32,38,58,26,30,2
10681.png,2.0_7.0,1,13,17,27,14,16,2
10682.png,2.0_9.0,1,19,22,46,27,21,2
10683.png,5.0_10.0_3.0,25,93,72,147,54,47,3
10684.png,2.0_9.0,2,19,21,36,17,19,2
10685.png,4.0_8.0,1,23,25,52,29,24,2
10686.png,1.0_5.0_4.0,7,33,40,87,54,33,3
10687.png,4.0_4.0,2,29,32,54,25,30,2
10688.png,3.0_6.0,2,22,26,44,22,24,2
10689.png,9.0_7.0,5,40,43,71,31,38,2
1069.png,7.0,3,26,38,51,25,35,1
10690.png,1.0_8.0,7,25,30,42,17,23,2
10691.png,4.0_3.0,11,43,45,77,34,34,2
10692.png,6.0_1.0,1,22,22,39,17,21,2
10693.png,1.0_1.0_10.0,5,22,25,47,25,20,3
10694.png,3.0_10.0,7,75,62,135,60,55,2
10695.png,7.0_4.0,11,35,34,54,19,23,2
10696.png,6.0_5.0,9,29,25,43,14,16,2
10697.png,9.0_8.0,29,106,98,179,73,69,2
10698.png,5.0_2.0,2,16,18,33,17,16,2
10699.png,6.0_1.0,3,30,33,53,23,30,2
107.png,5.0_2.0,13,49,45,80,31,32,2
1070.png,1.0_9.0,2,17,22,36,19,20,2
10700.png,8.0_2.0,2,28,30,52,24,28,2
10701.png,2.0_2.0,1,13,21,28,15,20,2
10702.png,2.0,3,21,23,36,15,20,1
10703.png,3.0_2.0,10,40,48,68,28,38,2
10704.png,1.0_4.0,1,12,15,24,12,14,2
10705.png,6.0_1.0_1.0,14,126,134,269,143,120,3
10706.png,8.0,2,34,21,44,10,19,1
10707.png,2.0_5.0,2,21,28,42,21,26,2
10708.png,7.0_7.0,10,43,38,76,33,28,2
10709.png,3.0_4.0,6,47,53,93,46,47,2
1071.png,9.0_10.0,70,163,96,188,25,26,2
10710.png,1.0_10.0_6.0,10,32,34,57,25,24,3
10711.png,7.0_8.0,5,37,40,75,38,35,2
10712.png,1.0_1.0_2.0,1,22,28,48,26,27,3
10713.png,1.0_3.0,1,22,28,43,21,27,2
10714.png,7.0_4.0,24,79,50,112,33,26,2
10715.png,3.0_9.0,6,29,38,69,40,32,2
10716.png,4.0_6.0,10,124,152,248,124,142,2
10717.png,4.0_6.0,6,36,34,61,25,28,2
10718.png,6.0,8,31,28,44,13,20,1
10719.png,5.0,12,58,55,85,27,43,1
1072.png,3.0_10.0_5.0,12,57,66,93,36,54,3
10720.png,1.0_1.0,1,14,16,26,12,15,2
10721.png,3.0_9.0,5,40,49,68,28,44,2
10722.png,6.0,1,23,26,38,15,25,1
10723.png,7.0_1.0_6.0,6,39,54,97,58,48,3
10724.png,8.0_4.0,1,17,22,44,27,21,2
10725.png,7.0_2.0,11,33,61,91,58,50,2
10726.png,3.0_7.0,7,37,33,60,23,26,2
10727.png,1.0_1.0_6.0,1,17,16,32,15,15,3
10728.png,1.0_3.0,39,103,80,143,40,41,2
10729.png,2.0_5.0_3.0,2,29,35,62,33,33,3
1073.png,2.0_10.0,4,30,42,63,33,38,2
10730.png,5.0_6.0,1,28,36,62,34,35,2
10731.png,1.0_6.0_2.0,7,39,45,85,46,38,3
10732.png,4.0,2,13,19,23,10,17,1
10733.png,1.0,14,56,61,73,17,47,1
10734.png,1.0_10.0_10.0,20,59,49,89,30,29,3
10735.png,2.0_1.0,2,22,26,45,23,24,2
10736.png,3.0_4.0_9.0,16,79,58,140,61,42,3
10737.png,1.0_7.0,9,44,45,82,38,36,2
10738.png,1.0_4.0,14,59,69,109,50,55,2
10739.png,1.0_4.0,2,16,19,28,12,17,2
1074.png,7.0_7.0_2.0,38,114,82,228,114,44,3
10740.png,4.0,1,17,17,29,12,16,1
10741.png,6.0_6.0,5,48,49,87,39,44,2
10742.png,3.0_4.0,1,23,24,47,24,23,2
10743.png,1.0_9.0,11,32,33,46,14,22,2
10744.png,3.0,1,14,14,24,10,13,1
10745.png,1.0_10.0_10.0,5,29,32,54,25,27,3
10746.png,1.0_4.0,5,37,46,65,28,41,2
10747.png,2.0,3,15,15,21,6,12,1
10748.png,3.0_1.0,6,53,63,75,22,57,2
10749.png,6.0,6,40,62,92,52,56,1
1075.png,4.0_8.0,4,28,34,59,31,30,2
10750.png,5.0_10.0,2,20,29,50,30,27,2
10751.png,4.0_10.0_2.0,9,41,43,73,32,34,3
10752.png,5.0_5.0,47,230,104,276,46,57,2
10753.png,7.0_1.0,4,33,35,57,24,31,2
10754.png,1.0_1.0_2.0,13,43,46,96,53,33,3
10755.png,1.0_5.0,4,23,27,46,23,23,2
10756.png,8.0_2.0,9,78,109,160,82,100,2
10757.png,5.0_10.0,6,29,31,64,35,25,2
10758.png,5.0_10.0,5,33,33,52,19,28,2
10759.png,7.0_10.0,7,29,37,61,32,30,2
1076.png,6.0,7,35,36,51,16,29,1
10760.png,3.0_7.0_9.0,1,30,38,71,41,37,3
10761.png,1.0_6.0_3.0,7,27,29,58,31,22,3
10762.png,4.0_4.0_10.0,41,214,85,274,60,44,3
10763.png,5.0_4.0_3.0,7,60,73,153,93,66,3
10764.png,3.0_2.0,6,34,40,60,26,34,2
10765.png,2.0_1.0,18,85,103,161,76,85,2
10766.png,1.0_8.0_3.0,14,75,84,148,73,70,3
10767.png,2.0_10.0,11,88,123,218,130,112,2
10768.png,3.0_9.0,4,32,32,61,29,28,2
10769.png,4.0_6.0,5,26,32,45,19,27,2
1077.png,1.0_10.0_3.0,20,162,54,192,30,34,3
10770.png,5.0,10,57,66,95,38,56,1
10771.png,1.0_1.0,5,21,19,34,13,14,2
10772.png,3.0_3.0,8,50,52,92,42,44,2
10773.png,3.0_8.0,2,36,50,93,57,48,2
10774.png,6.0,7,41,35,54,13,28,1
10775.png,4.0_4.0,12,47,45,78,31,33,2
10776.png,7.0_1.0,7,40,48,74,34,41,2
10777.png,4.0,5,48,44,72,24,39,1
10778.png,5.0_4.0,8,34,29,56,22,21,2
10779.png,8.0_2.0,15,40,34,62,22,19,2
1078.png,8.0,2,21,23,34,13,21,1
10780.png,4.0_1.0_10.0,15,60,59,98,38,44,3
10781.png,1.0_2.0_8.0,16,42,42,67,25,26,3
10782.png,7.0_6.0,4,26,33,54,28,29,2
10783.png,5.0_8.0,19,71,63,126,55,44,2
10784.png,4.0_8.0,7,25,28,40,15,21,2
10785.png,3.0_7.0,6,44,43,85,41,37,2
10786.png,1.0_6.0_10.0,12,73,54,123,50,42,3
10787.png,1.0_1.0_2.0,5,25,32,50,25,27,3
10788.png,6.0_6.0,2,34,25,50,16,23,2
10789.png,1.0_8.0_7.0_9.0,1,14,12,43,29,11,4
1079.png,1.0_6.0,16,101,84,161,60,68,2
10790.png,3.0_2.0,1,21,40,76,55,39,2
10791.png,1.0_4.0,10,43,42,68,25,32,2
10792.png,3.0_1.0_3.0,12,45,32,69,24,20,3
10793.png,6.0,3,21,21,31,10,18,1
10794.png,2.0_9.0,4,43,43,87,44,39,2
10795.png,1.0_7.0,5,39,45,66,27,40,2
10796.png,6.0_3.0,28,160,194,253,93,166,2
10797.png,2.0,4,30,35,48,18,31,1
10798.png,1.0_7.0_9.0,21,56,53,116,60,32,3
10799.png,2.0_2.0,10,111,64,158,47,54,2
108.png,2.0,3,28,30,42,14,27,1
1080.png,2.0_5.0_5.0,10,52,66,93,41,56,3
10800.png,3.0_10.0_10.0,3,50,55,82,32,52,3
10801.png,4.0_6.0,1,19,22,35,16,21,2
10802.png,3.0_5.0,3,18,23,35,17,20,2
10803.png,5.0_10.0,11,82,76,164,82,65,2
10804.png,3.0_4.0_9.0_6.0,18,51,53,109,58,35,4
10805.png,1.0_6.0,9,43,45,96,53,36,2
10806.png,5.0,30,114,78,138,24,48,1
10807.png,5.0,5,36,29,47,11,24,1
10808.png,2.0,3,21,31,38,17,28,1
10809.png,8.0_9.0,1,17,18,32,15,17,2
1081.png,1.0,9,86,66,109,23,57,1
10810.png,5.0,5,28,32,43,15,27,1
10811.png,1.0_10.0,30,158,220,347,189,190,2
10812.png,6.0_6.0,17,60,44,82,22,27,2
10813.png,2.0_10.0,14,57,76,125,68,62,2
10814.png,2.0,2,28,29,44,16,27,1
10815.png,8.0,5,30,30,49,19,25,1
10816.png,8.0,11,44,38,60,16,27,1
10817.png,2.0_1.0_2.0,4,35,41,77,42,37,3
10818.png,1.0_8.0_5.0,18,78,84,157,79,66,3
10819.png,4.0_3.0,20,61,44,89,28,24,2
1082.png,1.0_5.0_4.0,8,38,40,61,23,32,3
10820.png,2.0_3.0,11,49,56,102,53,45,2
10821.png,7.0_4.0,13,72,70,131,59,57,2
10822.png,1.0_2.0_1.0,56,221,131,289,68,75,3
10823.png,2.0_2.0_5.0,9,50,53,101,51,44,3
10824.png,5.0_3.0,5,111,154,269,158,149,2
10825.png,1.0_5.0_8.0,1,43,54,103,60,53,3
10826.png,1.0,7,42,44,65,23,37,1
10827.png,2.0_1.0,4,29,26,46,17,22,2
10828.png,5.0_2.0,2,30,34,60,30,32,2
10829.png,9.0_1.0,5,40,41,73,33,36,2
1083.png,2.0_3.0_1.0,6,51,52,106,55,46,3
10830.png,4.0_8.0,3,26,29,49,23,26,2
10831.png,1.0_8.0_8.0,14,45,54,93,48,40,3
10832.png,3.0_10.0,9,41,46,71,30,37,2
10833.png,1.0_4.0,1,15,17,30,15,16,2
10834.png,1.0_6.0_1.0,9,32,31,76,44,22,3
10835.png,3.0_8.0_10.0,1,33,45,90,57,44,3
10836.png,4.0_6.0,1,20,21,43,23,20,2
10837.png,1.0_5.0_9.0,19,71,59,114,43,40,3
10838.png,6.0_9.0_4.0,18,59,46,97,38,28,3
10839.png,2.0_2.0_6.0_7.0,6,74,46,137,63,40,4
1084.png,1.0_1.0,7,32,27,47,15,20,2
10840.png,6.0_1.0,7,73,103,156,83,96,2
10841.png,8.0_9.0,1,10,13,23,13,12,2
10842.png,2.0_1.0_7.0,13,54,63,112,58,50,3
10843.png,6.0_9.0,3,40,45,78,38,42,2
10844.png,4.0,3,44,36,59,15,33,1
10845.png,6.0_4.0,6,53,56,102,49,50,2
10846.png,1.0_1.0_1.0,24,60,80,118,58,56,3
10847.png,5.0,7,47,48,69,22,41,1
10848.png,1.0,2,19,18,26,7,16,1
10849.png,3.0_9.0,4,23,33,42,19,29,2
1085.png,9.0_9.0,6,32,40,57,25,34,2
10850.png,1.0_5.0,10,40,36,60,20,26,2
10851.png,8.0_7.0,17,77,54,111,34,37,2
10852.png,1.0_5.0_1.0,11,70,84,140,70,73,3
10853.png,1.0_8.0_7.0,18,66,64,111,45,46,3
10854.png,8.0_9.0,7,34,36,59,25,29,2
10855.png,9.0_7.0,6,30,29,53,23,23,2
10856.png,2.0,2,31,24,42,11,22,1
10857.png,2.0_6.0,6,67,80,135,68,74,2
10858.png,5.0,14,56,44,72,16,30,1
10859.png,1.0_1.0_10.0,6,28,29,52,24,23,3
1086.png,2.0_3.0_1.0,4,42,52,107,65,48,3
10860.png,1.0_2.0_7.0,16,78,59,119,41,43,3
10861.png,1.0_6.0_1.0,2,22,32,55,33,30,3
10862.png,7.0_1.0_10.0,12,161,72,206,45,60,3
10863.png,4.0_5.0,38,178,115,238,60,77,2
10864.png,5.0_7.0,1,12,14,28,16,13,2
10865.png,8.0,10,58,65,90,32,55,1
10866.png,1.0_2.0_7.0,1,30,33,73,43,32,3
10867.png,4.0_10.0,4,19,22,34,15,18,2
10868.png,9.0_5.0,2,28,35,55,27,33,2
10869.png,5.0_1.0_3.0,6,28,24,54,26,18,3
1087.png,5.0,4,24,28,37,13,24,1
10870.png,2.0_2.0_4.0_9.0,10,63,63,189,126,53,4
10871.png,4.0_8.0,1,31,56,107,76,55,2
10872.png,6.0_5.0,17,72,88,144,72,71,2
10873.png,4.0_10.0,1,20,25,44,24,24,2
10874.png,5.0,38,113,90,148,35,52,1
10875.png,2.0_4.0,3,20,19,46,26,16,2
10876.png,3.0,8,44,52,67,23,44,1
10877.png,1.0_4.0_2.0,7,37,39,83,46,32,3
10878.png,8.0_6.0,4,67,91,145,78,87,2
10879.png,2.0,21,91,91,115,24,70,1
1088.png,4.0_9.0,9,38,41,70,32,32,2
10880.png,2.0_5.0_8.0_2.0,3,26,29,65,39,26,4
10881.png,8.0_2.0,1,24,32,61,37,31,2
10882.png,5.0_9.0_4.0,3,22,29,61,39,26,3
10883.png,5.0_8.0,2,20,20,34,14,18,2
10884.png,5.0_8.0,2,24,26,43,19,24,2
10885.png,1.0_2.0_6.0,24,99,108,202,103,84,3
10886.png,2.0_4.0_9.0,27,44,76,123,79,49,3
10887.png,1.0_1.0,8,32,35,55,23,27,2
10888.png,3.0_10.0_2.0,22,118,63,199,81,41,3
10889.png,3.0,2,23,24,34,11,22,1
1089.png,3.0_4.0_7.0,19,155,73,227,72,54,3
10890.png,1.0_3.0_10.0_4.0,6,30,33,57,27,27,4
10891.png,3.0_2.0_3.0,4,44,62,109,65,58,3
10892.png,8.0,55,99,82,119,20,27,1
10893.png,1.0_2.0_6.0,3,21,25,49,28,22,3
10894.png,4.0_8.0,4,28,29,58,30,25,2
10895.png,1.0_5.0_6.0,13,58,54,119,61,41,3
10896.png,4.0_1.0,10,63,72,100,37,62,2
10897.png,1.0_1.0,17,57,56,83,26,39,2
10898.png,8.0_4.0,17,69,60,117,48,43,2
10899.png,1.0_10.0_6.0,3,34,33,60,26,30,3
109.png,3.0_10.0,10,38,39,71,33,29,2
1090.png,1.0_9.0_9.0,11,33,36,52,19,25,3
10900.png,1.0_7.0,21,80,85,138,58,64,2
10901.png,2.0_1.0,5,28,25,47,19,20,2
10902.png,1.0_1.0,5,27,34,41,14,29,2
10903.png,1.0_5.0,1,20,21,41,21,20,2
10904.png,2.0_7.0,5,34,36,57,23,31,2
10905.png,4.0_7.0,3,22,24,50,28,21,2
10906.png,1.0_2.0,2,23,24,50,27,22,2
10907.png,5.0_4.0,1,17,23,40,23,22,2
10908.png,8.0,17,99,97,147,48,80,1
10909.png,2.0_10.0,4,23,23,39,16,19,2
1091.png,1.0_1.0_5.0,19,81,105,150,69,86,3
10910.png,2.0_4.0,12,55,68,123,68,56,2
10911.png,4.0_2.0,5,20,24,40,20,19,2
10912.png,4.0_9.0,5,36,38,64,28,33,2
10913.png,6.0_3.0_7.0,3,24,28,59,35,25,3
10914.png,9.0,10,58,52,75,17,42,1
10915.png,2.0_6.0_3.0,9,38,36,85,47,27,3
10916.png,4.0,7,25,24,36,11,17,1
10917.png,1.0_7.0,10,48,47,72,24,37,2
10918.png,3.0_7.0,4,23,20,34,11,16,2
10919.png,1.0_10.0,4,25,32,68,43,28,2
1092.png,2.0_6.0,6,30,30,56,26,24,2
10920.png,5.0_4.0,4,51,60,105,54,56,2
10921.png,5.0_1.0,1,21,27,41,20,26,2
10922.png,3.0_9.0_5.0,2,24,23,49,25,21,3
10923.png,1.0_10.0,4,18,21,30,12,17,2
10924.png,2.0_5.0,1,28,39,74,46,38,2
10925.png,2.0_10.0,4,28,29,48,20,25,2
10926.png,7.0_7.0,6,24,24,39,15,18,2
10927.png,2.0,3,16,18,23,7,15,1
10928.png,5.0_3.0,1,64,78,117,53,77,2
10929.png,1.0_4.0,1,15,18,29,14,17,2
1093.png,1.0_1.0_4.0,10,60,67,117,57,57,3
10930.png,4.0_1.0,6,25,24,40,15,18,2
10931.png,4.0_10.0_4.0,16,121,89,243,122,73,3
10932.png,2.0_10.0_9.0,7,41,45,87,46,38,3
10933.png,3.0_1.0,4,21,22,34,13,18,2
10934.png,3.0,1,19,20,31,12,19,1
10935.png,3.0,38,63,96,90,27,58,1
10936.png,4.0_4.0_7.0,80,111,104,146,35,24,3
10937.png,8.0_4.0,4,32,29,56,24,25,2
10938.png,3.0_3.0_2.0,14,90,105,178,88,91,3
10939.png,6.0_4.0_10.0,1,10,12,25,15,11,3
1094.png,7.0_8.0,1,27,34,64,37,33,2
10940.png,3.0_3.0_8.0,3,22,28,54,32,25,3
10941.png,1.0,9,54,51,83,29,42,1
10942.png,1.0_5.0_6.0,15,64,63,134,70,48,3
10943.png,2.0_4.0,5,28,31,55,27,26,2
10944.png,1.0_10.0_1.0,6,32,29,53,21,23,3
10945.png,2.0_7.0_10.0,4,50,65,193,143,61,3
10946.png,8.0_4.0,4,29,30,56,27,26,2
10947.png,2.0_9.0_10.0,8,34,32,61,27,24,3
10948.png,4.0_8.0_4.0,10,36,34,67,31,24,3
10949.png,8.0,3,17,19,25,8,16,1
1095.png,4.0_5.0,5,28,30,49,21,25,2
10950.png,1.0_2.0_5.0_2.0,3,18,18,69,51,15,4
10951.png,6.0,6,26,29,41,15,23,1
10952.png,2.0_1.0,3,17,21,28,11,18,2
10953.png,1.0_4.0_10.0,23,164,70,240,76,47,3
10954.png,3.0,4,27,30,45,18,26,1
10955.png,2.0_4.0_7.0_8.0,1,15,15,43,28,14,4
10956.png,1.0_2.0_2.0,1,34,42,82,48,41,3
10957.png,6.0,4,36,34,51,15,30,1
10958.png,8.0,11,63,56,83,20,45,1
10959.png,5.0_4.0_10.0,1,23,29,50,27,28,3
1096.png,3.0_3.0_5.0,56,127,104,196,69,48,3
10960.png,6.0_3.0,1,20,20,34,14,19,2
10961.png,4.0_1.0_6.0,3,29,32,58,29,29,3
10962.png,4.0,4,26,32,37,11,28,1
10963.png,8.0_5.0,15,54,66,120,66,51,2
10964.png,6.0,14,72,82,117,45,68,1
10965.png,4.0_4.0_7.0,12,100,124,196,96,112,3
10966.png,9.0_6.0,5,39,39,74,35,34,2
10967.png,1.0_2.0,2,27,34,53,26,32,2
10968.png,8.0_8.0,5,28,30,46,18,25,2
10969.png,5.0,12,55,61,87,32,49,1
1097.png,4.0_2.0,16,60,40,87,27,24,2
10970.png,2.0_5.0_5.0,1,21,27,54,33,26,3
10971.png,7.0,5,46,37,61,15,32,1
10972.png,2.0_2.0_8.0,25,145,88,216,71,63,3
10973.png,1.0_2.0_6.0_3.0,3,13,16,46,33,13,4
10974.png,3.0_4.0,11,65,67,102,37,56,2
10975.png,1.0_2.0_9.0,22,165,53,214,49,31,3
10976.png,1.0_1.0_7.0,45,115,75,155,40,30,3
10977.png,4.0_1.0,1,13,13,24,11,12,2
10978.png,3.0_3.0_8.0,5,39,49,78,39,44,3
10979.png,3.0_5.0,1,15,22,39,24,21,2
1098.png,2.0_7.0,5,17,25,32,15,20,2
10980.png,5.0_2.0,15,97,77,161,64,62,2
10981.png,7.0_5.0,9,26,29,39,13,20,2
10982.png,7.0_8.0,4,27,29,49,22,25,2
10983.png,3.0_9.0,10,53,58,108,55,48,2
10984.png,2.0_4.0_7.0_4.0,7,22,23,48,26,16,4
10985.png,9.0,5,33,40,52,19,35,1
10986.png,4.0_7.0,5,20,21,32,12,16,2
10987.png,1.0_9.0,9,73,101,136,63,92,2
10988.png,2.0_2.0_9.0,10,50,60,134,84,50,3
10989.png,6.0,10,59,58,95,36,48,1
1099.png,3.0_1.0,13,80,100,130,50,87,2
10990.png,7.0_2.0,7,23,24,35,12,17,2
10991.png,3.0_10.0,13,46,51,81,35,38,2
10992.png,1.0_10.0_9.0,1,65,113,203,138,112,3
10993.png,1.0_9.0,4,29,27,56,27,23,2
10994.png,2.0_3.0,3,30,30,58,28,27,2
10995.png,9.0_6.0,3,64,79,117,53,76,2
10996.png,2.0_4.0,4,21,27,48,27,23,2
10997.png,2.0_6.0,4,29,32,59,30,28,2
10998.png,3.0_8.0_3.0,5,26,26,48,22,21,3
10999.png,9.0,8,72,51,88,16,43,1
11.png,2.0_3.0,4,22,31,42,20,27,2
110.png,6.0_3.0,1,16,19,38,22,18,2
1100.png,5.0_6.0,16,47,57,85,38,41,2
11000.png,2.0_9.0_6.0,5,44,45,113,69,40,3
11001.png,10.0_9.0,23,102,89,162,60,66,2
11002.png,2.0_4.0,7,38,38,63,25,31,2
11003.png,1.0_2.0_2.0,4,28,28,55,27,24,3
11004.png,1.0_10.0_8.0,27,136,152,242,106,125,3
11005.png,3.0,8,36,41,55,19,33,1
11006.png,1.0_2.0_7.0,1,29,92,139,110,91,3
11007.png,7.0,44,117,92,148,31,48,1
11008.png,8.0_7.0,2,23,27,43,20,25,2
11009.png,4.0,7,33,33,56,23,26,1
1101.png,1.0_6.0,3,35,44,66,31,41,2
11010.png,4.0_10.0,10,37,32,58,21,22,2
11011.png,3.0,1,50,54,78,28,53,1
11012.png,1.0_1.0_2.0_4.0,6,21,25,60,39,19,4
11013.png,6.0,9,33,55,57,24,46,1
11014.png,1.0,16,43,39,52,9,23,1
11015.png,1.0_8.0,3,26,32,47,21,29,2
11016.png,1.0_1.0_10.0,5,34,39,62,28,34,3
11017.png,5.0_2.0,37,142,98,205,63,61,2
11018.png,1.0_2.0_10.0,3,27,30,50,23,27,3
11019.png,3.0_7.0,2,29,47,55,26,45,2
1102.png,5.0_9.0,4,19,20,40,21,16,2
11020.png,2.0_2.0,4,30,35,65,35,31,2
11021.png,4.0_1.0,6,25,22,36,11,16,2
11022.png,1.0_5.0_1.0_9.0,1,10,13,38,28,12,4
11023.png,6.0_8.0_2.0,51,164,122,283,119,71,3
11024.png,1.0_4.0,7,32,40,64,32,33,2
11025.png,3.0_3.0,2,30,37,56,26,35,2
11026.png,3.0_7.0,15,55,58,85,30,43,2
11027.png,5.0,7,33,35,47,14,28,1
11028.png,3.0_4.0_6.0,131,312,207,419,107,76,3
11029.png,1.0_9.0_3.0,4,39,41,107,68,37,3
1103.png,2.0_4.0_2.0,12,75,78,156,81,66,3
11030.png,1.0_1.0_10.0,17,65,58,137,72,41,3
11031.png,1.0_1.0,25,99,126,228,129,101,2
11032.png,1.0_6.0_6.0,4,24,24,51,27,20,3
11033.png,2.0_10.0,2,31,42,58,27,40,2
11034.png,2.0,10,57,55,84,27,45,1
11035.png,4.0_5.0,2,38,51,85,47,49,2
11036.png,6.0_6.0,5,28,34,52,24,29,2
11037.png,4.0,10,43,45,64,21,35,1
11038.png,4.0_1.0,5,34,27,51,17,22,2
11039.png,1.0_7.0,1,16,16,28,12,15,2
1104.png,1.0_4.0,15,82,89,145,63,74,2
11040.png,7.0_7.0,11,72,72,123,51,61,2
11041.png,1.0,17,74,80,103,29,63,1
11042.png,2.0,6,28,27,38,10,21,1
11043.png,2.0_6.0,2,18,22,38,20,20,2
11044.png,3.0_8.0_3.0,3,41,62,102,61,59,3
11045.png,2.0_4.0,4,32,35,63,31,31,2
11046.png,1.0_1.0_2.0,9,32,28,63,31,19,3
11047.png,5.0_2.0_3.0,19,94,99,168,74,80,3
11048.png,6.0_2.0,24,100,94,172,72,70,2
11049.png,1.0_9.0_4.0,13,62,52,104,42,39,3
1105.png,7.0,6,38,44,60,22,38,1
11050.png,6.0_3.0,1,45,59,96,51,58,2
11051.png,1.0_9.0,40,209,256,419,210,216,2
11052.png,1.0_9.0,1,18,18,35,17,17,2
11053.png,1.0,7,37,45,57,20,38,1
11054.png,4.0_1.0,2,15,17,26,11,15,2
11055.png,8.0_7.0_1.0,24,69,49,103,34,25,3
11056.png,3.0,5,48,72,96,48,67,1
11057.png,2.0_3.0_6.0_7.0,16,31,45,86,55,29,4
11058.png,1.0,4,48,52,61,13,48,1
11059.png,4.0_1.0,1,27,27,47,20,26,2
1106.png,3.0_9.0,5,42,44,71,29,39,2
11060.png,5.0_4.0,7,38,41,62,24,34,2
11061.png,8.0_10.0,3,19,26,44,25,23,2
11062.png,3.0_3.0,4,27,31,53,26,27,2
11063.png,1.0_10.0,40,76,74,101,25,34,2
11064.png,1.0_1.0,3,31,36,54,23,33,2
11065.png,4.0_3.0,6,73,100,171,98,94,2
11066.png,7.0,5,47,35,53,6,30,1
11067.png,5.0,6,32,32,44,12,26,1
11068.png,2.0_2.0,8,32,36,61,29,28,2
11069.png,2.0_1.0,6,5,29,27,22,23,2
1107.png,4.0_9.0,33,179,75,217,38,42,2
11070.png,3.0_7.0,2,50,69,124,74,67,2
11071.png,2.0,5,39,49,65,26,44,1
11072.png,3.0_5.0,11,48,65,100,52,54,2
11073.png,6.0,2,18,17,28,10,15,1
11074.png,1.0_2.0,4,32,43,62,30,39,2
11075.png,2.0_8.0_2.0,10,47,55,118,71,45,3
11076.png,8.0,7,22,24,29,7,17,1
11077.png,3.0,1,62,52,92,30,51,1
11078.png,2.0_5.0_1.0_5.0,2,16,15,46,30,13,4
11079.png,9.0_2.0_10.0,18,177,103,298,121,85,3
1108.png,3.0_3.0_3.0,3,20,16,38,18,13,3
11080.png,5.0_7.0,1,23,34,53,30,33,2
11081.png,8.0,1,18,23,29,11,22,1
11082.png,2.0_2.0_1.0_8.0,1,16,20,49,33,19,4
11083.png,2.0_1.0,1,12,13,23,11,12,2
11084.png,6.0_10.0,3,21,26,41,20,23,2
11085.png,2.0_5.0,3,19,16,29,10,13,2
11086.png,6.0_5.0,1,40,54,79,39,53,2
11087.png,1.0_10.0,8,32,37,60,28,29,2
11088.png,3.0_2.0_6.0,9,46,33,82,36,24,3
11089.png,1.0_10.0_10.0_8.0,14,51,48,99,48,34,4
1109.png,1.0_2.0_2.0_3.0,1,11,14,47,36,13,4
11090.png,5.0_4.0,3,20,23,32,12,20,2
11091.png,1.0_1.0_1.0,2,26,29,46,20,27,3
11092.png,2.0_5.0_2.0,10,66,73,141,75,63,3
11093.png,1.0_2.0,7,49,59,98,49,52,2
11094.png,2.0,1,27,33,46,19,32,1
11095.png,2.0_1.0_6.0_7.0,3,17,19,45,28,16,4
11096.png,5.0_8.0,4,36,48,84,48,44,2
11097.png,1.0_9.0_2.0,31,111,94,186,75,63,3
11098.png,1.0_6.0_2.0,1,32,45,83,51,44,3
11099.png,9.0,24,149,75,179,30,51,1
111.png,9.0,8,23,28,34,11,20,1
1110.png,4.0_2.0,9,37,33,55,18,24,2
11100.png,9.0,5,35,31,46,11,26,1
11101.png,1.0_8.0,3,27,32,44,17,29,2
11102.png,2.0_4.0,3,23,26,56,33,23,2
11103.png,8.0,2,23,27,38,15,25,1
11104.png,1.0_3.0_10.0,34,59,60,94,35,26,3
11105.png,1.0_7.0,8,24,28,34,10,20,2
11106.png,5.0_2.0,22,65,54,87,22,32,2
11107.png,2.0_5.0_6.0,6,69,58,98,29,52,3
11108.png,2.0_8.0,4,27,30,50,23,26,2
11109.png,6.0_6.0,4,21,23,44,23,19,2
1111.png,2.0,3,14,16,21,7,13,1
11110.png,5.0_7.0,3,18,26,45,27,23,2
11111.png,5.0,8,44,49,68,24,41,1
11112.png,1.0_7.0_4.0,22,67,78,116,49,56,3
11113.png,4.0_8.0,10,41,44,80,39,34,2
11114.png,4.0_5.0,12,48,44,79,31,32,2
11115.png,4.0_9.0,4,34,44,71,37,40,2
11116.png,8.0,2,22,25,41,19,23,1
11117.png,5.0_6.0,7,75,94,166,91,87,2
11118.png,1.0_7.0_4.0,4,19,28,62,43,24,3
11119.png,2.0_1.0_9.0,21,88,65,156,68,44,3
1112.png,3.0_7.0,6,33,35,64,31,29,2
11120.png,9.0_8.0,1,16,12,29,13,11,2
11121.png,2.0_6.0,1,20,23,31,11,22,2
11122.png,2.0_5.0,5,26,25,41,15,20,2
11123.png,3.0_9.0_9.0,4,24,25,49,25,21,3
11124.png,3.0_6.0,4,39,36,76,37,32,2
11125.png,7.0_7.0,1,13,17,29,16,16,2
11126.png,6.0,7,47,54,75,28,47,1
11127.png,1.0_5.0,1,29,40,51,22,39,2
11128.png,2.0_2.0_3.0_1.0,1,13,15,55,42,14,4
11129.png,2.0_4.0_1.0,6,29,34,62,33,28,3
1113.png,1.0_8.0,4,29,29,45,16,25,2
11130.png,3.0,4,34,42,55,21,38,1
11131.png,2.0_6.0_3.0_4.0,1,15,15,44,29,14,4
11132.png,3.0_4.0,13,58,54,96,38,41,2
11133.png,4.0_3.0,3,18,25,33,15,22,2
11134.png,8.0_8.0,1,11,17,27,16,16,2
11135.png,1.0_1.0_3.0_2.0,7,28,37,79,51,30,4
11136.png,2.0,34,94,78,119,25,44,1
11137.png,9.0,7,27,25,38,11,18,1
11138.png,8.0_5.0_7.0,9,28,31,56,28,22,3
11139.png,1.0_7.0,14,63,59,92,29,45,2
1114.png,3.0,3,31,37,48,17,34,1
11140.png,2.0_5.0,5,29,33,54,25,28,2
11141.png,2.0_1.0,7,48,47,89,41,40,2
11142.png,1.0_1.0,1,18,24,36,18,23,2
11143.png,5.0_4.0,19,69,70,128,59,51,2
11144.png,4.0_6.0,1,22,31,39,17,30,2
11145.png,1.0_3.0_10.0_7.0,1,17,21,62,45,20,4
11146.png,4.0_8.0,13,97,76,156,59,63,2
11147.png,4.0_10.0,1,26,27,47,21,26,2
11148.png,5.0_10.0,9,40,40,65,25,31,2
11149.png,2.0_2.0,7,41,43,85,44,36,2
1115.png,4.0_3.0,5,53,64,99,46,59,2
11150.png,1.0_4.0_6.0,13,52,44,81,29,31,3
11151.png,2.0_5.0_2.0,0,14,18,32,18,18,3
11152.png,4.0_5.0,10,39,38,66,27,28,2
11153.png,1.0_2.0_7.0,12,62,60,134,72,48,3
11154.png,1.0_6.0_10.0,1,18,21,37,19,20,3
11155.png,4.0_5.0,3,24,26,40,16,23,2
11156.png,9.0_9.0,1,14,19,31,17,18,2
11157.png,7.0_1.0,1,22,26,45,23,25,2
11158.png,1.0_10.0_2.0,6,26,27,51,25,21,3
11159.png,4.0_9.0_3.0_10.0,8,61,55,120,59,47,4
1116.png,1.0_4.0_1.0_5.0,20,82,64,134,52,44,4
11160.png,3.0_10.0_3.0,21,144,56,180,36,35,3
11161.png,8.0_7.0_5.0,8,33,28,70,37,20,3
11162.png,1.0_8.0_10.0,5,33,43,84,51,38,3
11163.png,9.0_5.0,7,38,39,76,38,32,2
11164.png,1.0_6.0_2.0,4,40,50,82,42,46,3
11165.png,6.0_5.0,1,23,23,43,20,22,2
11166.png,5.0_2.0,7,41,48,96,55,41,2
11167.png,1.0_5.0,14,60,53,87,27,39,2
11168.png,2.0_5.0,11,80,59,114,34,48,2
11169.png,2.0,2,17,19,26,9,17,1
1117.png,1.0_6.0_6.0,43,133,92,197,64,49,3
11170.png,3.0_8.0,8,79,79,150,71,71,2
11171.png,2.0_9.0,40,155,148,310,155,108,2
11172.png,9.0_1.0,17,91,82,141,50,65,2
11173.png,6.0_10.0,4,24,25,38,14,21,2
11174.png,10.0_8.0_4.0,6,27,28,49,22,22,3
11175.png,6.0_3.0,30,76,72,121,45,42,2
11176.png,4.0_6.0_2.0,22,68,55,106,38,33,3
11177.png,4.0_8.0,5,35,40,86,51,35,2
11178.png,5.0_1.0,10,50,53,96,46,43,2
11179.png,1.0_1.0_10.0,16,140,88,204,64,72,3
1118.png,3.0_2.0,5,27,30,46,19,25,2
11180.png,1.0_2.0,10,42,46,75,33,36,2
11181.png,1.0_1.0_5.0,7,32,38,48,16,31,3
11182.png,9.0,18,98,124,148,50,106,1
11183.png,3.0_5.0,9,74,102,184,110,93,2
11184.png,9.0_4.0,4,27,34,58,31,30,2
11185.png,5.0,11,50,40,64,14,29,1
11186.png,3.0_4.0,5,17,17,34,17,12,2
11187.png,1.0_1.0_6.0,19,60,58,103,43,39,3
11188.png,3.0,7,32,35,50,18,28,1
11189.png,1.0_3.0_10.0,4,31,31,61,30,27,3
1119.png,7.0_2.0,8,25,26,44,19,18,2
11190.png,6.0,48,151,137,208,57,89,1
11191.png,7.0_6.0,19,108,137,173,65,118,2
11192.png,4.0_10.0_1.0,25,103,98,218,115,73,3
11193.png,2.0_3.0_10.0,9,49,62,107,58,53,3
11194.png,1.0_7.0,9,29,35,51,22,26,2
11195.png,4.0_1.0,3,27,29,42,15,26,2
11196.png,6.0_8.0,1,17,17,37,20,16,2
11197.png,5.0,4,26,30,44,18,26,1
11198.png,1.0_8.0_5.0,21,73,77,158,85,56,3
11199.png,2.0_8.0_10.0,68,130,122,222,92,54,3
112.png,1.0_8.0_7.0,1,31,43,82,51,42,3
1120.png,2.0_8.0,1,24,30,49,25,29,2
11200.png,1.0_3.0_1.0,16,63,72,130,67,56,3
11201.png,1.0_10.0,13,51,62,93,42,49,2
11202.png,2.0_9.0,23,91,92,173,82,69,2
11203.png,4.0_1.0,5,20,23,32,12,18,2
11204.png,4.0_9.0,4,34,44,72,38,40,2
11205.png,3.0,3,37,37,47,10,34,1
11206.png,6.0,7,83,101,153,70,94,1
11207.png,1.0_5.0,7,28,30,57,29,23,2
11208.png,4.0_7.0,2,15,20,32,17,18,2
11209.png,4.0_3.0_1.0,10,23,25,45,22,15,3
1121.png,2.0_10.0_7.0,8,39,36,92,53,28,3
11210.png,1.0_5.0_10.0_6.0,1,9,17,40,31,16,4
11211.png,6.0,21,0,57,23,23,36,1
11212.png,1.0_5.0,12,57,59,98,41,47,2
11213.png,9.0,1,25,28,40,15,27,1
11214.png,3.0,5,37,46,54,17,41,1
11215.png,1.0_4.0,5,31,46,75,44,41,2
11216.png,1.0_5.0,1,18,19,34,16,18,2
11217.png,5.0,7,33,32,44,11,25,1
11218.png,2.0_7.0,4,44,58,94,50,54,2
11219.png,8.0_6.0,1,24,28,49,25,27,2
1122.png,3.0_6.0,6,106,52,141,35,46,2
11220.png,2.0_1.0,9,37,53,69,32,44,2
11221.png,1.0_7.0,6,38,33,71,33,27,2
11222.png,3.0_1.0_10.0,11,39,35,71,32,24,3
11223.png,5.0_4.0,3,22,19,38,16,16,2
11224.png,9.0,2,27,36,49,22,34,1
11225.png,2.0_2.0_1.0,48,89,99,156,67,51,3
11226.png,3.0_8.0_8.0_10.0,44,123,92,206,83,48,4
11227.png,4.0_3.0,9,45,44,73,28,35,2
11228.png,2.0,4,22,22,34,12,18,1
11229.png,2.0_1.0_2.0,1,14,21,34,20,20,3
1123.png,6.0_4.0,1,31,34,58,27,33,2
11230.png,4.0_5.0_7.0,16,76,55,151,75,39,3
11231.png,3.0_7.0,3,39,53,95,56,50,2
11232.png,4.0_2.0,9,44,56,102,58,47,2
11233.png,5.0_1.0_5.0,7,23,23,45,22,16,3
11234.png,5.0_4.0,4,35,42,84,49,38,2
11235.png,9.0_2.0,1,17,18,32,15,17,2
11236.png,1.0_8.0_3.0,7,28,28,54,26,21,3
11237.png,1.0_8.0_7.0,15,56,54,100,44,39,3
11238.png,3.0_5.0_1.0,53,137,88,177,40,35,3
11239.png,1.0_1.0_5.0,15,63,67,105,42,52,3
1124.png,1.0_6.0_3.0,10,39,47,81,42,37,3
11240.png,2.0_2.0,6,27,36,46,19,30,2
11241.png,3.0_4.0,2,18,29,53,35,27,2
11242.png,1.0_9.0,1,14,15,25,11,14,2
11243.png,8.0_10.0,21,52,52,94,42,31,2
11244.png,1.0_1.0_7.0,13,46,46,85,39,33,3
11245.png,5.0_10.0,11,42,44,72,30,33,2
11246.png,3.0_10.0,2,62,79,134,72,77,2
11247.png,1.0_7.0_8.0_2.0,8,53,64,103,50,56,4
11248.png,5.0_4.0,1,14,21,36,22,20,2
11249.png,1.0_9.0_4.0,2,29,35,70,41,33,3
1125.png,5.0_1.0,9,40,45,69,29,36,2
11250.png,3.0_3.0_10.0,14,56,48,108,52,34,3
11251.png,7.0_1.0,21,56,54,79,23,33,2
11252.png,8.0_1.0,5,28,33,49,21,28,2
11253.png,3.0_4.0,10,46,43,67,21,33,2
11254.png,9.0,7,34,24,41,7,17,1
11255.png,3.0_3.0,17,59,57,95,36,40,2
11256.png,3.0_8.0_1.0,12,53,39,90,37,27,3
11257.png,7.0,21,19,68,39,20,47,1
11258.png,2.0_6.0,63,196,111,235,39,48,2
11259.png,1.0_1.0,14,65,79,102,37,65,2
1126.png,3.0_6.0,1,30,37,55,25,36,2
11260.png,8.0_5.0,1,28,36,69,41,35,2
11261.png,1.0_9.0,3,17,17,33,16,14,2
11262.png,3.0_5.0_9.0,2,23,29,51,28,27,3
11263.png,2.0_6.0,3,24,27,47,23,24,2
11264.png,3.0_2.0,11,35,40,63,28,29,2
11265.png,3.0_4.0_2.0,3,36,43,86,50,40,3
11266.png,1.0_1.0_10.0,1,10,13,23,13,12,3
11267.png,6.0_5.0,13,42,40,66,24,27,2
11268.png,3.0_4.0,11,39,29,64,25,18,2
11269.png,7.0_7.0,6,37,46,72,35,40,2
1127.png,3.0_5.0,3,16,21,32,16,18,2
11270.png,1.0_10.0_10.0,3,31,36,67,36,33,3
11271.png,1.0_3.0_4.0,4,28,30,68,40,26,3
11272.png,8.0_5.0,13,60,43,84,24,30,2
11273.png,5.0_7.0,1,34,37,65,31,36,2
11274.png,1.0_8.0_2.0,34,81,88,140,59,54,3
11275.png,2.0_8.0_3.0,68,112,128,216,104,60,3
11276.png,2.0_2.0,10,47,56,82,35,46,2
11277.png,5.0_4.0_1.0_10.0,4,20,21,48,28,17,4
11278.png,1.0_10.0_6.0,3,27,32,55,28,29,3
11279.png,3.0_1.0,3,22,22,36,14,19,2
1128.png,4.0_8.0,4,35,45,62,27,41,2
11280.png,3.0_1.0_4.0,20,97,83,163,66,63,3
11281.png,3.0_2.0,1,27,28,56,29,27,2
11282.png,2.0,6,45,53,68,23,47,1
11283.png,7.0_1.0_4.0,9,47,51,77,30,42,3
11284.png,4.0,9,33,27,40,7,18,1
11285.png,9.0_6.0,5,47,58,86,39,53,2
11286.png,4.0,2,18,25,36,18,23,1
11287.png,3.0_9.0_5.0,7,46,45,76,30,38,3
11288.png,6.0,5,27,33,41,14,28,1
11289.png,5.0_1.0,14,89,87,157,68,73,2
1129.png,2.0_6.0,10,51,67,126,75,57,2
11290.png,2.0_2.0_10.0,39,99,67,130,31,28,3
11291.png,5.0_3.0,25,128,143,190,62,118,2
11292.png,1.0_8.0,7,66,54,128,62,47,2
11293.png,5.0_5.0,14,43,37,65,22,23,2
11294.png,7.0_5.0_8.0,1,11,13,36,25,12,3
11295.png,6.0_8.0_3.0,23,82,60,134,52,37,3
11296.png,4.0_6.0,1,17,27,41,24,26,2
11297.png,4.0_4.0_9.0,2,17,16,41,24,14,3
11298.png,2.0_4.0,5,39,51,89,50,46,2
11299.png,3.0_10.0,5,20,27,46,26,22,2
113.png,1.0_3.0,1,19,24,39,20,23,2
1130.png,4.0,12,35,39,51,16,27,1
11300.png,1.0_8.0_1.0,5,32,30,50,18,25,3
11301.png,1.0_5.0,6,23,22,32,9,16,2
11302.png,1.0_3.0_7.0_8.0,1,17,14,45,28,13,4
11303.png,3.0_2.0,1,14,17,33,19,16,2
11304.png,1.0_5.0_6.0,4,22,23,46,24,19,3
11305.png,1.0_2.0_2.0,85,190,129,234,44,44,3
11306.png,1.0_3.0,14,48,38,67,19,24,2
11307.png,9.0,6,32,33,46,14,27,1
11308.png,1.0_2.0,4,20,32,44,24,28,2
11309.png,6.0_6.0,3,22,23,42,20,20,2
1131.png,1.0_4.0_10.0,88,113,124,152,39,36,3
11310.png,8.0,5,28,36,46,18,31,1
11311.png,2.0_4.0_5.0,23,181,66,235,54,43,3
11312.png,8.0_2.0_7.0,8,51,60,94,43,52,3
11313.png,8.0,13,74,61,111,37,48,1
11314.png,6.0_3.0,4,36,45,88,52,41,2
11315.png,7.0_6.0,2,19,20,35,16,18,2
11316.png,1.0_3.0,2,23,28,41,18,26,2
11317.png,1.0_2.0_2.0,7,48,58,123,75,51,3
11318.png,7.0,2,30,36,43,13,34,1
11319.png,1.0_3.0_8.0,17,44,61,98,54,44,3
1132.png,2.0_8.0,92,177,151,234,57,59,2
11320.png,1.0_3.0_5.0,5,26,31,57,31,26,3
11321.png,5.0_2.0,1,15,16,30,15,15,2
11322.png,3.0_1.0,5,21,24,39,18,19,2
11323.png,3.0_5.0,4,32,43,80,48,39,2
11324.png,6.0,4,47,35,67,20,31,1
11325.png,1.0_7.0,2,12,14,25,13,12,2
11326.png,2.0_2.0_2.0_6.0,1,20,22,70,50,21,4
11327.png,1.0_3.0_8.0,11,30,35,65,35,24,3
11328.png,5.0_6.0,5,33,44,80,47,39,2
11329.png,6.0_6.0_9.0,32,53,60,92,39,28,3
1133.png,1.0_3.0_4.0,17,69,62,152,83,45,3
11330.png,4.0_2.0,8,33,35,52,19,27,2
11331.png,7.0_3.0,34,29,169,123,94,135,2
11332.png,5.0_1.0,15,63,52,105,42,37,2
11333.png,2.0_10.0,12,42,43,70,28,31,2
11334.png,3.0_3.0,7,31,30,54,23,23,2
11335.png,1.0_7.0,12,50,44,73,23,32,2
11336.png,3.0_2.0_4.0,18,69,58,117,48,40,3
11337.png,6.0_10.0,1,33,41,71,38,40,2
11338.png,1.0_4.0,7,36,39,69,33,32,2
11339.png,7.0_8.0,4,18,18,29,11,14,2
1134.png,2.0_4.0,4,27,33,53,26,29,2
11340.png,3.0_9.0_7.0,30,233,77,290,57,47,3
11341.png,1.0_7.0_7.0_10.0,2,16,17,46,30,15,4
11342.png,5.0,10,67,61,103,36,51,1
11343.png,1.0_9.0,9,29,21,40,11,12,2
11344.png,7.0_9.0,4,40,56,93,53,52,2
11345.png,9.0_8.0,50,89,106,143,54,56,2
11346.png,8.0_5.0,2,16,15,29,13,13,2
11347.png,6.0,2,28,38,50,22,36,1
11348.png,2.0_6.0,25,132,131,258,126,106,2
11349.png,1.0_1.0_8.0,6,80,42,114,34,36,3
1135.png,3.0_3.0,3,34,39,80,46,36,2
11350.png,1.0_1.0_4.0,19,69,69,119,50,50,3
11351.png,7.0_9.0,5,46,59,106,60,54,2
11352.png,3.0_5.0,7,29,27,43,14,20,2
11353.png,1.0_3.0,7,38,43,53,15,36,2
11354.png,5.0_9.0,2,19,20,36,17,18,2
11355.png,2.0_10.0_9.0,8,35,34,67,32,26,3
11356.png,5.0_5.0,3,34,41,56,22,38,2
11357.png,7.0_5.0,2,22,27,45,23,25,2
11358.png,1.0_1.0,13,77,95,161,84,82,2
11359.png,5.0_4.0,9,50,47,80,30,38,2
1136.png,5.0_7.0,2,25,35,70,45,33,2
11360.png,1.0_8.0_6.0,16,51,42,84,33,26,3
11361.png,1.0_10.0,12,47,48,74,27,36,2
11362.png,8.0_7.0,4,30,31,51,21,27,2
11363.png,3.0_8.0,2,31,39,68,37,37,2
11364.png,1.0_2.0_1.0,3,17,15,37,20,12,3
11365.png,1.0_7.0,5,35,39,53,18,34,2
11366.png,9.0_9.0,4,43,56,103,60,52,2
11367.png,1.0_3.0,1,15,19,39,24,18,2
11368.png,2.0_2.0,3,24,28,47,23,25,2
11369.png,4.0_6.0,12,70,48,103,33,36,2
1137.png,1.0_9.0,11,64,54,102,38,43,2
11370.png,3.0_10.0_3.0,19,90,82,180,90,63,3
11371.png,8.0_5.0,6,39,51,76,37,45,2
11372.png,1.0_7.0_8.0_2.0,2,25,31,80,55,29,4
11373.png,2.0_7.0,2,19,20,29,10,18,2
11374.png,2.0_7.0,9,64,75,135,71,66,2
11375.png,2.0_6.0,2,43,52,100,57,50,2
11376.png,4.0,7,35,41,52,17,34,1
11377.png,2.0_3.0_7.0,6,27,32,73,46,26,3
11378.png,1.0_5.0_4.0,11,55,50,94,39,39,3
11379.png,2.0_6.0,1,19,24,41,22,23,2
1138.png,4.0_1.0_10.0,16,76,77,154,78,61,3
11380.png,1.0,2,20,20,27,7,18,1
11381.png,1.0_10.0_9.0,11,58,67,106,48,56,3
11382.png,4.0_5.0,1,13,19,32,19,18,2
11383.png,1.0_6.0,1,26,29,53,27,28,2
11384.png,4.0_2.0,12,65,82,128,63,70,2
11385.png,1.0_5.0,18,62,60,96,34,42,2
11386.png,2.0_8.0_2.0,7,26,27,45,19,20,3
11387.png,1.0_1.0,11,64,67,96,32,56,2
11388.png,2.0_4.0,9,57,75,126,69,66,2
11389.png,7.0_3.0_7.0,34,183,79,227,44,45,3
1139.png,1.0_10.0,13,40,33,61,21,20,2
11390.png,6.0_6.0,22,30,51,63,33,29,2
11391.png,7.0_8.0,5,22,17,39,17,12,2
11392.png,1.0_2.0_8.0,5,32,31,68,36,26,3
11393.png,2.0_2.0,5,28,31,50,22,26,2
11394.png,2.0_3.0_4.0,1,58,92,220,162,91,3
11395.png,1.0,4,31,24,37,6,20,1
11396.png,4.0_4.0,4,24,17,42,18,13,2
11397.png,6.0_3.0_6.0,1,18,23,50,32,22,3
11398.png,5.0_7.0,3,3,26,25,22,23,2
11399.png,1.0_1.0,9,39,37,62,23,28,2
114.png,1.0_9.0,4,29,34,47,18,30,2
1140.png,5.0_10.0,2,30,46,91,61,44,2
11400.png,3.0,13,45,46,63,18,33,1
11401.png,8.0_10.0,27,131,129,206,75,102,2
11402.png,1.0_4.0_10.0,11,48,50,100,52,39,3
11403.png,1.0_6.0_3.0,1,65,77,124,59,76,3
11404.png,6.0,11,40,30,58,18,19,1
11405.png,3.0_5.0,19,65,71,120,55,52,2
11406.png,4.0_6.0,15,49,60,87,38,45,2
11407.png,2.0_3.0_8.0_3.0,1,16,18,48,32,17,4
11408.png,2.0_1.0_6.0,1,16,19,42,26,18,3
11409.png,1.0_1.0_1.0,7,30,31,59,29,24,3
1141.png,2.0_1.0,2,30,39,63,33,37,2
11410.png,6.0_8.0,8,34,37,61,27,29,2
11411.png,3.0,3,34,21,43,9,18,1
11412.png,4.0_5.0,4,33,43,67,34,39,2
11413.png,8.0,6,30,30,42,12,24,1
11414.png,1.0_1.0_2.0,8,33,35,59,26,27,3
11415.png,2.0_1.0_8.0,1,20,25,60,40,24,3
11416.png,2.0_1.0_6.0,12,74,71,149,75,59,3
11417.png,4.0_6.0,1,28,32,58,30,31,2
11418.png,1.0_1.0,62,215,122,272,57,60,2
11419.png,4.0_3.0_3.0,1,19,18,38,19,17,3
1142.png,1.0_10.0,6,23,30,43,20,24,2
11420.png,3.0_10.0,6,39,57,86,47,51,2
11421.png,4.0,3,17,15,24,7,12,1
11422.png,2.0_1.0_3.0,6,19,24,43,24,18,3
11423.png,7.0_8.0,11,62,75,120,58,64,2
11424.png,8.0,1,17,21,29,12,20,1
11425.png,3.0_10.0,5,26,34,54,28,29,2
11426.png,8.0_4.0_9.0,21,85,83,145,60,62,3
11427.png,1.0_10.0_6.0,1,29,35,84,55,34,3
11428.png,7.0_10.0,10,57,74,140,83,64,2
11429.png,2.0_5.0,5,32,27,46,14,22,2
1143.png,1.0_3.0,2,26,31,47,21,29,2
11430.png,2.0_10.0,33,140,108,204,64,75,2
11431.png,2.0_9.0,5,34,35,55,21,30,2
11432.png,6.0,6,23,32,42,19,26,1
11433.png,3.0_1.0,10,45,54,78,33,44,2
11434.png,5.0_4.0,6,33,47,79,46,41,2
11435.png,3.0_9.0,2,20,23,37,17,21,2
11436.png,1.0_1.0_1.0,4,25,28,54,29,24,3
11437.png,2.0_9.0_4.0,3,25,25,64,39,22,3
11438.png,2.0_10.0_10.0,10,36,36,71,35,26,3
11439.png,1.0_7.0_7.0,1,26,39,63,37,38,3
1144.png,2.0_2.0,5,25,26,43,18,21,2
11440.png,1.0_4.0,32,142,149,239,97,117,2
11441.png,3.0_4.0,3,19,20,31,12,17,2
11442.png,4.0_2.0,18,89,104,181,92,86,2
11443.png,4.0_1.0_1.0,7,30,28,58,28,21,3
11444.png,6.0_6.0,13,83,83,162,79,70,2
11445.png,2.0_7.0,4,39,48,99,60,44,2
11446.png,4.0,8,21,20,29,8,12,1
11447.png,5.0,9,54,56,76,22,47,1
11448.png,2.0_5.0,3,27,29,46,19,26,2
11449.png,2.0_9.0,6,32,33,62,30,27,2
1145.png,2.0_4.0,36,108,79,157,49,43,2
11450.png,4.0_1.0,10,46,45,85,39,35,2
11451.png,2.0_4.0_9.0,1,25,31,61,36,30,3
11452.png,4.0,2,21,23,33,12,21,1
11453.png,2.0_3.0_4.0,1,20,24,52,32,23,3
11454.png,6.0_3.0,4,31,34,62,31,30,2
11455.png,1.0_1.0_1.0,4,32,29,58,26,25,3
11456.png,2.0_5.0_5.0,20,79,57,120,41,37,3
11457.png,9.0_3.0,2,28,28,43,15,26,2
11458.png,2.0_2.0_6.0,19,58,47,98,40,28,3
11459.png,3.0_6.0,1,34,47,78,44,46,2
1146.png,6.0_8.0,11,48,57,101,53,46,2
11460.png,1.0_6.0_10.0,15,67,63,124,57,48,3
11461.png,2.0_10.0,2,25,29,56,31,27,2
11462.png,1.0_8.0_2.0,101,135,151,183,48,50,3
11463.png,2.0_1.0_8.0,1,27,23,50,23,22,3
11464.png,6.0_10.0,11,67,65,122,55,54,2
11465.png,7.0_4.0,4,30,40,81,51,36,2
11466.png,7.0_8.0,5,49,70,124,75,65,2
11467.png,1.0_8.0_6.0,11,44,46,75,31,35,3
11468.png,9.0_4.0,1,13,11,24,11,10,2
11469.png,6.0,9,44,40,59,15,31,1
1147.png,5.0_9.0,1,35,32,73,38,31,2
11470.png,2.0_10.0,5,19,18,32,13,13,2
11471.png,1.0_10.0_10.0,1,15,18,40,25,17,3
11472.png,1.0_4.0,6,33,37,62,29,31,2
11473.png,9.0_7.0_7.0,14,63,54,113,50,40,3
11474.png,2.0_1.0_10.0,10,34,32,65,31,22,3
11475.png,4.0_5.0,9,61,54,136,75,45,2
11476.png,4.0,11,66,84,107,41,73,1
11477.png,4.0,15,83,80,129,46,65,1
11478.png,4.0_10.0,5,42,47,100,58,42,2
11479.png,2.0_3.0,8,47,52,81,34,44,2
1148.png,2.0_4.0_10.0,1,15,17,41,26,16,3
11480.png,5.0_7.0_2.0,11,53,57,110,57,46,3
11481.png,4.0_3.0,17,55,65,102,47,48,2
11482.png,9.0,1,27,35,40,13,34,1
11483.png,2.0_2.0,1,17,28,43,26,27,2
11484.png,1.0_8.0,15,59,61,88,29,46,2
11485.png,2.0_4.0_9.0,4,38,45,91,53,41,3
11486.png,3.0_5.0_4.0,14,56,58,150,94,44,3
11487.png,5.0,3,27,24,38,11,21,1
11488.png,5.0_7.0,2,22,31,55,33,29,2
11489.png,1.0_2.0_1.0,16,70,64,104,34,48,3
1149.png,2.0_7.0,9,38,46,59,21,37,2
11490.png,2.0,1,12,14,19,7,13,1
11491.png,3.0_2.0_7.0,3,26,29,49,23,26,3
11492.png,2.0_9.0,8,79,119,190,111,111,2
11493.png,9.0_7.0,2,22,28,38,16,26,2
11494.png,1.0_10.0,14,61,76,134,73,62,2
11495.png,1.0_7.0_2.0,3,28,34,53,25,31,3
11496.png,6.0,5,31,29,46,15,24,1
11497.png,1.0_9.0,13,48,49,72,24,36,2
11498.png,3.0_9.0,2,20,21,34,14,19,2
11499.png,2.0_8.0,1,17,20,32,15,19,2
115.png,3.0_2.0,1,26,27,51,25,26,2
1150.png,2.0_6.0_8.0,5,37,42,77,40,37,3
11500.png,5.0,3,36,28,54,18,25,1
11501.png,7.0_5.0,5,34,36,58,24,31,2
11502.png,1.0_8.0_3.0,3,26,31,51,25,28,3
11503.png,6.0_4.0,4,20,27,47,27,23,2
11504.png,4.0,1,14,12,20,6,11,1
11505.png,1.0_7.0_1.0_8.0,1,14,18,38,24,17,4
11506.png,1.0_3.0_7.0,12,37,42,63,26,30,3
11507.png,9.0_2.0,10,87,78,138,51,68,2
11508.png,1.0_4.0,10,26,43,58,32,33,2
11509.png,2.0_8.0,14,51,52,100,49,38,2
1151.png,9.0_3.0,2,19,20,35,16,18,2
11510.png,9.0,10,51,62,69,18,52,1
11511.png,1.0_4.0,1,66,95,165,99,94,2
11512.png,7.0,5,34,36,50,16,31,1
11513.png,6.0,8,42,57,69,27,49,1
11514.png,1.0_9.0,1,17,28,48,31,27,2
11515.png,2.0_9.0_6.0,19,109,139,246,137,120,3
11516.png,1.0_5.0,4,31,44,71,40,40,2
11517.png,1.0_5.0_1.0_10.0,1,12,13,40,28,12,4
11518.png,1.0_9.0,12,77,94,156,79,82,2
11519.png,3.0_3.0,3,18,24,38,20,21,2
1152.png,2.0_7.0,1,18,26,37,19,25,2
11520.png,1.0_2.0_9.0,1,25,34,72,47,33,3
11521.png,1.0_8.0_3.0,29,110,66,152,42,37,3
11522.png,1.0_10.0,1,25,37,51,26,36,2
11523.png,1.0_6.0,15,6,92,75,69,77,2
11524.png,7.0_1.0,4,40,45,62,22,41,2
11525.png,7.0_8.0,9,52,63,107,55,54,2
11526.png,3.0_9.0_1.0,1,25,25,47,22,24,3
11527.png,5.0_7.0,5,35,41,67,32,36,2
11528.png,1.0_2.0,5,32,33,62,30,28,2
11529.png,2.0_10.0,22,35,42,58,23,20,2
1153.png,9.0_3.0,5,55,64,110,55,59,2
11530.png,6.0_9.0_6.0,18,61,44,87,26,26,3
11531.png,1.0_6.0_7.0_8.0,1,21,26,74,53,25,4
11532.png,1.0_1.0_1.0,3,17,18,39,22,15,3
11533.png,9.0_10.0,4,15,17,29,14,13,2
11534.png,1.0_2.0_1.0,12,42,26,65,23,14,3
11535.png,2.0_1.0_10.0_7.0,37,139,72,183,44,35,4
11536.png,1.0_3.0_1.0,2,31,36,57,26,34,3
11537.png,1.0_10.0_2.0,14,53,45,88,35,31,3
11538.png,7.0_3.0,50,97,108,150,53,58,2
11539.png,5.0_4.0_1.0,12,67,48,120,53,36,3
1154.png,2.0,6,29,32,49,20,26,1
11540.png,6.0_1.0,4,28,28,47,19,24,2
11541.png,1.0_5.0,1,45,50,91,46,49,2
11542.png,1.0_8.0,2,20,25,35,15,23,2
11543.png,1.0,4,45,45,65,20,41,1
11544.png,3.0_5.0,3,13,16,25,12,13,2
11545.png,3.0_8.0,8,29,30,51,22,22,2
11546.png,4.0_2.0_9.0_1.0,12,39,34,68,29,22,4
11547.png,1.0_1.0,4,37,41,61,24,37,2
11548.png,1.0_3.0_1.0,32,150,57,176,26,25,3
11549.png,1.0_5.0,5,24,27,46,22,22,2
1155.png,5.0_6.0,1,37,45,79,42,44,2
11550.png,6.0_10.0,5,28,30,56,28,25,2
11551.png,1.0_4.0_7.0,1,23,29,47,24,28,3
11552.png,1.0_1.0,5,43,40,63,20,35,2
11553.png,8.0,80,170,115,194,24,35,1
11554.png,5.0_1.0,8,48,46,74,26,38,2
11555.png,8.0,20,85,78,124,39,58,1
11556.png,3.0_3.0_7.0,31,88,84,157,69,53,3
11557.png,6.0_6.0,8,35,35,63,28,27,2
11558.png,2.0_3.0_3.0,31,78,85,125,47,54,3
11559.png,2.0,10,57,51,77,20,41,1
1156.png,8.0_9.0,14,75,51,109,34,37,2
11560.png,1.0_1.0,10,70,78,122,52,68,2
11561.png,4.0_1.0,7,39,42,65,26,35,2
11562.png,2.0_5.0,8,54,55,98,44,47,2
11563.png,2.0_5.0,2,40,57,99,59,55,2
11564.png,2.0,5,28,26,43,15,21,1
11565.png,8.0_4.0,47,200,76,233,33,29,2
11566.png,4.0_6.0_3.0,12,61,68,138,77,56,3
11567.png,1.0_4.0_5.0,14,59,71,149,90,57,3
11568.png,3.0_10.0_9.0,4,20,44,74,54,40,3
11569.png,1.0_1.0_5.0,6,34,46,69,35,40,3
1157.png,1.0_3.0_5.0_1.0,17,98,66,192,94,49,4
11570.png,7.0,17,69,66,91,22,49,1
11571.png,1.0_5.0_3.0,21,24,75,119,95,54,3
11572.png,4.0,4,22,26,35,13,22,1
11573.png,3.0_9.0_1.0,26,121,101,229,108,75,3
11574.png,3.0_4.0,4,89,112,196,107,108,2
11575.png,3.0_10.0,1,14,13,28,14,12,2
11576.png,3.0_1.0,5,24,25,39,15,20,2
11577.png,8.0_3.0,4,27,28,47,20,24,2
11578.png,9.0,2,28,23,35,7,21,1
11579.png,1.0_2.0_6.0,84,103,172,214,111,88,3
1158.png,1.0_2.0,5,29,28,50,21,23,2
11580.png,7.0_1.0,4,27,30,48,21,26,2
11581.png,7.0,3,22,24,31,9,21,1
11582.png,7.0_4.0,6,35,42,73,38,36,2
11583.png,7.0_3.0,8,53,54,109,56,46,2
11584.png,2.0_3.0_6.0_9.0,4,26,29,60,34,25,4
11585.png,3.0_8.0_7.0,1,14,19,33,19,18,3
11586.png,4.0_1.0,12,39,33,58,19,21,2
11587.png,4.0_10.0_1.0,1,18,17,42,24,16,3
11588.png,5.0_8.0,6,58,77,98,40,71,2
11589.png,5.0,10,44,53,59,15,43,1
1159.png,9.0,3,16,29,38,22,26,1
11590.png,9.0_2.0,13,56,56,100,44,43,2
11591.png,7.0_1.0,9,46,49,76,30,40,2
11592.png,8.0,10,36,31,48,12,21,1
11593.png,1.0_3.0_5.0,11,61,72,100,39,61,3
11594.png,4.0_4.0,5,28,30,50,22,25,2
11595.png,1.0_7.0,4,23,27,35,12,23,2
11596.png,3.0_3.0,28,155,82,203,48,54,2
11597.png,1.0_1.0_7.0,2,25,29,43,18,27,3
11598.png,5.0_10.0,5,21,23,41,20,18,2
11599.png,7.0_4.0,7,47,59,112,65,52,2
116.png,5.0_1.0_3.0,11,27,26,49,22,15,3
1160.png,1.0_4.0_5.0_1.0,3,21,26,63,42,23,4
11600.png,2.0_1.0,1,16,18,31,15,17,2
11601.png,1.0_2.0_2.0,5,15,22,39,24,17,3
11602.png,3.0,4,17,25,28,11,21,1
11603.png,2.0_1.0_8.0,7,31,38,67,36,31,3
11604.png,7.0,9,49,49,69,20,40,1
11605.png,3.0_7.0,3,17,21,32,15,18,2
11606.png,5.0,7,27,33,42,15,26,1
11607.png,1.0_5.0,10,52,48,85,33,38,2
11608.png,5.0_3.0_8.0,2,22,26,47,25,24,3
11609.png,2.0_4.0_6.0,2,17,17,37,20,15,3
1161.png,3.0,39,120,69,132,12,30,1
11610.png,1.0_5.0_10.0,19,64,49,104,40,30,3
11611.png,8.0_3.0,33,109,61,148,39,28,2
11612.png,4.0_9.0,3,24,27,47,23,24,2
11613.png,1.0_7.0,2,38,54,91,53,52,2
11614.png,1.0_10.0_1.0,18,90,51,113,23,33,3
11615.png,7.0,2,27,31,41,14,29,1
11616.png,1.0_10.0_9.0,18,88,59,136,48,41,3
11617.png,1.0_10.0_1.0,5,44,50,100,56,45,3
11618.png,1.0_5.0_1.0,1,17,17,33,16,16,3
11619.png,2.0_3.0,4,31,32,50,19,28,2
1162.png,8.0_7.0,6,39,48,82,43,42,2
11620.png,1.0_4.0,9,83,79,141,58,70,2
11621.png,2.0_7.0,23,80,44,108,28,21,2
11622.png,2.0_8.0,3,49,63,98,49,60,2
11623.png,3.0_5.0,22,110,115,213,103,93,2
11624.png,1.0_10.0,1,29,29,57,28,28,2
11625.png,8.0,6,32,32,43,11,26,1
11626.png,1.0_1.0,3,17,21,35,18,18,2
11627.png,5.0_1.0,1,26,33,56,30,32,2
11628.png,6.0_5.0,13,155,94,236,81,81,2
11629.png,1.0_6.0,3,28,36,65,37,33,2
1163.png,4.0_7.0,15,50,55,115,65,40,2
11630.png,1.0_10.0_3.0,11,50,53,102,52,42,3
11631.png,2.0_6.0_5.0,5,36,36,79,43,31,3
11632.png,1.0_1.0_8.0,6,42,56,100,58,50,3
11633.png,6.0_1.0,11,40,41,65,25,30,2
11634.png,2.0_6.0,1,20,23,46,26,22,2
11635.png,4.0_6.0,15,77,73,116,39,58,2
11636.png,8.0_8.0,22,23,59,53,30,37,2
11637.png,2.0_7.0,96,254,166,290,36,70,2
11638.png,3.0_10.0,10,32,34,57,25,24,2
11639.png,5.0_3.0,6,32,36,63,31,30,2
1164.png,4.0_3.0_6.0,2,74,97,147,73,95,3
11640.png,6.0_8.0,8,33,32,54,21,24,2
11641.png,2.0,15,46,43,65,19,28,1
11642.png,1.0_10.0,8,53,62,86,33,54,2
11643.png,1.0_8.0,5,37,44,71,34,39,2
11644.png,5.0,3,26,32,45,19,29,1
11645.png,2.0,6,53,63,88,35,57,1
11646.png,4.0_1.0_6.0,15,38,72,110,72,57,3
11647.png,1.0,5,40,47,64,24,42,1
11648.png,1.0_5.0_5.0,16,58,63,115,57,47,3
11649.png,2.0_7.0,5,29,33,63,34,28,2
1165.png,5.0_6.0_5.0,10,40,36,73,33,26,3
11650.png,1.0,7,27,37,40,13,30,1
11651.png,2.0_6.0,34,99,64,127,28,30,2
11652.png,1.0,4,19,17,26,7,13,1
11653.png,2.0_4.0_1.0,3,27,36,56,29,33,3
11654.png,4.0,10,22,23,28,6,13,1
11655.png,6.0_10.0,8,42,45,90,48,37,2
11656.png,6.0_5.0,8,34,43,70,36,35,2
11657.png,2.0,16,57,53,77,20,37,1
11658.png,3.0_1.0_8.0,18,85,84,178,93,66,3
11659.png,1.0_6.0,5,27,26,42,15,21,2
1166.png,3.0_10.0_10.0,2,29,35,80,51,33,3
11660.png,5.0_1.0,10,58,70,102,44,60,2
11661.png,5.0_10.0,13,47,38,75,28,25,2
11662.png,8.0_10.0,14,53,54,83,30,40,2
11663.png,5.0_4.0_6.0,3,29,31,74,45,28,3
11664.png,3.0_8.0,16,61,75,109,48,59,2
11665.png,4.0_1.0,10,34,32,57,23,22,2
11666.png,2.0_10.0,31,142,181,228,86,150,2
11667.png,5.0_10.0,11,42,49,77,35,38,2
11668.png,4.0,11,35,28,50,15,17,1
11669.png,7.0_8.0,4,26,22,43,17,18,2
1167.png,2.0_1.0_9.0,13,58,50,123,65,37,3
11670.png,4.0_9.0,2,23,29,49,26,27,2
11671.png,2.0_3.0,9,31,34,64,33,25,2
11672.png,3.0_4.0,7,42,44,77,35,37,2
11673.png,6.0_1.0_4.0,0,13,20,41,28,20,3
11674.png,4.0,2,25,32,44,19,30,1
11675.png,5.0_10.0,9,64,86,115,51,77,2
11676.png,1.0_4.0,12,45,47,72,27,35,2
11677.png,2.0_10.0,10,44,53,88,44,43,2
11678.png,9.0_5.0,20,69,77,116,47,57,2
11679.png,1.0_8.0,16,62,72,113,51,56,2
1168.png,2.0_10.0_10.0_10.0,6,12,33,73,61,27,4
11680.png,4.0_6.0,1,21,20,44,23,19,2
11681.png,1.0_6.0,5,39,54,78,39,49,2
11682.png,9.0_8.0,7,42,52,83,41,45,2
11683.png,3.0_10.0_8.0,1,32,36,77,45,35,3
11684.png,4.0_8.0,3,44,48,69,25,45,2
11685.png,5.0_7.0,3,23,28,44,21,25,2
11686.png,2.0,4,35,50,66,31,46,1
11687.png,5.0,3,31,36,47,16,33,1
11688.png,2.0_2.0_10.0,10,49,59,122,73,49,3
11689.png,9.0,6,48,38,64,16,32,1
1169.png,1.0_10.0,2,32,32,57,25,30,2
11690.png,1.0_7.0,2,15,18,29,14,16,2
11691.png,9.0_1.0,22,77,57,109,32,35,2
11692.png,2.0_7.0,9,34,33,48,14,24,2
11693.png,7.0,7,32,42,54,22,35,1
11694.png,9.0,15,73,84,116,43,69,1
11695.png,6.0_6.0,6,29,25,52,23,19,2
11696.png,1.0_5.0_8.0,11,33,28,60,27,17,3
11697.png,6.0_10.0,2,27,26,58,31,24,2
11698.png,4.0,2,21,18,28,7,16,1
11699.png,2.0,1,16,17,24,8,16,1
117.png,4.0_8.0,8,145,158,311,166,150,2
1170.png,8.0_6.0,4,34,36,76,42,32,2
11700.png,3.0,3,30,33,53,23,30,1
11701.png,1.0_2.0,32,92,80,137,45,48,2
11702.png,2.0,8,36,46,55,19,38,1
11703.png,1.0_1.0_2.0,12,42,34,85,43,22,3
11704.png,2.0_10.0_6.0,1,15,19,39,24,18,3
11705.png,1.0_10.0_6.0,16,52,47,79,27,31,3
11706.png,6.0_6.0,9,39,34,70,31,25,2
11707.png,2.0_3.0_4.0,2,19,15,39,20,13,3
11708.png,1.0_4.0_7.0_2.0,16,68,55,120,52,39,4
11709.png,5.0_10.0,3,33,39,66,33,36,2
1171.png,4.0_10.0,4,24,32,59,35,28,2
11710.png,9.0,7,29,37,48,19,30,1
11711.png,1.0_1.0_9.0,5,43,58,109,66,53,3
11712.png,4.0,5,38,32,58,20,27,1
11713.png,2.0,4,17,19,24,7,15,1
11714.png,1.0_3.0_10.0,6,32,39,65,33,33,3
11715.png,7.0_4.0,2,19,19,34,15,17,2
11716.png,2.0,7,55,61,78,23,54,1
11717.png,1.0_4.0,8,41,47,90,49,39,2
11718.png,1.0_1.0,5,44,52,84,40,47,2
11719.png,1.0_8.0,5,44,52,71,27,47,2
1172.png,5.0_6.0,5,24,30,49,25,25,2
11720.png,4.0,6,32,28,42,10,22,1
11721.png,2.0_8.0_7.0,3,34,43,81,47,40,3
11722.png,3.0_5.0,5,55,58,113,58,53,2
11723.png,9.0_10.0,4,40,49,95,55,45,2
11724.png,7.0_3.0,5,30,29,59,29,24,2
11725.png,3.0_4.0_7.0,19,53,44,80,27,25,3
11726.png,2.0_6.0_2.0,14,54,108,125,71,94,3
11727.png,2.0,5,28,23,36,8,18,1
11728.png,9.0_2.0,1,24,18,39,15,17,2
11729.png,1.0_6.0_5.0,36,154,82,215,61,46,3
1173.png,3.0_10.0,4,23,30,44,21,26,2
11730.png,2.0_9.0,2,35,40,65,30,38,2
11731.png,2.0_6.0,4,19,27,40,21,23,2
11732.png,6.0,2,23,26,39,16,24,1
11733.png,2.0_7.0,7,65,78,124,59,71,2
11734.png,1.0_3.0_1.0,6,38,49,64,26,43,3
11735.png,3.0,3,19,22,26,7,19,1
11736.png,4.0_7.0,3,14,16,27,13,13,2
11737.png,3.0,6,34,33,54,20,27,1
11738.png,1.0_2.0_2.0,23,44,52,74,30,29,3
11739.png,6.0_8.0_4.0,28,121,114,209,88,86,3
1174.png,1.0_1.0_4.0,5,41,44,77,36,39,3
11740.png,1.0_4.0,3,18,16,28,10,13,2
11741.png,4.0_2.0,1,18,17,32,14,16,2
11742.png,3.0_5.0,1,25,32,60,35,31,2
11743.png,1.0_2.0,2,26,30,42,16,28,2
11744.png,1.0_7.0_7.0,7,77,61,119,42,54,3
11745.png,1.0_10.0,10,53,62,101,48,52,2
11746.png,1.0_9.0,5,30,29,58,28,24,2
11747.png,6.0,37,164,195,257,93,158,1
11748.png,2.0_9.0,13,102,134,240,138,121,2
11749.png,4.0,6,46,47,61,15,41,1
1175.png,1.0_8.0_2.0,14,43,55,105,62,41,3
11750.png,1.0_4.0_6.0,2,16,35,49,33,33,3
11751.png,8.0_4.0,11,44,42,71,27,31,2
11752.png,2.0_6.0,18,80,72,129,49,54,2
11753.png,5.0_1.0_4.0,11,28,32,62,34,21,3
11754.png,6.0,2,22,14,29,7,12,1
11755.png,9.0_7.0,21,68,59,101,33,38,2
11756.png,2.0,26,112,110,175,63,84,1
11757.png,7.0_4.0,7,26,28,39,13,21,2
11758.png,1.0_1.0,9,37,41,56,19,32,2
11759.png,3.0_6.0_3.0,1,29,34,78,49,33,3
1176.png,9.0_8.0,35,139,99,188,49,64,2
11760.png,8.0_1.0,30,145,106,240,95,76,2
11761.png,7.0_9.0,147,157,189,205,48,42,2
11762.png,3.0_8.0,3,20,22,40,20,19,2
11763.png,9.0_9.0,26,98,126,194,96,100,2
11764.png,9.0_5.0_1.0,35,128,98,202,74,63,3
11765.png,9.0,5,42,45,62,20,40,1
11766.png,1.0,11,58,62,78,20,51,1
11767.png,2.0_9.0,13,68,78,128,60,65,2
11768.png,3.0_3.0,2,20,19,35,15,17,2
11769.png,7.0,1,26,29,42,16,28,1
1177.png,6.0_5.0,1,12,16,29,17,15,2
11770.png,7.0_8.0,16,52,56,96,44,40,2
11771.png,1.0_6.0,26,76,61,111,35,35,2
11772.png,3.0_4.0,17,45,49,73,28,32,2
11773.png,3.0,13,0,67,31,31,54,1
11774.png,6.0_6.0,4,33,37,71,38,33,2
11775.png,8.0,1,26,25,39,13,24,1
11776.png,1.0_9.0,5,31,24,48,17,19,2
11777.png,1.0_4.0_5.0,6,30,44,81,51,38,3
11778.png,1.0_6.0_10.0,16,90,110,167,77,94,3
11779.png,1.0_6.0,5,31,29,50,19,24,2
1178.png,5.0_1.0,4,36,46,80,44,42,2
11780.png,1.0_1.0_6.0,6,1,54,49,48,48,3
11781.png,2.0_3.0_10.0_6.0,10,87,107,111,24,97,4
11782.png,1.0_4.0,1,51,99,142,91,98,2
11783.png,1.0_1.0_3.0,8,38,28,65,27,20,3
11784.png,1.0_10.0_10.0,9,57,32,92,35,23,3
11785.png,2.0_9.0_2.0_10.0,1,19,27,77,58,26,4
11786.png,6.0_4.0,9,35,36,66,31,27,2
11787.png,7.0_8.0_10.0,21,117,156,257,140,135,3
11788.png,5.0_1.0,1,20,23,32,12,22,2
11789.png,1.0_5.0_9.0,4,33,34,71,38,30,3
1179.png,2.0_4.0,8,36,40,55,19,32,2
11790.png,1.0_1.0,12,48,61,93,45,49,2
11791.png,4.0_2.0,2,22,16,32,10,14,2
11792.png,5.0_8.0,126,199,167,258,59,41,2
11793.png,1.0_4.0_2.0,5,24,24,45,21,19,3
11794.png,4.0_1.0_2.0,9,103,102,199,96,93,3
11795.png,2.0_2.0,4,31,37,61,30,33,2
11796.png,5.0,8,31,30,45,14,22,1
11797.png,1.0_7.0_4.0,4,21,26,42,21,22,3
11798.png,3.0_2.0,6,32,33,55,23,27,2
11799.png,5.0_9.0,2,26,30,52,26,28,2
118.png,3.0_4.0_2.0_1.0,1,13,17,47,34,16,4
1180.png,3.0_8.0,5,41,39,81,40,34,2
11800.png,5.0,13,44,47,67,23,34,1
11801.png,8.0,5,25,31,36,11,26,1
11802.png,2.0_10.0_10.0,2,19,19,43,24,17,3
11803.png,5.0_2.0,17,61,63,112,51,46,2
11804.png,4.0_8.0,11,11,38,31,20,27,2
11805.png,3.0_8.0,12,53,53,92,39,41,2
11806.png,5.0_8.0,5,18,24,33,15,19,2
11807.png,3.0,9,43,57,68,25,48,1
11808.png,2.0,4,30,24,41,11,20,1
11809.png,2.0,4,18,17,24,6,13,1
1181.png,1.0_1.0,3,13,17,28,15,14,2
11810.png,4.0,9,49,44,73,24,35,1
11811.png,4.0,8,45,42,76,31,34,1
11812.png,3.0_9.0,5,31,41,71,40,36,2
11813.png,1.0_10.0_5.0,8,75,85,143,68,77,3
11814.png,3.0_8.0,17,57,53,91,34,36,2
11815.png,4.0,21,98,76,119,21,55,1
11816.png,4.0,5,35,48,59,24,43,1
11817.png,1.0_2.0_1.0,3,22,22,39,17,19,3
11818.png,2.0_10.0,1,23,17,45,22,16,2
11819.png,5.0,29,158,183,240,82,154,1
1182.png,5.0_6.0_5.0,25,127,95,205,78,70,3
11820.png,2.0_6.0,6,49,47,85,36,41,2
11821.png,4.0_7.0_1.0,16,60,72,125,65,56,3
11822.png,6.0,5,18,24,30,12,19,1
11823.png,5.0,2,17,18,24,7,16,1
11824.png,1.0_8.0_3.0,3,53,39,126,73,36,3
11825.png,2.0_7.0,7,37,38,65,28,31,2
11826.png,9.0_7.0,5,37,48,83,46,43,2
11827.png,2.0_6.0,2,28,29,56,28,27,2
11828.png,1.0_10.0_5.0,29,87,85,168,81,56,3
11829.png,4.0_1.0,13,47,50,74,27,37,2
1183.png,1.0_2.0_10.0,6,23,29,56,33,23,3
11830.png,4.0,8,26,28,44,18,20,1
11831.png,1.0_6.0,6,29,31,52,23,25,2
11832.png,2.0_5.0_8.0_3.0,9,46,44,114,68,35,4
11833.png,1.0_1.0_3.0_8.0,67,154,111,195,41,44,4
11834.png,2.0_6.0_3.0,2,18,17,41,23,15,3
11835.png,2.0_6.0,6,31,40,62,31,34,2
11836.png,3.0_10.0,6,21,27,48,27,21,2
11837.png,2.0_9.0_8.0,1,21,30,46,25,29,3
11838.png,3.0_9.0_9.0,1,40,51,111,71,50,3
11839.png,1.0_7.0_2.0,6,38,43,68,30,37,3
1184.png,4.0_8.0,2,24,27,46,22,25,2
11840.png,1.0_2.0,18,72,77,128,56,59,2
11841.png,4.0_2.0_7.0,26,158,65,208,50,39,3
11842.png,2.0_2.0,9,41,43,76,35,34,2
11843.png,8.0_1.0,1,17,16,35,18,15,2
11844.png,4.0_4.0,21,65,84,124,59,63,2
11845.png,4.0_2.0,4,19,25,36,17,21,2
11846.png,1.0_7.0_6.0,6,30,29,54,24,23,3
11847.png,3.0_7.0_10.0,117,132,157,169,37,40,3
11848.png,2.0_6.0,7,23,26,47,24,19,2
11849.png,3.0,3,32,35,50,18,32,1
1185.png,1.0_3.0_1.0,2,21,27,40,19,25,3
11850.png,3.0_3.0,3,27,32,61,34,29,2
11851.png,2.0_9.0,3,32,41,94,62,38,2
11852.png,4.0_6.0,1,40,41,91,51,40,2
11853.png,2.0_9.0_6.0,7,28,29,65,37,22,3
11854.png,7.0_6.0,1,19,23,44,25,22,2
11855.png,2.0_2.0,6,29,33,58,29,27,2
11856.png,2.0_4.0_7.0_5.0,1,11,14,41,30,13,4
11857.png,1.0_3.0_1.0_4.0,3,26,24,59,33,21,4
11858.png,9.0,4,28,33,43,15,29,1
11859.png,1.0_7.0,7,47,69,86,39,62,2
1186.png,2.0_4.0,6,55,75,117,62,69,2
11860.png,2.0_3.0,1,67,83,156,89,82,2
11861.png,8.0,19,0,52,14,14,33,1
11862.png,1.0_10.0_4.0,12,36,47,86,50,35,3
11863.png,5.0_4.0_9.0,18,70,61,145,75,43,3
11864.png,5.0_2.0_7.0,9,56,73,112,56,64,3
11865.png,7.0_7.0,1,28,37,65,37,36,2
11866.png,3.0,3,20,20,29,9,17,1
11867.png,1.0_1.0,3,44,48,68,24,45,2
11868.png,1.0_2.0_3.0,7,20,19,42,22,12,3
11869.png,1.0_3.0_5.0,8,46,40,78,32,32,3
1187.png,5.0,3,30,39,46,16,36,1
11870.png,6.0_8.0,9,36,38,61,25,29,2
11871.png,1.0_5.0,5,37,47,70,33,42,2
11872.png,2.0_2.0,13,54,58,103,49,45,2
11873.png,5.0,4,40,48,59,19,44,1
11874.png,7.0_9.0,1,20,26,46,26,25,2
11875.png,8.0,30,90,74,115,25,44,1
11876.png,10.0_3.0,5,30,29,50,20,24,2
11877.png,4.0_8.0,18,77,76,144,67,58,2
11878.png,3.0_8.0,1,22,31,48,26,30,2
11879.png,2.0_10.0,16,58,44,93,35,28,2
1188.png,5.0_6.0,5,31,35,66,35,30,2
11880.png,2.0_5.0_5.0,10,75,45,118,43,35,3
11881.png,1.0_3.0,11,41,50,85,44,39,2
11882.png,7.0_6.0,2,21,13,33,12,11,2
11883.png,8.0,15,95,80,129,34,65,1
11884.png,3.0_1.0,5,28,34,54,26,29,2
11885.png,2.0_3.0_4.0,10,50,46,99,49,36,3
11886.png,4.0,1,25,27,45,20,26,1
11887.png,1.0,10,35,38,43,8,28,1
11888.png,8.0,7,27,37,44,17,30,1
11889.png,7.0_1.0,2,42,46,70,28,44,2
1189.png,3.0_3.0,16,49,46,80,31,30,2
11890.png,1.0_2.0_9.0,1,27,31,68,41,30,3
11891.png,1.0_6.0_3.0,5,26,54,75,49,49,3
11892.png,7.0_6.0,8,87,118,229,142,110,2
11893.png,6.0,9,39,51,63,24,42,1
11894.png,5.0_8.0,1,17,19,32,15,18,2
11895.png,1.0_7.0_6.0,5,39,40,83,44,35,3
11896.png,4.0,27,126,122,178,52,95,1
11897.png,6.0_10.0,3,36,57,98,62,54,2
11898.png,3.0_7.0_2.0,16,82,92,210,128,76,3
11899.png,5.0_3.0,16,48,36,72,24,20,2
119.png,3.0_2.0_3.0,33,91,103,174,83,70,3
1190.png,2.0_4.0_4.0_6.0,6,20,22,58,38,16,4
11900.png,2.0,4,23,20,33,10,16,1
11901.png,5.0_8.0,1,24,31,55,31,30,2
11902.png,9.0,16,89,70,122,33,54,1
11903.png,6.0,6,29,34,50,21,28,1
11904.png,3.0_9.0,11,61,65,113,52,54,2
11905.png,6.0_10.0,21,52,54,75,23,33,2
11906.png,1.0_8.0_10.0,17,81,80,159,78,63,3
11907.png,1.0_6.0_9.0,14,80,51,134,54,37,3
11908.png,5.0,6,50,45,67,17,39,1
11909.png,3.0_10.0,5,40,41,69,29,36,2
1191.png,1.0_4.0_6.0,8,45,50,99,54,42,3
11910.png,1.0,8,37,38,47,10,30,1
11911.png,1.0_9.0,25,49,58,87,38,33,2
11912.png,2.0_7.0_7.0,6,45,39,78,33,33,3
11913.png,1.0_7.0,8,36,28,58,22,20,2
11914.png,9.0_2.0,1,25,16,41,16,15,2
11915.png,2.0_9.0,7,31,36,74,43,29,2
11916.png,4.0_4.0,6,24,29,48,24,23,2
11917.png,1.0_9.0_6.0_9.0,2,26,39,64,38,37,4
11918.png,4.0_3.0_6.0,7,36,42,80,44,35,3
11919.png,9.0,6,42,55,69,27,49,1
1192.png,1.0,1,18,25,29,11,24,1
11920.png,5.0_2.0,8,37,44,68,31,36,2
11921.png,5.0_2.0,1,30,30,53,23,29,2
11922.png,1.0_8.0,9,31,31,57,26,22,2
11923.png,1.0_2.0,5,25,19,39,14,14,2
11924.png,7.0_9.0,14,65,57,109,44,43,2
11925.png,1.0_4.0,9,77,88,134,57,79,2
11926.png,2.0_7.0,4,37,39,80,43,35,2
11927.png,3.0_5.0_7.0,7,25,31,49,24,24,3
11928.png,1.0_1.0,45,121,138,183,62,93,2
11929.png,2.0_5.0,10,43,42,72,29,32,2
1193.png,1.0_8.0_4.0_2.0,38,63,77,131,68,39,4
11930.png,1.0_2.0_6.0,6,35,44,75,40,38,3
11931.png,3.0_6.0_1.0,1,23,30,74,51,29,3
11932.png,1.0_6.0_6.0,16,53,39,86,33,23,3
11933.png,7.0_2.0,1,30,36,77,47,35,2
11934.png,9.0_3.0,5,27,24,44,17,19,2
11935.png,5.0_9.0,8,38,36,67,29,28,2
11936.png,4.0,1,28,22,48,20,21,1
11937.png,2.0_8.0,19,61,67,103,42,48,2
11938.png,2.0_3.0,29,97,98,160,63,69,2
11939.png,7.0_10.0,1,44,64,103,59,63,2
1194.png,2.0_1.0_7.0,13,72,52,125,53,39,3
11940.png,2.0_10.0,13,84,85,153,69,72,2
11941.png,6.0,5,24,27,30,6,22,1
11942.png,1.0_8.0,5,31,41,83,52,36,2
11943.png,2.0_8.0_9.0,64,59,122,149,90,58,3
11944.png,8.0,2,35,43,54,19,41,1
11945.png,3.0_1.0,3,31,24,50,19,21,2
11946.png,1.0_2.0_6.0,17,108,92,205,97,75,3
11947.png,8.0_6.0,3,26,23,42,16,20,2
11948.png,4.0_2.0,5,45,52,70,25,47,2
11949.png,5.0,1,24,24,33,9,23,1
1195.png,1.0_8.0_7.0,11,46,42,88,42,31,3
11950.png,3.0_3.0,7,28,33,56,28,26,2
11951.png,7.0_5.0,4,23,30,48,25,26,2
11952.png,2.0_8.0,2,30,34,52,22,32,2
11953.png,1.0_6.0_3.0_4.0,38,150,71,192,42,33,4
11954.png,1.0,4,18,27,32,14,23,1
11955.png,8.0_9.0_5.0,15,58,40,113,55,25,3
11956.png,4.0_2.0,1,16,16,31,15,15,2
11957.png,2.0,2,37,48,57,20,46,1
11958.png,4.0_7.0_6.0,1,24,29,56,32,28,3
11959.png,1.0_6.0,2,22,29,49,27,27,2
1196.png,1.0_10.0,4,31,47,68,37,43,2
11960.png,1.0_7.0,1,12,12,26,14,11,2
11961.png,4.0_6.0,7,36,34,62,26,27,2
11962.png,5.0_2.0,13,64,77,136,72,64,2
11963.png,1.0_3.0_1.0,11,40,44,80,40,33,3
11964.png,3.0_8.0_3.0,12,41,32,70,29,20,3
11965.png,6.0_4.0_10.0,5,34,43,77,43,38,3
11966.png,4.0_9.0,4,27,30,46,19,26,2
11967.png,8.0_3.0,54,115,115,164,49,61,2
11968.png,2.0_5.0_2.0,3,21,30,55,34,27,3
11969.png,2.0,2,67,89,137,70,87,1
1197.png,2.0_3.0_3.0,1,20,26,46,26,25,3
11970.png,1.0_3.0_7.0,7,49,52,116,67,45,3
11971.png,1.0_2.0_4.0,1,23,27,40,17,26,3
11972.png,8.0,4,32,29,43,11,25,1
11973.png,7.0_1.0,8,51,47,80,29,39,2
11974.png,2.0_4.0_3.0,12,35,33,59,24,21,3
11975.png,1.0_3.0,5,43,51,78,35,46,2
11976.png,3.0_9.0,12,58,57,118,60,45,2
11977.png,7.0_3.0,13,60,69,132,72,56,2
11978.png,7.0,14,60,71,78,18,57,1
11979.png,3.0_6.0,42,101,66,130,29,24,2
1198.png,2.0_2.0_3.0,1,12,14,25,13,13,3
11980.png,2.0_6.0,1,12,14,27,15,13,2
11981.png,2.0_6.0,4,27,36,57,30,32,2
11982.png,1.0_7.0_6.0,3,37,34,69,32,31,3
11983.png,2.0_6.0_10.0,23,128,73,200,72,50,3
11984.png,3.0_9.0,26,91,67,134,43,41,2
11985.png,4.0_2.0_2.0,16,66,57,145,79,41,3
11986.png,2.0_6.0_1.0,9,44,51,83,39,42,3
11987.png,3.0_5.0_7.0,5,37,39,85,48,34,3
11988.png,4.0_4.0,17,66,69,99,33,52,2
11989.png,4.0_10.0,25,215,111,302,87,86,2
1199.png,2.0_8.0,9,62,90,129,67,81,2
11990.png,1.0_2.0,3,23,28,46,23,25,2
11991.png,5.0,1,30,38,46,16,37,1
11992.png,1.0_10.0,3,25,33,43,18,30,2
11993.png,6.0_6.0,5,24,25,40,16,20,2
11994.png,7.0,5,34,40,58,24,35,1
11995.png,1.0,10,37,42,49,12,32,1
11996.png,1.0_6.0,3,14,18,27,13,15,2
11997.png,3.0_5.0,1,26,33,60,34,32,2
11998.png,1.0_5.0,6,25,29,41,16,23,2
11999.png,2.0_8.0,6,25,23,37,12,17,2
12.png,6.0_3.0,16,67,72,110,43,56,2
120.png,5.0_1.0,20,65,60,101,36,40,2
1200.png,3.0_2.0,1,17,17,29,12,16,2
12000.png,1.0_6.0_2.0,3,24,28,53,29,25,3
12001.png,1.0_10.0,3,19,19,33,14,16,2
12002.png,1.0_7.0,3,54,71,107,53,68,2
12003.png,1.0_10.0_2.0,3,31,50,88,57,47,3
12004.png,5.0_6.0,6,40,47,83,43,41,2
12005.png,7.0_5.0,19,67,71,125,58,52,2
12006.png,4.0_10.0,5,23,21,37,14,16,2
12007.png,8.0_3.0,8,37,41,63,26,33,2
12008.png,2.0_3.0,6,47,45,96,49,39,2
12009.png,1.0_8.0,3,95,80,158,63,77,2
1201.png,9.0_5.0,7,43,57,101,58,50,2
12010.png,2.0_10.0_10.0,33,174,82,235,61,49,3
12011.png,2.0_4.0,12,42,46,83,41,34,2
12012.png,3.0_7.0,3,32,36,59,27,33,2
12013.png,3.0_6.0_1.0,20,69,51,110,41,31,3
12014.png,1.0_4.0_4.0,5,38,47,78,40,42,3
12015.png,3.0_1.0,1,27,33,50,23,32,2
12016.png,3.0_3.0_9.0,12,56,45,86,30,33,3
12017.png,2.0_1.0_9.0_10.0,1,12,17,45,33,16,4
12018.png,1.0_3.0,1,18,25,46,28,24,2
12019.png,3.0_8.0,2,11,15,26,15,13,2
1202.png,1.0_2.0,2,36,43,81,45,41,2
12020.png,3.0_6.0,9,25,28,46,21,19,2
12021.png,5.0,11,57,58,82,25,47,1
12022.png,5.0,4,39,46,63,24,42,1
12023.png,1.0_1.0,11,67,78,131,64,67,2
12024.png,1.0,17,39,38,50,11,21,1
12025.png,3.0_1.0,1,46,59,93,47,58,2
12026.png,2.0_10.0_8.0,7,70,84,141,71,77,3
12027.png,3.0_3.0,11,56,64,113,57,53,2
12028.png,8.0_2.0_2.0,5,42,51,88,46,46,3
12029.png,1.0_10.0_8.0,20,63,60,115,52,40,3
1203.png,6.0_5.0,11,49,54,79,30,43,2
12030.png,7.0,4,25,20,37,12,16,1
12031.png,3.0_2.0,8,42,58,90,48,50,2
12032.png,1.0_2.0_8.0,9,44,45,68,24,36,3
12033.png,4.0,6,48,59,78,30,53,1
12034.png,3.0_4.0_7.0,8,51,48,94,43,40,3
12035.png,2.0_1.0,1,12,13,27,15,12,2
12036.png,4.0_1.0,4,18,22,31,13,18,2
12037.png,1.0_10.0,2,21,24,36,15,22,2
12038.png,3.0_8.0,1,11,16,29,18,15,2
12039.png,1.0_7.0_4.0,19,57,45,88,31,26,3
1204.png,1.0_10.0,7,35,36,50,15,29,2
12040.png,4.0_7.0,16,50,48,75,25,32,2
12041.png,1.0_6.0_2.0,7,54,64,104,50,57,3
12042.png,1.0_9.0_10.0,7,32,37,63,31,30,3
12043.png,1.0_10.0,5,31,39,68,37,34,2
12044.png,4.0_4.0,9,93,118,237,144,109,2
12045.png,3.0_8.0_5.0,29,85,68,142,57,39,3
12046.png,3.0,11,42,45,59,17,34,1
12047.png,3.0,11,35,36,47,12,25,1
12048.png,2.0_6.0,14,58,65,100,42,51,2
12049.png,6.0_8.0,3,38,40,56,18,37,2
1205.png,3.0_10.0,2,24,29,55,31,27,2
12050.png,1.0_8.0,1,30,26,45,15,25,2
12051.png,7.0_10.0,5,36,47,71,35,42,2
12052.png,3.0_9.0,1,61,89,159,98,88,2
12053.png,6.0_2.0,14,47,43,86,39,29,2
12054.png,1.0_4.0_5.0,25,143,53,183,40,28,3
12055.png,3.0_2.0,3,19,24,44,25,21,2
12056.png,6.0,7,4,61,38,34,54,1
12057.png,2.0_9.0,7,41,47,69,28,40,2
12058.png,3.0_1.0,13,68,85,121,53,72,2
12059.png,1.0_7.0_10.0,17,52,57,106,54,40,3
1206.png,1.0_3.0_3.0,7,36,35,72,36,28,3
12060.png,9.0_2.0,3,27,30,49,22,27,2
12061.png,2.0_4.0,5,34,38,62,28,33,2
12062.png,2.0_5.0_6.0,28,74,63,119,45,35,3
12063.png,7.0_9.0,3,32,39,69,37,36,2
12064.png,2.0_3.0,1,12,15,29,17,14,2
12065.png,8.0_8.0,1,14,16,30,16,15,2
12066.png,1.0_3.0_1.0,11,60,71,133,73,60,3
12067.png,2.0_10.0,3,26,31,50,24,28,2
12068.png,5.0_1.0,14,76,98,153,77,84,2
12069.png,4.0,4,21,22,37,16,18,1
1207.png,2.0_1.0,2,27,36,56,29,34,2
12070.png,3.0_6.0,4,40,49,78,38,45,2
12071.png,3.0,1,21,31,32,11,30,1
12072.png,2.0_10.0_2.0,8,47,55,104,57,47,3
12073.png,3.0_1.0_1.0,21,73,61,122,49,40,3
12074.png,4.0_8.0,3,22,22,35,13,19,2
12075.png,5.0_7.0_10.0,15,48,38,81,33,23,3
12076.png,1.0_5.0,7,27,28,48,21,21,2
12077.png,1.0_1.0_6.0,11,92,102,184,92,91,3
12078.png,1.0_3.0,6,41,47,80,39,41,2
12079.png,2.0_8.0_5.0,39,78,78,150,72,39,3
1208.png,1.0_2.0_6.0,6,39,45,98,59,39,3
12080.png,1.0_6.0,8,47,51,89,42,43,2
12081.png,6.0_2.0,9,40,44,73,33,35,2
12082.png,4.0_1.0,5,33,38,64,31,33,2
12083.png,1.0_1.0,67,164,118,216,52,51,2
12084.png,8.0_8.0,6,40,47,87,47,41,2
12085.png,3.0,4,37,38,62,25,34,1
12086.png,3.0_6.0,7,31,32,59,28,25,2
12087.png,1.0_5.0_1.0,13,47,49,68,21,36,3
12088.png,3.0_3.0,143,204,231,258,54,88,2
12089.png,2.0_7.0,5,20,20,39,19,15,2
1209.png,5.0_8.0,10,49,48,83,34,38,2
12090.png,1.0_2.0,2,22,27,40,18,25,2
12091.png,1.0_6.0_8.0,8,51,46,97,46,38,3
12092.png,1.0_8.0_4.0,4,52,56,107,55,52,3
12093.png,4.0_10.0_1.0,3,26,31,49,23,28,3
12094.png,9.0_3.0,8,35,37,59,24,29,2
12095.png,2.0_7.0_3.0,4,31,37,69,38,33,3
12096.png,8.0,8,55,66,91,36,58,1
12097.png,2.0_2.0_8.0,11,29,40,74,45,29,3
12098.png,4.0_8.0_9.0,6,26,24,46,20,18,3
12099.png,1.0_5.0_10.0,4,67,76,135,68,72,3
121.png,1.0_3.0_5.0_8.0,7,32,29,92,60,22,4
1210.png,2.0_6.0_4.0,3,21,27,49,28,24,3
12100.png,1.0_2.0_8.0,25,55,53,84,29,28,3
12101.png,8.0,10,38,39,51,13,29,1
12102.png,5.0_3.0,13,57,59,107,50,46,2
12103.png,1.0_1.0_10.0,11,27,27,47,20,16,3
12104.png,1.0,6,52,57,71,19,51,1
12105.png,3.0_3.0_9.0,58,141,88,177,36,30,3
12106.png,1.0_2.0_10.0,13,57,61,116,59,48,3
12107.png,7.0,4,1,22,7,6,18,1
12108.png,2.0_8.0_1.0,7,41,55,81,40,48,3
12109.png,1.0,1,15,12,22,7,11,1
1211.png,4.0_7.0,2,27,30,52,25,28,2
12110.png,8.0,7,32,29,44,12,22,1
12111.png,1.0_3.0_8.0,5,28,38,71,43,33,3
12112.png,2.0_7.0,5,58,74,133,75,69,2
12113.png,8.0_2.0,20,62,62,90,28,42,2
12114.png,3.0_7.0_5.0,1,28,34,82,54,33,3
12115.png,3.0_2.0,3,24,27,50,26,24,2
12116.png,1.0_5.0,3,37,50,85,48,47,2
12117.png,1.0_4.0,4,15,20,33,18,16,2
12118.png,6.0,3,12,18,24,12,15,1
12119.png,1.0_5.0_1.0,12,64,73,120,56,61,3
1212.png,1.0_2.0_1.0,7,62,68,117,55,61,3
12120.png,7.0,1,20,19,29,9,18,1
12121.png,3.0_6.0_2.0,8,36,33,62,26,25,3
12122.png,4.0_5.0,3,44,70,88,44,67,2
12123.png,3.0,13,63,55,80,17,42,1
12124.png,1.0_5.0_8.0,10,56,57,101,45,47,3
12125.png,3.0,12,89,119,144,55,107,1
12126.png,2.0_3.0_10.0,34,70,133,167,97,99,3
12127.png,3.0_2.0_3.0,1,32,39,89,57,38,3
12128.png,4.0_3.0,31,96,77,141,45,46,2
12129.png,6.0_8.0,5,37,46,64,27,41,2
1213.png,1.0_1.0_4.0,8,42,38,85,43,30,3
12130.png,3.0_7.0,11,129,142,271,142,131,2
12131.png,2.0_6.0,4,17,17,30,13,13,2
12132.png,2.0_4.0,4,29,35,53,24,31,2
12133.png,1.0_6.0,1,19,36,62,43,35,2
12134.png,1.0_8.0,22,81,52,107,26,30,2
12135.png,7.0_6.0,16,48,51,90,42,35,2
12136.png,4.0_5.0,23,121,60,157,36,37,2
12137.png,6.0_6.0_3.0,12,59,55,118,59,43,3
12138.png,5.0,1,24,22,35,11,21,1
12139.png,4.0_6.0,1,14,12,25,11,11,2
1214.png,3.0_9.0_2.0,11,56,38,90,34,27,3
12140.png,4.0_5.0,3,52,67,121,69,64,2
12141.png,4.0_4.0_4.0,16,103,99,196,93,83,3
12142.png,1.0_10.0_10.0,13,55,53,112,57,40,3
12143.png,1.0_2.0_1.0,4,29,35,64,35,31,3
12144.png,1.0_6.0_8.0,6,29,35,74,45,29,3
12145.png,1.0_7.0_2.0,2,24,28,66,42,26,3
12146.png,1.0_3.0_8.0,5,37,47,69,32,42,3
12147.png,6.0_1.0,15,50,37,76,26,22,2
12148.png,8.0_1.0_3.0,23,102,101,195,93,78,3
12149.png,5.0_8.0,4,39,40,61,22,36,2
1215.png,5.0_8.0,1,32,41,74,42,40,2
12150.png,3.0_7.0,7,47,57,104,57,50,2
12151.png,3.0_10.0_10.0,15,43,33,64,21,18,3
12152.png,2.0_4.0_4.0,1,17,18,36,19,17,3
12153.png,2.0_2.0_5.0_8.0,1,18,17,51,33,16,4
12154.png,9.0,9,52,66,92,40,57,1
12155.png,2.0_3.0,2,19,23,41,22,21,2
12156.png,2.0_4.0,14,52,60,86,34,46,2
12157.png,1.0_4.0_4.0,40,120,99,206,86,59,3
12158.png,6.0,11,28,25,41,13,14,1
12159.png,1.0_5.0_5.0,5,33,33,70,37,28,3
1216.png,4.0_5.0,6,49,62,100,51,56,2
12160.png,1.0_4.0_7.0,27,268,61,307,39,34,3
12161.png,7.0,2,30,32,46,16,30,1
12162.png,7.0_4.0,4,17,20,30,13,16,2
12163.png,5.0_1.0,23,108,114,196,88,91,2
12164.png,1.0_6.0,2,19,24,37,18,22,2
12165.png,4.0_10.0_9.0,27,93,80,150,57,53,3
12166.png,1.0,2,17,20,26,9,18,1
12167.png,1.0_7.0_7.0,39,197,95,228,31,56,3
12168.png,6.0,5,22,18,29,7,13,1
12169.png,5.0_2.0,3,32,40,67,35,37,2
1217.png,2.0_2.0,11,39,40,56,17,29,2
12170.png,2.0_4.0,6,24,21,40,16,15,2
12171.png,7.0_5.0,8,43,40,74,31,32,2
12172.png,8.0_2.0,9,37,43,76,39,34,2
12173.png,5.0_5.0,24,101,76,162,61,52,2
12174.png,1.0_7.0_1.0_4.0,1,12,18,46,34,17,4
12175.png,6.0,5,27,31,41,14,26,1
12176.png,3.0_10.0,10,48,55,96,48,45,2
12177.png,8.0_2.0,14,50,45,74,24,31,2
12178.png,1.0_7.0_3.0_9.0,2,19,19,53,34,17,4
12179.png,5.0_5.0,1,14,15,28,14,14,2
1218.png,7.0,7,22,21,28,6,14,1
12180.png,2.0_4.0,1,22,31,55,33,30,2
12181.png,1.0_6.0,3,22,27,41,19,24,2
12182.png,2.0,6,37,40,55,18,34,1
12183.png,2.0_7.0_10.0,4,35,39,64,29,35,3
12184.png,6.0,6,43,47,67,24,41,1
12185.png,1.0_2.0_2.0,5,47,60,121,74,55,3
12186.png,2.0_1.0,7,37,44,75,38,37,2
12187.png,1.0_2.0,7,28,35,47,19,28,2
12188.png,2.0_4.0,1,27,32,53,26,31,2
12189.png,1.0_2.0_6.0,4,27,27,46,19,23,3
1219.png,2.0_8.0_4.0,10,42,44,76,34,34,3
12190.png,1.0_9.0_1.0,21,135,100,245,110,79,3
12191.png,2.0_5.0_6.0,1,26,34,72,46,33,3
12192.png,3.0_5.0,5,30,29,57,27,24,2
12193.png,7.0_10.0,10,63,86,130,67,76,2
12194.png,2.0_10.0,5,26,28,43,17,23,2
12195.png,8.0_6.0_7.0,12,58,58,106,48,46,3
12196.png,7.0_3.0,5,34,42,62,28,37,2
12197.png,2.0_9.0_9.0,25,220,59,260,40,34,3
12198.png,2.0_5.0,7,29,32,51,22,25,2
12199.png,3.0,7,24,19,27,3,12,1
122.png,1.0_7.0,1,21,25,31,10,24,2
1220.png,5.0_4.0,22,77,72,125,48,50,2
12200.png,7.0,3,23,23,35,12,20,1
12201.png,7.0,5,23,24,38,15,19,1
12202.png,7.0,3,27,34,54,27,31,1
12203.png,1.0,8,32,33,53,21,25,1
12204.png,1.0_5.0_1.0,45,142,76,174,32,31,3
12205.png,2.0_5.0,25,110,137,226,116,112,2
12206.png,5.0,5,28,30,44,16,25,1
12207.png,9.0_10.0,3,20,20,35,15,17,2
12208.png,5.0_9.0,1,14,13,26,12,12,2
12209.png,8.0,1,25,28,44,19,27,1
1221.png,3.0_2.0_6.0,3,39,46,94,55,43,3
12210.png,1.0_6.0,5,25,25,40,15,20,2
12211.png,3.0_1.0_6.0,1,18,18,34,16,17,3
12212.png,1.0_4.0,2,23,24,49,26,22,2
12213.png,1.0_6.0_4.0_5.0,13,76,90,156,80,77,4
12214.png,1.0_8.0_9.0,3,25,23,55,30,20,3
12215.png,1.0_6.0,6,45,44,59,14,38,2
12216.png,1.0_5.0,5,37,36,55,18,31,2
12217.png,6.0_6.0,1,66,67,117,51,66,2
12218.png,10.0,20,60,51,71,11,31,1
12219.png,1.0_2.0,1,20,28,33,13,27,2
1222.png,7.0_9.0,15,63,53,107,44,38,2
12220.png,1.0_4.0_5.0_8.0,1,8,13,39,31,12,4
12221.png,1.0_6.0_1.0,3,34,34,72,38,31,3
12222.png,2.0_4.0_4.0,17,49,44,96,47,27,3
12223.png,3.0_8.0,7,33,39,64,31,32,2
12224.png,3.0_7.0,5,29,31,52,23,26,2
12225.png,5.0_7.0,2,36,58,100,64,56,2
12226.png,4.0_5.0,8,65,73,131,66,65,2
12227.png,1.0_2.0_1.0,6,36,42,82,46,36,3
12228.png,1.0_1.0,1,16,14,25,9,13,2
12229.png,5.0_2.0,4,27,35,55,28,31,2
1223.png,6.0_4.0,6,42,48,69,27,42,2
12230.png,2.0_1.0_3.0,38,76,92,204,128,54,3
12231.png,1.0_10.0_9.0,8,39,35,64,25,27,3
12232.png,9.0,6,25,28,44,19,22,1
12233.png,7.0_8.0,2,25,38,58,33,36,2
12234.png,1.0_3.0,10,28,28,43,15,18,2
12235.png,1.0_6.0,12,65,79,122,57,67,2
12236.png,9.0_6.0,2,33,38,57,24,36,2
12237.png,8.0_2.0,3,33,39,67,34,36,2
12238.png,1.0_8.0,6,25,31,44,19,25,2
12239.png,1.0,21,90,73,116,26,52,1
1224.png,2.0_8.0,7,80,95,163,83,88,2
12240.png,1.0_3.0,9,34,38,69,35,29,2
12241.png,4.0_10.0,11,97,114,210,113,103,2
12242.png,2.0_8.0_10.0,1,12,12,30,18,11,3
12243.png,1.0_7.0,5,42,50,100,58,45,2
12244.png,6.0,6,26,28,36,10,22,1
12245.png,3.0_9.0_2.0_5.0,1,13,18,48,35,17,4
12246.png,1.0_10.0_10.0,2,15,15,37,22,13,3
12247.png,3.0_8.0,1,23,35,68,45,34,2
12248.png,8.0,9,60,59,88,28,50,1
12249.png,5.0_10.0,1,10,14,28,18,13,2
1225.png,4.0_10.0,12,57,68,92,35,56,2
12250.png,1.0_5.0,7,32,40,69,37,33,2
12251.png,9.0_2.0,1,17,23,37,20,22,2
12252.png,3.0_10.0,2,23,32,43,20,30,2
12253.png,2.0,21,76,52,89,13,31,1
12254.png,1.0_5.0_3.0_2.0,19,56,45,89,33,26,4
12255.png,6.0_9.0,2,24,32,58,34,30,2
12256.png,1.0_6.0,5,31,42,61,30,37,2
12257.png,1.0_5.0_1.0_8.0,1,13,15,47,34,14,4
12258.png,9.0_7.0,1,22,30,49,27,29,2
12259.png,3.0_7.0,1,38,56,93,55,55,2
1226.png,4.0_7.0,10,57,69,93,36,59,2
12260.png,4.0_9.0,3,29,41,63,34,38,2
12261.png,5.0_2.0_5.0,25,59,53,99,40,28,3
12262.png,3.0_2.0,8,33,29,56,23,21,2
12263.png,1.0_6.0,12,44,45,75,31,33,2
12264.png,5.0_7.0_2.0,9,54,65,125,71,56,3
12265.png,3.0,16,91,112,142,51,96,1
12266.png,4.0_1.0,1,15,19,29,14,18,2
12267.png,2.0_3.0_8.0,50,98,100,160,62,50,3
12268.png,2.0_3.0_7.0_5.0,1,10,14,44,34,13,4
12269.png,2.0,15,50,48,63,13,33,1
1227.png,3.0_8.0,4,29,35,73,44,31,2
12270.png,1.0_6.0,5,29,35,55,26,30,2
12271.png,6.0,5,34,32,43,9,27,1
12272.png,4.0_3.0,26,116,81,175,59,55,2
12273.png,1.0_2.0_9.0,3,25,28,57,32,25,3
12274.png,6.0,1,62,66,91,29,65,1
12275.png,8.0_9.0,40,167,146,268,101,106,2
12276.png,5.0_10.0,42,107,104,163,56,62,2
12277.png,1.0_3.0_3.0,28,79,69,143,64,41,3
12278.png,2.0_5.0,1,14,19,32,18,18,2
12279.png,3.0,3,23,21,34,11,18,1
1228.png,7.0_3.0,12,54,56,99,45,44,2
12280.png,1.0,6,31,22,37,6,16,1
12281.png,3.0_10.0,22,74,51,110,36,29,2
12282.png,1.0_10.0_10.0_10.0,8,38,36,80,42,28,4
12283.png,5.0_9.0,2,28,21,47,19,19,2
12284.png,6.0_4.0,9,39,44,77,38,35,2
12285.png,2.0_1.0_10.0,6,43,47,79,36,41,3
12286.png,4.0_5.0,11,57,74,127,70,63,2
12287.png,1.0,8,33,39,47,14,31,1
12288.png,8.0,12,53,65,87,34,53,1
12289.png,1.0_9.0,6,28,18,40,12,12,2
1229.png,1.0_5.0,17,70,70,107,37,53,2
12290.png,2.0_6.0,2,35,41,74,39,39,2
12291.png,8.0_3.0,12,46,49,81,35,37,2
12292.png,2.0_2.0,3,24,32,42,18,29,2
12293.png,2.0_10.0,3,30,40,71,41,37,2
12294.png,3.0_8.0_6.0,4,101,55,148,47,51,3
12295.png,1.0_4.0_9.0,5,31,28,59,28,23,3
12296.png,8.0_8.0,5,30,26,59,29,21,2
12297.png,4.0_8.0,1,22,25,42,20,24,2
12298.png,1.0_6.0,2,22,27,37,15,25,2
12299.png,5.0_5.0,5,26,32,50,24,27,2
123.png,6.0,5,25,27,35,10,22,1
1230.png,2.0,8,48,53,76,28,45,1
12300.png,1.0_10.0_9.0,2,32,46,104,72,44,3
12301.png,7.0_1.0_4.0,13,63,41,99,36,28,3
12302.png,1.0_4.0_2.0,9,44,54,119,75,45,3
12303.png,6.0_9.0,3,23,20,39,16,17,2
12304.png,5.0_10.0_7.0,1,18,18,38,20,17,3
12305.png,6.0_8.0,1,26,29,47,21,28,2
12306.png,4.0_1.0,2,13,17,28,15,15,2
12307.png,3.0_4.0,12,54,56,115,61,44,2
12308.png,1.0_5.0_1.0_4.0,1,22,27,50,28,26,4
12309.png,1.0_3.0,7,34,33,54,20,26,2
1231.png,7.0_1.0_9.0,10,39,34,84,45,24,3
12310.png,5.0,12,46,41,70,24,29,1
12311.png,1.0_4.0_5.0,6,19,18,33,14,12,3
12312.png,1.0_6.0,4,13,17,29,16,13,2
12313.png,2.0_8.0_3.0,17,64,45,118,54,28,3
12314.png,3.0_5.0,3,22,23,40,18,20,2
12315.png,1.0_7.0_8.0,16,49,37,76,27,21,3
12316.png,1.0_7.0,10,51,58,86,35,48,2
12317.png,6.0_9.0,5,27,24,38,11,19,2
12318.png,2.0_3.0_9.0,1,21,24,46,25,23,3
12319.png,4.0_3.0,1,11,16,28,17,15,2
1232.png,2.0_5.0_7.0,1,7,18,28,21,17,3
12320.png,1.0_5.0,6,68,89,146,78,83,2
12321.png,3.0_4.0_6.0,1,21,22,61,40,21,3
12322.png,2.0_7.0_3.0_1.0,1,12,12,33,21,11,4
12323.png,1.0_9.0_2.0,15,54,35,78,24,20,3
12324.png,4.0_4.0,4,26,34,63,37,30,2
12325.png,2.0_2.0_4.0,4,17,23,42,25,19,3
12326.png,2.0_6.0,4,25,22,43,18,18,2
12327.png,3.0_5.0,7,48,48,80,32,41,2
12328.png,1.0_4.0_5.0,23,85,73,128,43,50,3
12329.png,2.0_10.0_7.0,9,56,64,128,72,55,3
1233.png,1.0_5.0_5.0,13,61,60,110,49,47,3
12330.png,7.0_4.0,7,8,27,29,21,20,2
12331.png,2.0_5.0,6,22,19,31,9,13,2
12332.png,4.0,6,45,53,87,42,47,1
12333.png,2.0_3.0_5.0,10,61,63,161,100,53,3
12334.png,1.0_1.0_8.0,3,36,49,108,72,46,3
12335.png,2.0_1.0,7,30,33,54,24,26,2
12336.png,3.0_10.0,3,45,54,87,42,51,2
12337.png,1.0_4.0,7,23,23,38,15,16,2
12338.png,9.0_1.0,4,36,50,104,68,46,2
12339.png,8.0_6.0,9,46,45,91,45,36,2
1234.png,8.0_2.0,10,21,23,31,10,13,2
12340.png,7.0,18,113,93,144,31,75,1
12341.png,3.0_7.0,6,37,41,70,33,35,2
12342.png,3.0_6.0_5.0,16,81,99,180,99,83,3
12343.png,3.0_6.0_4.0,58,149,121,219,70,63,3
12344.png,7.0,5,23,25,32,9,20,1
12345.png,1.0_6.0_2.0,0,30,48,97,67,48,3
12346.png,3.0_8.0,14,67,73,135,68,59,2
12347.png,2.0_2.0_5.0,6,31,30,61,30,24,3
12348.png,1.0_4.0,1,16,19,34,18,18,2
12349.png,5.0,17,68,71,93,25,54,1
1235.png,9.0_1.0,11,41,45,76,35,34,2
12350.png,5.0,1,24,25,33,9,24,1
12351.png,2.0_2.0_9.0_8.0,65,140,113,227,87,48,4
12352.png,4.0_6.0,19,100,93,168,68,74,2
12353.png,6.0,14,48,45,60,12,31,1
12354.png,3.0_4.0,2,18,22,32,14,20,2
12355.png,2.0_1.0,10,47,46,81,34,36,2
12356.png,7.0_7.0,14,103,119,179,76,105,2
12357.png,1.0_2.0_6.0,23,90,73,148,58,50,3
12358.png,3.0_8.0,18,81,84,142,61,66,2
12359.png,2.0_10.0,4,39,52,96,57,48,2
1236.png,8.0_3.0_6.0,9,34,40,84,50,31,3
12360.png,4.0_5.0,2,19,30,50,31,28,2
12361.png,5.0_1.0,1,17,20,30,13,19,2
12362.png,5.0_3.0,11,42,51,72,30,40,2
12363.png,1.0_2.0_5.0_1.0,1,35,44,63,28,43,4
12364.png,1.0_5.0_1.0_3.0,22,10,65,59,49,43,4
12365.png,8.0,10,47,67,83,36,57,1
12366.png,4.0_6.0,1,43,54,106,63,53,2
12367.png,1.0_5.0,3,24,25,40,16,22,2
12368.png,2.0_9.0,4,30,28,45,15,24,2
12369.png,1.0_6.0,8,9,59,58,49,51,2
1237.png,1.0_9.0,1,38,49,76,38,48,2
12370.png,2.0_2.0,2,19,21,34,15,19,2
12371.png,2.0_7.0,11,44,43,68,24,32,2
12372.png,1.0_8.0_6.0,12,50,56,94,44,44,3
12373.png,8.0_10.0,11,38,33,60,22,22,2
12374.png,10.0,9,55,39,70,15,30,1
12375.png,1.0_1.0_3.0,1,12,17,35,23,16,3
12376.png,3.0_8.0,7,41,49,82,41,42,2
12377.png,3.0_3.0,1,18,26,52,34,25,2
12378.png,7.0,1,42,57,88,46,56,1
12379.png,2.0_7.0_5.0_1.0,3,18,18,48,30,15,4
1238.png,5.0_3.0,5,26,22,38,12,17,2
12380.png,2.0_3.0_10.0,1,16,20,43,27,19,3
12381.png,4.0,4,22,31,37,15,27,1
12382.png,1.0,6,24,18,28,4,12,1
12383.png,5.0_1.0,5,30,41,58,28,36,2
12384.png,7.0_3.0_4.0,9,44,45,132,88,36,3
12385.png,5.0_9.0,11,35,26,55,20,15,2
12386.png,2.0,3,30,35,45,15,32,1
12387.png,2.0_8.0_3.0,15,51,54,98,47,39,3
12388.png,6.0_3.0_9.0,28,125,103,229,104,75,3
12389.png,5.0_9.0,25,60,65,94,34,40,2
1239.png,7.0,15,75,52,98,23,37,1
12390.png,6.0_3.0,7,59,80,145,86,73,2
12391.png,1.0_3.0,1,15,16,30,15,15,2
12392.png,7.0_7.0,1,23,31,53,30,30,2
12393.png,4.0_8.0,25,97,89,142,45,64,2
12394.png,7.0_5.0_4.0,1,16,18,38,22,17,3
12395.png,2.0_3.0_3.0,1,15,19,45,30,18,3
12396.png,2.0_8.0,10,55,66,119,64,56,2
12397.png,4.0,6,33,44,55,22,38,1
12398.png,4.0_10.0,15,66,51,116,50,36,2
12399.png,2.0,19,59,71,91,32,52,1
124.png,5.0,1,19,24,29,10,23,1
1240.png,3.0_10.0_9.0,10,46,34,77,31,24,3
12400.png,1.0_7.0,5,37,38,65,28,33,2
12401.png,1.0_2.0_9.0,3,25,28,64,39,25,3
12402.png,1.0_3.0,16,62,55,84,22,39,2
12403.png,1.0_9.0,12,53,51,76,23,39,2
12404.png,2.0_2.0,2,38,47,82,44,45,2
12405.png,1.0,7,41,41,55,14,34,1
12406.png,8.0,6,30,33,45,15,27,1
12407.png,3.0_10.0,1,24,31,52,28,30,2
12408.png,3.0_10.0_8.0,22,75,67,141,66,45,3
12409.png,1.0_5.0_9.0,0,22,48,78,56,48,3
1241.png,6.0_8.0,5,38,39,87,49,34,2
12410.png,3.0_1.0,11,54,58,95,41,47,2
12411.png,3.0_2.0,4,22,22,42,20,18,2
12412.png,3.0_9.0,19,69,61,125,56,42,2
12413.png,7.0,1,28,33,42,14,32,1
12414.png,2.0_6.0_10.0,7,49,47,110,61,40,3
12415.png,1.0_6.0,26,94,85,156,62,59,2
12416.png,3.0_2.0,18,83,68,140,57,50,2
12417.png,4.0_7.0,2,22,28,46,24,26,2
12418.png,2.0_9.0,8,50,45,96,46,37,2
12419.png,7.0_10.0,1,13,18,35,22,17,2
1242.png,8.0,8,39,38,55,16,30,1
12420.png,2.0_4.0,6,48,59,98,50,53,2
12421.png,3.0_4.0_10.0,5,48,62,111,63,57,3
12422.png,1.0_1.0,7,52,54,88,36,47,2
12423.png,1.0_6.0_4.0,14,44,32,69,25,18,3
12424.png,6.0_2.0,14,74,75,153,79,61,2
12425.png,2.0_3.0,32,121,96,158,37,64,2
12426.png,7.0_1.0,3,25,20,42,17,17,2
12427.png,6.0,2,23,24,33,10,22,1
12428.png,2.0_9.0,10,47,44,75,28,34,2
12429.png,4.0_1.0,9,119,158,265,146,149,2
1243.png,8.0_1.0,7,36,41,61,25,34,2
12430.png,7.0_9.0,8,42,41,69,27,33,2
12431.png,1.0_7.0_8.0,6,30,29,57,27,23,3
12432.png,2.0_1.0_9.0,16,54,42,87,33,26,3
12433.png,2.0_10.0,21,115,132,217,102,111,2
12434.png,5.0_1.0,19,141,44,161,20,25,2
12435.png,1.0_1.0_4.0,3,37,41,73,36,38,3
12436.png,6.0_10.0,2,18,24,36,18,22,2
12437.png,5.0_6.0,39,152,96,200,48,57,2
12438.png,4.0_7.0,5,28,35,50,22,30,2
12439.png,2.0_10.0_6.0_2.0,2,17,19,49,32,17,4
1244.png,3.0_4.0_3.0_1.0,7,24,30,65,41,23,4
12440.png,4.0,8,38,28,50,12,20,1
12441.png,8.0_9.0,1,62,87,160,98,86,2
12442.png,4.0_4.0_8.0,120,159,143,183,24,23,3
12443.png,2.0_5.0_5.0,1,29,41,107,78,40,3
12444.png,2.0_6.0,5,23,31,47,24,26,2
12445.png,6.0_3.0,6,41,56,93,52,50,2
12446.png,1.0,2,25,27,34,9,25,1
12447.png,4.0_3.0,11,137,177,295,158,166,2
12448.png,1.0_5.0_1.0_3.0,15,132,54,183,51,39,4
12449.png,9.0,9,32,26,39,7,17,1
1245.png,1.0_8.0,4,24,29,44,20,25,2
12450.png,5.0_4.0,6,27,29,46,19,23,2
12451.png,1.0_6.0_6.0,15,82,94,159,77,79,3
12452.png,3.0_10.0,16,60,40,91,31,24,2
12453.png,2.0_5.0,2,34,34,66,32,32,2
12454.png,7.0_7.0,1,18,23,43,25,22,2
12455.png,4.0_9.0,1,14,20,42,28,19,2
12456.png,9.0_7.0,38,72,74,98,26,36,2
12457.png,3.0_1.0,3,15,19,32,17,16,2
12458.png,1.0_8.0_10.0,22,103,118,176,73,96,3
12459.png,4.0_3.0,32,174,187,257,83,155,2
1246.png,7.0_5.0,4,18,19,36,18,15,2
12460.png,2.0_5.0_6.0,2,41,36,82,41,34,3
12461.png,1.0_4.0_2.0,3,74,78,142,68,75,3
12462.png,3.0_4.0_9.0,7,29,29,57,28,22,3
12463.png,3.0_3.0,4,24,32,49,25,28,2
12464.png,1.0_3.0_6.0,3,57,49,114,57,46,3
12465.png,3.0_9.0,4,24,26,40,16,22,2
12466.png,4.0_10.0,21,57,48,95,38,27,2
12467.png,2.0_9.0,4,34,31,68,34,27,2
12468.png,5.0_3.0,11,35,30,52,17,19,2
12469.png,1.0,13,30,29,35,5,16,1
1247.png,2.0_1.0_1.0,1,31,47,83,52,46,3
12470.png,7.0_2.0_6.0,19,81,85,148,67,66,3
12471.png,7.0,6,21,24,28,7,18,1
12472.png,2.0_10.0,3,38,52,93,55,49,2
12473.png,3.0_6.0,5,27,31,55,28,26,2
12474.png,5.0,4,96,84,149,53,80,1
12475.png,1.0_1.0_4.0,5,35,38,69,34,33,3
12476.png,2.0,8,46,34,60,14,26,1
12477.png,2.0_2.0_3.0_1.0,1,13,15,55,42,14,4
12478.png,1.0_8.0,10,54,38,76,22,28,2
12479.png,4.0_8.0,5,26,25,47,21,20,2
1248.png,2.0_4.0_8.0,5,43,51,103,60,46,3
12480.png,8.0,1,23,29,41,18,28,1
12481.png,2.0_5.0_10.0,5,63,80,157,94,75,3
12482.png,1.0_1.0_8.0,4,33,36,70,37,32,3
12483.png,4.0_4.0_3.0_10.0,22,71,74,180,109,52,4
12484.png,1.0_2.0_10.0,15,68,57,104,36,42,3
12485.png,9.0_10.0,2,27,41,70,43,39,2
12486.png,8.0_3.0,7,44,54,70,26,47,2
12487.png,3.0_5.0,12,86,105,177,91,93,2
12488.png,3.0_8.0,89,55,126,87,32,37,2
12489.png,6.0_4.0_2.0,3,34,42,86,52,39,3
1249.png,3.0_6.0,2,18,19,34,16,17,2
12490.png,3.0_1.0,4,23,24,40,17,20,2
12491.png,5.0_2.0,12,97,92,181,84,80,2
12492.png,1.0_1.0_3.0,83,106,128,154,48,45,3
12493.png,2.0_2.0,10,50,44,77,27,34,2
12494.png,4.0_4.0,6,31,26,49,18,20,2
12495.png,3.0_3.0,11,39,43,66,27,32,2
12496.png,4.0_6.0_2.0,14,100,63,171,71,49,3
12497.png,2.0_3.0,1,16,26,50,34,25,2
12498.png,2.0_9.0,3,23,31,49,26,28,2
12499.png,1.0,4,31,40,48,17,36,1
125.png,6.0_4.0,3,18,20,33,15,17,2
1250.png,2.0_5.0_6.0,9,53,57,106,53,48,3
12500.png,4.0_2.0,2,21,21,39,18,19,2
12501.png,8.0_6.0,3,24,26,45,21,23,2
12502.png,1.0_7.0_10.0,18,47,42,76,29,24,3
12503.png,9.0_3.0,3,21,23,46,25,20,2
12504.png,4.0_3.0,10,48,44,100,52,34,2
12505.png,1.0_8.0_7.0,6,44,59,94,50,53,3
12506.png,1.0_3.0,8,54,59,99,45,51,2
12507.png,3.0_4.0_9.0,1,23,33,59,36,32,3
12508.png,2.0_6.0,1,13,18,38,25,17,2
12509.png,4.0,7,21,23,29,8,16,1
1251.png,1.0_6.0_5.0,1,115,138,184,69,137,3
12510.png,8.0,4,30,29,42,12,25,1
12511.png,9.0_8.0,8,43,38,76,33,30,2
12512.png,6.0_9.0,8,52,71,110,58,63,2
12513.png,2.0_1.0_5.0,3,37,49,90,53,46,3
12514.png,7.0_7.0_1.0,12,6,62,64,58,50,3
12515.png,5.0_5.0,1,26,31,57,31,30,2
12516.png,2.0_4.0,18,64,63,109,45,45,2
12517.png,6.0_5.0,4,24,28,50,26,24,2
12518.png,1.0_2.0_10.0,2,20,26,54,34,24,3
12519.png,1.0_4.0,18,77,79,121,44,61,2
1252.png,1.0_10.0_5.0,7,58,62,145,87,55,3
12520.png,5.0_3.0,9,48,56,97,49,47,2
12521.png,1.0_3.0_10.0,6,135,95,213,78,89,3
12522.png,1.0_9.0,5,29,39,54,25,34,2
12523.png,3.0_9.0_6.0,12,69,91,239,170,79,3
12524.png,1.0_2.0,4,16,21,30,14,17,2
12525.png,7.0_7.0,13,70,79,104,34,66,2
12526.png,3.0_1.0,3,25,33,47,22,30,2
12527.png,1.0_2.0,1,12,16,27,15,15,2
12528.png,1.0,9,44,53,61,17,44,1
12529.png,1.0_7.0_1.0,9,35,32,59,24,23,3
1253.png,4.0_5.0,6,20,24,43,23,18,2
12530.png,2.0_5.0,2,23,38,69,46,36,2
12531.png,5.0_10.0,5,26,27,38,12,22,2
12532.png,3.0_6.0,12,46,59,101,55,47,2
12533.png,1.0_2.0_7.0,38,56,65,95,39,27,3
12534.png,1.0_1.0,4,38,47,76,38,43,2
12535.png,1.0_3.0_10.0,2,24,22,43,19,20,3
12536.png,6.0_9.0,7,31,33,56,25,26,2
12537.png,3.0_7.0,15,56,59,106,50,44,2
12538.png,4.0,2,59,80,119,60,78,1
12539.png,5.0_4.0,3,24,28,50,26,25,2
1254.png,3.0_10.0,3,34,40,59,25,37,2
12540.png,4.0_8.0_4.0_7.0,4,21,20,56,35,16,4
12541.png,6.0_10.0,5,26,28,45,19,23,2
12542.png,1.0_9.0_1.0,5,31,33,54,23,28,3
12543.png,1.0_9.0,6,47,57,105,58,51,2
12544.png,7.0_6.0_10.0,5,61,83,116,55,78,3
12545.png,6.0,5,17,17,23,6,12,1
12546.png,1.0_3.0_3.0,2,22,24,46,24,22,3
12547.png,4.0_1.0,2,24,18,38,14,16,2
12548.png,2.0_9.0,15,57,55,95,38,40,2
12549.png,4.0,8,73,51,101,28,43,1
1255.png,4.0_3.0,20,96,94,180,84,74,2
12550.png,5.0_10.0,2,22,25,45,23,23,2
12551.png,1.0_3.0,19,67,56,100,33,37,2
12552.png,6.0_2.0,30,158,68,187,29,38,2
12553.png,5.0,11,47,49,64,17,38,1
12554.png,1.0_9.0_3.0_5.0,2,14,17,40,26,15,4
12555.png,3.0_7.0,6,33,34,57,24,28,2
12556.png,2.0,8,66,48,87,21,40,1
12557.png,6.0_8.0_4.0,35,144,70,190,46,35,3
12558.png,7.0,1,20,28,41,21,27,1
12559.png,3.0_7.0,5,20,23,40,20,18,2
1256.png,3.0_10.0_8.0,42,165,96,247,82,54,3
12560.png,3.0_2.0,3,23,28,51,28,25,2
12561.png,6.0_2.0,6,45,48,86,41,42,2
12562.png,2.0_5.0,8,50,66,103,53,58,2
12563.png,7.0,3,18,17,24,6,14,1
12564.png,3.0_2.0,3,20,22,40,20,19,2
12565.png,2.0_8.0,13,85,91,154,69,78,2
12566.png,3.0,10,33,31,45,12,21,1
12567.png,1.0_9.0_8.0,54,178,114,293,115,60,3
12568.png,4.0_10.0,3,18,18,36,18,15,2
12569.png,5.0_10.0,1,15,19,34,19,18,2
1257.png,4.0_8.0,14,54,55,86,32,41,2
12570.png,6.0_2.0,1,42,57,101,59,56,2
12571.png,3.0_9.0_5.0_1.0,1,14,19,55,41,18,4
12572.png,2.0_10.0,9,32,26,54,22,17,2
12573.png,4.0_8.0,9,39,35,59,20,26,2
12574.png,1.0_3.0,1,23,22,45,22,21,2
12575.png,4.0_5.0,8,39,40,68,29,32,2
12576.png,9.0_1.0,2,24,25,42,18,23,2
12577.png,4.0_1.0,13,59,69,131,72,56,2
12578.png,7.0_9.0,1,10,14,28,18,13,2
12579.png,2.0_6.0_3.0,63,186,102,235,49,39,3
1258.png,3.0,1,17,16,25,8,15,1
12580.png,2.0_6.0_5.0_9.0,1,15,22,59,44,21,4
12581.png,3.0_10.0,11,62,72,125,63,61,2
12582.png,2.0_5.0_5.0,2,20,25,42,22,23,3
12583.png,3.0_5.0_4.0,19,59,46,88,29,27,3
12584.png,1.0_5.0,5,35,31,56,21,26,2
12585.png,4.0_1.0,1,27,34,47,20,33,2
12586.png,3.0_10.0,6,55,65,106,51,59,2
12587.png,3.0_5.0_2.0,16,49,55,123,74,39,3
12588.png,1.0_7.0_5.0,4,26,28,44,18,24,3
12589.png,2.0_5.0,1,12,14,22,10,13,2
1259.png,5.0_7.0_9.0,13,48,56,103,55,43,3
12590.png,1.0_9.0_7.0,1,28,35,55,27,34,3
12591.png,8.0_6.0,3,19,19,39,20,16,2
12592.png,1.0_1.0_9.0,6,52,56,80,28,50,3
12593.png,2.0_10.0_5.0_8.0,1,12,16,52,40,15,4
12594.png,1.0_10.0_5.0,1,54,69,120,66,68,3
12595.png,4.0_9.0,13,67,61,111,44,48,2
12596.png,3.0_7.0,3,16,16,28,12,13,2
12597.png,8.0_10.0,6,42,53,108,66,47,2
12598.png,5.0_5.0,4,30,30,52,22,26,2
12599.png,9.0_1.0,2,32,44,68,36,42,2
126.png,1.0_10.0_8.0,8,56,66,118,62,58,3
1260.png,2.0_7.0,7,28,27,56,28,20,2
12600.png,1.0_3.0_5.0,12,54,71,104,50,59,3
12601.png,1.0_4.0,7,22,25,35,13,18,2
12602.png,2.0_10.0,6,24,24,45,21,18,2
12603.png,4.0_2.0,4,28,34,57,29,30,2
12604.png,2.0_9.0,15,46,39,77,31,24,2
12605.png,1.0_4.0,6,18,19,26,8,13,2
12606.png,1.0_9.0_5.0_10.0,1,18,26,59,41,25,4
12607.png,1.0,14,66,72,95,29,58,1
12608.png,2.0_7.0_5.0,11,47,40,87,40,29,3
12609.png,4.0_4.0,1,14,21,29,15,20,2
1261.png,1.0_4.0_5.0,3,29,35,64,35,32,3
12610.png,1.0_7.0_9.0,10,37,36,68,31,26,3
12611.png,1.0_2.0,1,10,12,22,12,11,2
12612.png,3.0,3,25,25,34,9,22,1
12613.png,9.0_2.0_1.0,31,89,68,121,32,37,3
12614.png,8.0_5.0,14,103,100,153,50,86,2
12615.png,6.0_4.0,5,32,37,62,30,32,2
12616.png,2.0_9.0,6,40,56,81,41,50,2
12617.png,2.0_10.0_7.0,7,30,31,62,32,24,3
12618.png,1.0_8.0,8,53,62,97,44,54,2
12619.png,3.0_2.0,1,22,24,48,26,23,2
1262.png,4.0_3.0,18,78,87,123,45,69,2
12620.png,1.0_5.0,12,57,47,90,33,35,2
12621.png,1.0_3.0_9.0,6,34,26,58,24,20,3
12622.png,6.0_7.0,12,48,34,70,22,22,2
12623.png,1.0_9.0_8.0,7,40,52,87,47,45,3
12624.png,4.0,5,32,25,45,13,20,1
12625.png,2.0_2.0_3.0,1,16,19,34,18,18,3
12626.png,1.0_2.0,3,21,22,38,17,19,2
12627.png,6.0,5,33,35,50,17,30,1
12628.png,4.0,12,46,37,64,18,25,1
12629.png,5.0_10.0_1.0,19,136,61,185,49,42,3
1263.png,6.0_4.0,2,19,22,37,18,20,2
12630.png,1.0_5.0_10.0,5,25,31,51,26,26,3
12631.png,8.0_3.0,8,43,60,101,58,52,2
12632.png,1.0_1.0,10,72,86,100,28,76,2
12633.png,2.0_6.0,1,30,31,58,28,30,2
12634.png,2.0_7.0,5,36,44,74,38,39,2
12635.png,2.0_3.0,16,54,36,81,27,20,2
12636.png,6.0_1.0_10.0_10.0,19,98,76,151,53,57,4
12637.png,2.0_6.0,1,18,21,37,19,20,2
12638.png,2.0_6.0,3,24,28,45,21,25,2
12639.png,2.0_1.0,15,55,62,99,44,47,2
1264.png,1.0_7.0,3,32,38,59,27,35,2
12640.png,1.0_5.0_2.0,64,103,91,143,40,27,3
12641.png,4.0_10.0,1,40,49,74,34,48,2
12642.png,2.0_10.0,6,66,78,148,82,72,2
12643.png,3.0,7,55,84,128,73,77,1
12644.png,1.0_6.0_6.0,19,76,65,119,43,46,3
12645.png,3.0,4,22,19,33,11,15,1
12646.png,3.0_8.0_3.0,6,30,28,48,18,22,3
12647.png,1.0_4.0,3,31,36,49,18,33,2
12648.png,2.0_8.0,1,21,24,40,19,23,2
12649.png,4.0_6.0,11,34,44,56,22,33,2
1265.png,5.0,5,38,48,68,30,43,1
12650.png,1.0_10.0,11,68,66,110,42,55,2
12651.png,1.0_7.0,13,38,38,73,35,25,2
12652.png,8.0,1,14,16,29,15,15,1
12653.png,6.0_8.0,11,76,89,167,91,78,2
12654.png,3.0_3.0,1,16,21,37,21,20,2
12655.png,2.0_2.0_2.0,17,65,55,140,75,38,3
12656.png,9.0,5,30,30,43,13,25,1
12657.png,3.0,3,29,32,45,16,29,1
12658.png,8.0,5,15,16,21,6,11,1
12659.png,6.0_5.0,15,70,78,132,62,63,2
1266.png,5.0_5.0,13,67,73,156,89,60,2
12660.png,3.0_9.0_10.0,11,49,55,94,45,44,3
12661.png,2.0_10.0,10,44,47,84,40,37,2
12662.png,1.0_3.0,2,30,28,46,16,26,2
12663.png,1.0_2.0,12,62,54,101,39,42,2
12664.png,3.0_2.0,6,30,36,61,31,30,2
12665.png,6.0_2.0_1.0,3,26,43,82,56,40,3
12666.png,4.0_6.0,10,58,73,122,64,63,2
12667.png,1.0_9.0,4,46,63,121,75,59,2
12668.png,4.0_10.0,1,11,18,25,14,17,2
12669.png,1.0_9.0_6.0,17,0,96,83,83,79,3
1267.png,2.0_1.0_2.0,12,48,46,85,37,34,3
12670.png,4.0_1.0,1,26,27,48,22,26,2
12671.png,1.0,4,32,44,50,18,40,1
12672.png,7.0,8,31,24,41,10,16,1
12673.png,3.0_2.0_9.0,5,19,23,37,18,18,3
12674.png,3.0_10.0,9,41,34,73,32,25,2
12675.png,1.0_2.0,5,19,25,36,17,20,2
12676.png,2.0_7.0_9.0,4,22,27,56,34,23,3
12677.png,1.0_7.0,8,48,60,98,50,52,2
12678.png,2.0_1.0_7.0,5,41,42,106,65,37,3
12679.png,1.0_6.0,4,26,30,58,32,26,2
1268.png,1.0_7.0_2.0_10.0,8,33,54,87,54,46,4
12680.png,2.0_4.0_6.0,3,18,22,49,31,19,3
12681.png,3.0_10.0,4,35,42,71,36,38,2
12682.png,7.0_4.0,1,13,15,28,15,14,2
12683.png,3.0,7,53,56,75,22,49,1
12684.png,7.0_7.0,10,67,86,133,66,76,2
12685.png,7.0_9.0,29,118,105,205,87,76,2
12686.png,8.0_6.0,1,20,19,38,18,18,2
12687.png,5.0_2.0,4,29,26,59,30,22,2
12688.png,8.0,13,45,45,57,12,32,1
12689.png,1.0_6.0,6,58,80,123,65,74,2
1269.png,1.0_9.0_4.0,1,18,20,41,23,19,3
12690.png,1.0_7.0,2,22,27,40,18,25,2
12691.png,3.0_2.0_1.0,32,134,98,192,58,66,3
12692.png,1.0_7.0,2,19,18,38,19,16,2
12693.png,7.0_2.0,5,45,67,109,64,62,2
12694.png,3.0_5.0,4,31,34,54,23,30,2
12695.png,4.0_7.0,3,22,20,42,20,17,2
12696.png,6.0,3,27,34,46,19,31,1
12697.png,3.0_9.0,13,78,80,145,67,67,2
12698.png,3.0_7.0,6,21,23,34,13,17,2
12699.png,1.0_6.0_7.0,7,30,33,65,35,26,3
127.png,8.0,15,32,51,48,16,36,1
1270.png,3.0_3.0_10.0_10.0,15,73,50,143,70,35,4
12700.png,2.0_4.0,4,17,19,31,14,15,2
12701.png,5.0_3.0,4,26,35,54,28,31,2
12702.png,7.0,38,121,112,177,56,74,1
12703.png,1.0_7.0,4,47,63,95,48,59,2
12704.png,3.0_10.0,1,19,24,40,21,23,2
12705.png,6.0_10.0,26,108,52,130,22,26,2
12706.png,7.0_4.0,3,29,35,62,33,32,2
12707.png,5.0,17,45,39,59,14,22,1
12708.png,7.0_10.0,11,44,47,75,31,36,2
12709.png,4.0,4,37,34,57,20,30,1
1271.png,6.0_2.0,20,56,44,82,26,24,2
12710.png,1.0_9.0,2,19,23,29,10,21,2
12711.png,1.0_5.0_4.0,4,11,24,29,18,20,3
12712.png,4.0_10.0,15,61,69,119,58,54,2
12713.png,2.0_5.0,11,41,38,51,10,27,2
12714.png,5.0_9.0_10.0,4,22,24,45,23,20,3
12715.png,1.0_10.0,2,31,37,53,22,35,2
12716.png,4.0_2.0,4,32,37,69,37,33,2
12717.png,2.0,1,23,17,32,9,16,1
12718.png,5.0,21,28,68,52,24,47,1
12719.png,1.0_10.0,22,117,136,183,66,114,2
1272.png,3.0_5.0_6.0,22,85,75,170,85,53,3
12720.png,4.0_5.0,18,91,77,148,57,59,2
12721.png,7.0,8,39,32,50,11,24,1
12722.png,9.0_10.0,14,159,44,187,28,30,2
12723.png,1.0_10.0_3.0,1,22,25,56,34,24,3
12724.png,3.0_3.0,1,15,17,33,18,16,2
12725.png,1.0,7,42,51,61,19,44,1
12726.png,1.0_4.0,8,38,52,83,45,44,2
12727.png,3.0_3.0_5.0,18,70,61,128,58,43,3
12728.png,2.0_4.0_9.0,7,32,37,70,38,30,3
12729.png,6.0_6.0,4,32,32,52,20,28,2
1273.png,1.0_7.0_8.0,13,56,54,123,67,41,3
12730.png,1.0_5.0,3,17,18,37,20,15,2
12731.png,2.0_7.0,7,29,29,52,23,22,2
12732.png,6.0_9.0,21,91,86,152,61,65,2
12733.png,5.0_3.0_4.0,12,65,56,146,81,44,3
12734.png,2.0_9.0_10.0,11,15,46,58,43,35,3
12735.png,8.0_3.0,6,27,35,61,34,29,2
12736.png,2.0_6.0,8,46,57,75,29,49,2
12737.png,3.0_10.0,6,32,40,58,26,34,2
12738.png,4.0_2.0,2,20,25,38,18,23,2
12739.png,1.0_1.0_1.0,1,15,19,36,21,18,3
1274.png,4.0,1,24,27,37,13,26,1
12740.png,3.0_8.0,9,39,35,58,19,26,2
12741.png,2.0_9.0,29,99,83,156,57,54,2
12742.png,3.0_8.0,6,20,19,36,16,13,2
12743.png,7.0_10.0_10.0_3.0,12,36,31,82,46,19,4
12744.png,2.0,5,29,31,41,12,26,1
12745.png,8.0_9.0_7.0,3,128,59,179,51,56,3
12746.png,2.0_10.0,4,23,28,46,23,24,2
12747.png,1.0_6.0,4,18,19,30,12,15,2
12748.png,5.0,1,45,37,66,21,36,1
12749.png,4.0_4.0,4,31,35,55,24,31,2
1275.png,1.0_3.0_8.0,6,22,19,40,18,13,3
12750.png,1.0_5.0,15,66,66,108,42,51,2
12751.png,4.0_1.0,11,37,37,60,23,26,2
12752.png,3.0_7.0,1,64,88,137,73,87,2
12753.png,5.0,28,100,102,134,34,74,1
12754.png,2.0_3.0,11,50,47,90,40,36,2
12755.png,1.0_2.0,2,13,13,25,12,11,2
12756.png,1.0_7.0,3,19,20,30,11,17,2
12757.png,5.0_2.0,4,43,53,103,60,49,2
12758.png,9.0_3.0,10,40,44,71,31,34,2
12759.png,5.0_4.0,9,36,35,62,26,26,2
1276.png,1.0_4.0,2,17,16,27,10,14,2
12760.png,1.0_9.0_9.0,2,22,26,57,35,24,3
12761.png,6.0_10.0_10.0,22,91,99,150,59,77,3
12762.png,5.0,3,19,21,29,10,18,1
12763.png,2.0_7.0,15,78,91,155,77,76,2
12764.png,3.0_9.0,6,24,27,43,19,21,2
12765.png,6.0_2.0,15,61,58,107,46,43,2
12766.png,1.0_4.0_10.0,22,76,53,132,56,31,3
12767.png,2.0_4.0,5,29,26,49,20,21,2
12768.png,6.0_1.0,8,31,29,53,22,21,2
12769.png,1.0_9.0_10.0_1.0,1,11,17,43,32,16,4
1277.png,3.0_9.0_6.0,6,28,33,53,25,27,3
12770.png,2.0_2.0,9,52,67,108,56,58,2
12771.png,2.0_3.0_9.0,18,85,82,206,121,64,3
12772.png,1.0_6.0,9,56,65,112,56,56,2
12773.png,9.0_10.0,9,46,42,81,35,33,2
12774.png,2.0_3.0_9.0_5.0,12,36,40,110,74,28,4
12775.png,2.0_3.0,28,66,71,122,56,43,2
12776.png,1.0_9.0,6,33,29,52,19,23,2
12777.png,2.0_4.0_3.0_10.0,3,20,24,55,35,21,4
12778.png,1.0_1.0_1.0,24,84,101,205,121,77,3
12779.png,7.0_10.0,9,46,42,74,28,33,2
1278.png,3.0_1.0,7,38,50,79,41,43,2
12780.png,1.0_7.0,2,30,32,54,24,30,2
12781.png,3.0_7.0,3,25,34,57,32,31,2
12782.png,1.0_8.0,3,32,36,55,23,33,2
12783.png,7.0_3.0,7,27,31,58,31,24,2
12784.png,4.0_2.0,27,132,154,314,182,127,2
12785.png,1.0_3.0,9,68,83,130,62,74,2
12786.png,2.0_5.0_8.0,2,14,15,33,19,13,3
12787.png,2.0,12,50,63,83,33,51,1
12788.png,3.0_5.0,3,29,39,54,25,36,2
12789.png,4.0_9.0,16,70,78,126,56,62,2
1279.png,2.0_6.0_6.0_3.0,1,14,15,46,32,14,4
12790.png,9.0_5.0,20,55,50,90,35,30,2
12791.png,2.0_3.0_5.0,1,23,29,59,36,28,3
12792.png,1.0_10.0_4.0,8,51,63,113,62,55,3
12793.png,9.0_1.0,44,131,97,175,44,53,2
12794.png,3.0_8.0,3,21,27,40,19,24,2
12795.png,3.0_9.0,27,110,80,156,46,53,2
12796.png,5.0_3.0_4.0,4,31,38,77,46,34,3
12797.png,8.0_1.0,6,21,22,34,13,16,2
12798.png,3.0_9.0,1,25,30,51,26,29,2
12799.png,8.0,7,26,23,34,8,16,1
128.png,1.0_3.0,16,56,67,76,20,51,2
1280.png,2.0_4.0,8,31,29,47,16,21,2
12800.png,2.0_5.0_6.0,11,47,45,66,19,34,3
12801.png,6.0_2.0_3.0,10,51,50,95,44,40,3
12802.png,1.0_3.0,3,22,28,37,15,25,2
12803.png,1.0_2.0_10.0,5,22,24,42,20,19,3
12804.png,2.0_3.0_10.0,13,70,70,116,46,57,3
12805.png,1.0_3.0_10.0,7,34,32,76,42,25,3
12806.png,6.0_3.0,10,65,81,136,71,71,2
12807.png,5.0,9,38,29,46,8,20,1
12808.png,3.0_3.0,3,23,27,45,22,24,2
12809.png,1.0,27,111,102,153,42,75,1
1281.png,6.0,3,60,75,97,37,72,1
12810.png,6.0_1.0,1,22,33,41,19,32,2
12811.png,8.0_2.0,5,24,24,48,24,19,2
12812.png,2.0_5.0,5,32,34,56,24,29,2
12813.png,7.0,2,16,15,25,9,13,1
12814.png,3.0_1.0_2.0,64,134,104,179,45,40,3
12815.png,2.0_1.0,3,16,18,26,10,15,2
12816.png,8.0_6.0_3.0,13,59,52,135,76,39,3
12817.png,8.0,18,57,50,76,19,32,1
12818.png,1.0_7.0_2.0,1,9,14,39,30,13,3
12819.png,1.0_9.0,3,41,51,67,26,48,2
1282.png,8.0_8.0,8,32,31,52,20,23,2
12820.png,2.0_6.0_3.0,57,147,139,214,67,82,3
12821.png,5.0_4.0,2,18,17,28,10,15,2
12822.png,2.0_10.0,13,76,67,134,58,54,2
12823.png,6.0_9.0,3,44,51,86,42,48,2
12824.png,2.0_9.0,4,28,35,53,25,31,2
12825.png,1.0_1.0,1,15,20,38,23,19,2
12826.png,9.0_1.0,15,68,79,127,59,64,2
12827.png,2.0_5.0,1,17,18,33,16,17,2
12828.png,1.0_3.0_8.0,2,16,18,40,24,16,3
12829.png,2.0_5.0_10.0,12,54,49,102,48,37,3
1283.png,1.0_7.0_1.0_4.0,1,18,19,51,33,18,4
12830.png,3.0_4.0,1,18,27,51,33,26,2
12831.png,3.0,8,41,54,65,24,46,1
12832.png,2.0,11,36,34,49,13,23,1
12833.png,2.0_8.0_10.0,8,41,47,110,69,39,3
12834.png,2.0_1.0_8.0,1,14,19,37,23,18,3
12835.png,1.0,3,35,42,51,16,39,1
12836.png,1.0_4.0_9.0_7.0,12,93,64,142,49,52,4
12837.png,2.0_7.0_10.0,52,73,69,99,26,17,3
12838.png,5.0,13,61,66,103,42,53,1
12839.png,7.0_10.0,2,24,32,45,21,30,2
1284.png,5.0_10.0_5.0,17,63,73,111,48,56,3
12840.png,2.0_7.0_2.0,1,57,62,113,56,61,3
12841.png,3.0_10.0,6,28,39,64,36,33,2
12842.png,3.0_10.0,2,18,19,34,16,17,2
12843.png,4.0,3,25,28,32,7,25,1
12844.png,5.0_2.0,3,32,40,58,26,37,2
12845.png,1.0_7.0,13,56,57,94,38,44,2
12846.png,2.0_5.0,84,166,150,225,59,66,2
12847.png,2.0_10.0,3,22,27,43,21,24,2
12848.png,5.0,2,15,18,23,8,16,1
12849.png,1.0_7.0,7,39,47,77,38,40,2
1285.png,4.0_4.0_2.0,1,17,19,41,24,18,3
12850.png,6.0_1.0_2.0,1,21,25,53,32,24,3
12851.png,3.0,1,49,71,95,46,70,1
12852.png,9.0_4.0,6,27,31,51,24,25,2
12853.png,1.0_1.0,1,19,26,38,19,25,2
12854.png,3.0_5.0,11,53,57,93,40,46,2
12855.png,2.0_7.0_2.0,6,29,35,70,41,29,3
12856.png,4.0_3.0,1,64,76,130,66,75,2
12857.png,9.0,4,24,24,34,10,20,1
12858.png,4.0,7,27,32,42,15,25,1
12859.png,1.0_3.0_3.0,13,84,71,152,68,58,3
1286.png,4.0_1.0_8.0,1,19,24,48,29,23,3
12860.png,3.0_9.0,2,16,21,29,13,19,2
12861.png,4.0_1.0,8,47,54,102,55,46,2
12862.png,1.0_10.0,4,25,33,53,28,29,2
12863.png,4.0,6,30,28,39,9,22,1
12864.png,1.0_1.0,4,29,32,50,21,28,2
12865.png,4.0,12,56,45,68,12,33,1
12866.png,3.0_5.0_7.0,14,69,66,140,71,52,3
12867.png,1.0_1.0,4,24,30,41,17,26,2
12868.png,2.0_3.0_3.0_4.0,2,19,15,47,28,13,4
12869.png,8.0_7.0,2,16,21,31,15,19,2
1287.png,1.0_2.0_2.0,19,175,79,215,40,60,3
12870.png,1.0_3.0,2,20,22,40,20,20,2
12871.png,1.0,6,35,39,51,16,33,1
12872.png,3.0_10.0,4,25,27,40,15,23,2
12873.png,2.0_9.0,9,83,104,167,84,95,2
12874.png,8.0_8.0,12,62,61,110,48,49,2
12875.png,1.0_1.0,8,57,72,100,43,64,2
12876.png,1.0_9.0,5,39,44,71,32,39,2
12877.png,7.0_5.0_9.0,18,91,49,130,39,31,3
12878.png,3.0_8.0,17,58,52,87,29,35,2
12879.png,3.0_1.0,2,23,26,35,12,24,2
1288.png,6.0_2.0,8,39,47,98,59,39,2
12880.png,1.0,7,39,49,51,12,42,1
12881.png,4.0,2,12,13,19,7,11,1
12882.png,6.0_10.0,6,28,33,54,26,27,2
12883.png,2.0,2,31,17,36,5,15,1
12884.png,4.0_5.0,5,59,78,130,71,73,2
12885.png,4.0,5,30,35,49,19,30,1
12886.png,3.0_5.0,4,25,23,43,18,19,2
12887.png,1.0_4.0_6.0_3.0,9,41,53,88,47,44,4
12888.png,3.0,1,9,13,16,7,12,1
12889.png,5.0_8.0,12,42,39,72,30,27,2
1289.png,2.0_5.0_8.0,13,81,91,163,82,78,3
12890.png,3.0_9.0_9.0,37,56,83,117,61,46,3
12891.png,3.0_5.0,37,244,105,319,75,68,2
12892.png,3.0_3.0,8,42,42,78,36,34,2
12893.png,7.0_6.0,72,120,116,168,48,44,2
12894.png,2.0_5.0,5,23,20,44,21,15,2
12895.png,7.0_3.0,1,16,18,33,17,17,2
12896.png,1.0_9.0,25,66,56,97,31,31,2
12897.png,3.0_6.0,23,101,87,171,70,64,2
12898.png,1.0_1.0_6.0,1,28,42,66,38,41,3
12899.png,1.0_10.0_4.0,8,44,55,99,55,47,3
129.png,6.0_8.0,5,21,22,38,17,17,2
1290.png,2.0_8.0_10.0,6,32,35,70,38,29,3
12900.png,3.0_4.0,4,29,39,66,37,35,2
12901.png,2.0,3,25,24,34,9,21,1
12902.png,1.0_7.0,12,50,60,80,30,48,2
12903.png,3.0_10.0_3.0,17,38,31,62,24,14,3
12904.png,6.0_3.0,6,31,44,50,19,38,2
12905.png,2.0_4.0_6.0_6.0,39,103,110,219,116,71,4
12906.png,1.0_5.0_8.0,6,28,29,54,26,23,3
12907.png,1.0_2.0_7.0_9.0,23,103,110,195,92,87,4
12908.png,8.0,19,72,55,94,22,36,1
12909.png,8.0,1,24,26,36,12,25,1
1291.png,2.0_9.0_1.0,11,57,59,110,53,48,3
12910.png,1.0_2.0_3.0,14,90,88,171,81,74,3
12911.png,6.0,10,50,57,79,29,47,1
12912.png,4.0_4.0_1.0,14,118,43,152,34,29,3
12913.png,9.0_3.0,5,28,30,45,17,25,2
12914.png,1.0_2.0,73,126,109,156,30,36,2
12915.png,9.0_7.0,3,48,69,131,83,66,2
12916.png,8.0,5,34,31,53,19,26,1
12917.png,4.0_8.0,3,16,18,30,14,15,2
12918.png,8.0_9.0,3,60,82,122,62,79,2
12919.png,3.0_2.0_6.0_7.0,14,58,49,133,75,35,4
1292.png,2.0_8.0_9.0,14,73,119,184,111,105,3
12920.png,7.0_4.0,7,27,28,50,23,21,2
12921.png,8.0_2.0_1.0,10,57,54,106,49,44,3
12922.png,6.0_10.0_5.0,14,55,50,99,44,36,3
12923.png,8.0_10.0,6,26,33,47,21,27,2
12924.png,7.0_4.0_5.0,13,67,75,146,79,62,3
12925.png,4.0_8.0,4,35,36,66,31,32,2
12926.png,2.0,7,28,28,36,8,21,1
12927.png,2.0_2.0_5.0,15,32,60,78,46,45,3
12928.png,3.0_3.0,3,23,35,63,40,32,2
12929.png,4.0_7.0,15,49,51,73,24,36,2
1293.png,6.0_8.0,1,15,27,48,33,26,2
12930.png,5.0_3.0,6,26,21,38,12,15,2
12931.png,1.0_1.0_5.0,7,61,62,117,56,55,3
12932.png,5.0,16,56,53,71,15,37,1
12933.png,1.0_3.0,2,21,25,41,20,23,2
12934.png,9.0,2,30,28,41,11,26,1
12935.png,1.0_10.0,5,27,38,55,28,33,2
12936.png,3.0_5.0_4.0,18,56,42,99,43,24,3
12937.png,4.0_1.0,12,44,42,71,27,30,2
12938.png,1.0_7.0,1,18,15,32,14,14,2
12939.png,1.0_6.0_3.0,11,61,78,122,61,67,3
1294.png,2.0_1.0_1.0,5,29,32,56,27,27,3
12940.png,3.0_9.0,12,49,54,88,39,42,2
12941.png,9.0,10,58,64,83,25,54,1
12942.png,2.0_2.0,5,24,29,45,21,24,2
12943.png,2.0_3.0,9,50,58,93,43,49,2
12944.png,2.0_2.0,13,32,31,56,24,18,2
12945.png,2.0_4.0_3.0,13,73,79,153,80,66,3
12946.png,2.0,2,37,44,64,27,42,1
12947.png,5.0,35,127,70,155,28,35,1
12948.png,3.0_4.0_1.0,21,58,53,105,47,32,3
12949.png,4.0_8.0,3,19,21,31,12,18,2
1295.png,2.0_1.0,61,141,113,185,44,52,2
12950.png,3.0_4.0_5.0_5.0,3,20,21,60,40,18,4
12951.png,4.0_3.0,28,84,91,150,66,63,2
12952.png,7.0,4,17,21,31,14,17,1
12953.png,5.0,4,25,18,32,7,14,1
12954.png,4.0_7.0,1,20,18,30,10,17,2
12955.png,7.0,3,33,42,56,23,39,1
12956.png,1.0_2.0,11,41,43,67,26,32,2
12957.png,5.0_1.0_9.0,3,24,32,55,31,29,3
12958.png,3.0_4.0,1,13,21,31,18,20,2
12959.png,5.0_9.0_7.0,4,35,36,69,34,32,3
1296.png,3.0_5.0,2,26,31,51,25,29,2
12960.png,9.0_5.0,3,32,36,58,26,33,2
12961.png,2.0_7.0,4,19,25,33,14,21,2
12962.png,1.0_1.0,6,53,64,99,46,58,2
12963.png,3.0_4.0,45,268,104,310,42,59,2
12964.png,7.0,7,41,43,57,16,36,1
12965.png,3.0_10.0_7.0,42,207,107,322,115,65,3
12966.png,8.0,6,80,64,112,32,58,1
12967.png,3.0_1.0,1,20,24,38,18,23,2
12968.png,2.0_5.0,5,55,69,121,66,64,2
12969.png,5.0_8.0,5,31,38,66,35,33,2
1297.png,1.0_2.0_10.0,2,16,25,60,44,23,3
12970.png,2.0_6.0,2,19,24,38,19,22,2
12971.png,4.0,2,17,14,24,7,12,1
12972.png,1.0_3.0,2,21,23,36,15,21,2
12973.png,3.0_1.0_2.0,4,49,56,113,64,52,3
12974.png,1.0_7.0,3,64,86,143,79,83,2
12975.png,6.0_8.0,14,53,61,99,46,47,2
12976.png,1.0,14,44,50,65,21,36,1
12977.png,3.0,4,32,38,49,17,34,1
12978.png,4.0_1.0_10.0,36,133,63,175,42,27,3
12979.png,2.0_6.0,7,23,26,42,19,19,2
1298.png,3.0_2.0,2,22,24,47,25,22,2
12980.png,1.0_7.0_6.0,2,25,28,56,31,26,3
12981.png,1.0_6.0_10.0,78,160,137,229,69,59,3
12982.png,1.0_6.0_1.0,2,14,14,29,15,12,3
12983.png,1.0_3.0_1.0,15,54,48,88,34,33,3
12984.png,3.0_3.0,1,15,17,26,11,16,2
12985.png,9.0_3.0,3,48,51,80,32,48,2
12986.png,1.0_7.0,1,18,21,32,14,20,2
12987.png,9.0_9.0,8,23,22,34,11,14,2
12988.png,4.0_9.0,10,47,48,89,42,38,2
12989.png,1.0_5.0_4.0,1,14,19,36,22,18,3
1299.png,2.0_10.0_6.0,1,17,18,38,21,17,3
12990.png,1.0_2.0,5,16,18,36,20,13,2
12991.png,1.0_6.0_4.0,24,125,88,198,73,64,3
12992.png,3.0_7.0_6.0,18,78,63,119,41,45,3
12993.png,3.0_5.0_1.0,25,130,54,151,21,29,3
12994.png,1.0_3.0_7.0,4,24,32,44,20,28,3
12995.png,2.0_7.0_9.0,12,43,50,68,25,38,3
12996.png,7.0_9.0,21,72,41,96,24,20,2
12997.png,8.0_7.0,1,29,37,60,31,36,2
12998.png,6.0,2,16,16,24,8,14,1
12999.png,3.0_5.0,3,27,35,54,27,32,2
13.png,4.0_2.0,12,44,46,81,37,34,2
130.png,4.0,4,26,25,43,17,21,1
1300.png,2.0_2.0_1.0,12,60,66,135,75,54,3
13000.png,1.0_3.0_10.0,6,33,33,57,24,27,3
13001.png,4.0_10.0_2.0,1,23,28,57,34,27,3
13002.png,2.0_1.0,3,21,23,35,14,20,2
13003.png,8.0,2,27,22,36,9,20,1
13004.png,2.0_10.0,27,67,71,110,43,44,2
13005.png,4.0_2.0_8.0,25,93,83,179,86,58,3
13006.png,2.0_10.0_7.0,12,53,78,112,59,66,3
13007.png,5.0_8.0,8,58,83,125,67,75,2
13008.png,4.0_6.0,15,47,70,98,51,55,2
13009.png,1.0_3.0_8.0,13,32,41,53,21,28,3
1301.png,9.0_3.0_6.0,23,76,59,134,58,36,3
13010.png,2.0_1.0_6.0,2,29,35,60,31,33,3
13011.png,5.0_5.0,14,46,38,65,19,24,2
13012.png,1.0_2.0_8.0,3,18,18,34,16,15,3
13013.png,1.0_7.0,10,52,58,90,38,48,2
13014.png,3.0_6.0,15,138,91,208,70,76,2
13015.png,4.0_7.0_2.0,9,34,38,69,35,29,3
13016.png,2.0,1,14,17,24,10,16,1
13017.png,3.0_9.0,6,42,42,86,44,36,2
13018.png,4.0_2.0_5.0,28,91,80,155,64,52,3
13019.png,4.0_2.0,8,27,39,50,23,31,2
1302.png,8.0_9.0,15,78,63,114,36,48,2
13020.png,3.0_5.0,2,23,23,48,25,21,2
13021.png,5.0_5.0_9.0,2,27,27,55,28,25,3
13022.png,2.0_1.0_6.0,1,15,15,35,20,14,3
13023.png,7.0_10.0,12,47,45,73,26,33,2
13024.png,1.0_4.0,5,39,48,66,27,43,2
13025.png,6.0,1,19,25,31,12,24,1
13026.png,1.0_1.0,5,36,44,63,27,39,2
13027.png,5.0,3,23,25,36,13,22,1
13028.png,7.0,4,22,22,32,10,18,1
13029.png,1.0_9.0,3,55,67,115,60,64,2
1303.png,2.0_3.0_10.0,15,10,59,70,60,44,3
13030.png,3.0_5.0,11,59,67,93,34,56,2
13031.png,1.0,21,70,55,80,10,34,1
13032.png,9.0_5.0,8,21,30,47,26,22,2
13033.png,1.0_7.0_6.0,3,19,21,38,19,18,3
13034.png,8.0_4.0,14,64,71,121,57,57,2
13035.png,1.0_2.0_4.0,6,35,42,85,50,36,3
13036.png,1.0_10.0_4.0,54,200,104,263,63,50,3
13037.png,3.0_2.0,18,73,78,131,58,60,2
13038.png,8.0,17,151,54,172,21,37,1
13039.png,5.0_5.0_10.0,39,118,86,171,53,47,3
1304.png,2.0_1.0_8.0_3.0,3,23,26,81,58,23,4
13040.png,4.0_7.0_5.0,2,25,22,56,31,20,3
13041.png,7.0_2.0_9.0,30,68,70,120,52,40,3
13042.png,3.0_6.0,6,41,53,75,34,47,2
13043.png,8.0_10.0,7,50,58,110,60,51,2
13044.png,3.0_7.0_1.0,2,26,28,55,29,26,3
13045.png,6.0_8.0,7,63,73,144,81,66,2
13046.png,7.0_7.0_4.0,4,39,49,85,46,45,3
13047.png,2.0_3.0,4,32,40,72,40,36,2
13048.png,7.0_7.0_2.0,10,35,33,75,40,23,3
13049.png,3.0_1.0,11,58,59,102,44,48,2
1305.png,2.0_7.0_2.0,11,34,30,64,30,19,3
13050.png,4.0_8.0,6,52,58,103,51,52,2
13051.png,6.0_10.0_9.0,14,78,85,182,104,71,3
13052.png,1.0_5.0_5.0,7,49,51,94,45,44,3
13053.png,1.0_10.0,8,55,66,108,53,58,2
13054.png,3.0,2,30,27,45,15,25,1
13055.png,7.0_6.0,3,33,40,68,35,37,2
13056.png,1.0_3.0_2.0_1.0,1,17,20,46,29,19,4
13057.png,5.0_7.0,1,21,30,48,27,29,2
13058.png,6.0_7.0,1,16,20,29,13,19,2
13059.png,8.0_4.0_10.0,6,24,25,50,26,19,3
1306.png,4.0_8.0,5,32,36,60,28,31,2
13060.png,1.0_4.0,5,30,36,58,28,31,2
13061.png,3.0_5.0,3,32,34,74,42,31,2
13062.png,5.0_1.0,5,43,63,98,55,58,2
13063.png,7.0_2.0,2,24,30,49,25,28,2
13064.png,1.0_4.0_8.0,12,46,59,100,54,47,3
13065.png,4.0_8.0,18,76,83,137,61,65,2
13066.png,1.0_3.0_8.0,7,46,45,81,35,38,3
13067.png,4.0_8.0,2,26,32,52,26,30,2
13068.png,1.0_10.0,9,48,80,115,67,71,2
13069.png,1.0_7.0,3,27,37,61,34,34,2
1307.png,1.0_3.0_7.0_8.0,1,11,12,37,26,11,4
13070.png,9.0_1.0,16,63,63,106,43,47,2
13071.png,4.0_6.0,16,62,72,129,67,56,2
13072.png,1.0_2.0_1.0,1,15,14,33,18,13,3
13073.png,9.0_6.0,11,52,50,81,29,39,2
13074.png,4.0,8,41,44,63,22,36,1
13075.png,3.0_6.0_9.0,1,29,38,74,45,37,3
13076.png,7.0_6.0_7.0,10,35,28,66,31,18,3
13077.png,4.0_3.0,14,55,69,86,31,55,2
13078.png,7.0,10,45,39,58,13,29,1
13079.png,6.0_4.0,3,25,28,52,27,25,2
1308.png,2.0,5,36,48,63,27,43,1
13080.png,6.0_7.0,11,73,89,149,76,78,2
13081.png,4.0_9.0_6.0,9,36,46,76,40,37,3
13082.png,1.0_1.0,12,55,61,105,50,49,2
13083.png,2.0_1.0,16,72,81,115,43,65,2
13084.png,1.0_10.0,2,15,19,36,21,17,2
13085.png,6.0_4.0,4,28,29,50,22,25,2
13086.png,3.0_5.0_10.0,3,43,55,118,75,52,3
13087.png,2.0_7.0,7,34,37,56,22,30,2
13088.png,5.0_4.0,1,27,39,69,42,38,2
13089.png,2.0_10.0_1.0,14,48,45,89,41,31,3
1309.png,1.0_8.0_5.0,11,52,51,86,34,40,3
13090.png,4.0_1.0_10.0,2,21,20,47,26,18,3
13091.png,8.0_6.0,11,46,47,81,35,36,2
13092.png,1.0,1,15,16,21,6,15,1
13093.png,1.0_10.0_7.0_6.0,9,48,63,146,98,54,4
13094.png,1.0_8.0,4,35,40,60,25,36,2
13095.png,7.0_1.0_8.0,7,28,29,56,28,22,3
13096.png,6.0_3.0,12,60,72,111,51,60,2
13097.png,2.0_10.0_1.0_4.0,1,17,21,48,31,20,4
13098.png,8.0,2,28,32,39,11,30,1
13099.png,4.0_8.0_7.0,47,78,83,112,34,36,3
131.png,1.0_7.0_4.0,5,24,24,55,31,19,3
1310.png,6.0_3.0,10,58,74,118,60,64,2
13100.png,3.0_4.0,17,59,60,107,48,43,2
13101.png,1.0_6.0_6.0,9,38,38,81,43,29,3
13102.png,2.0_8.0,5,35,43,64,29,38,2
13103.png,2.0_2.0_10.0,13,42,46,74,32,33,3
13104.png,6.0_10.0,2,17,20,33,16,18,2
13105.png,8.0_7.0,1,38,48,90,52,47,2
13106.png,6.0_2.0,11,41,53,79,38,42,2
13107.png,9.0,3,17,15,24,7,12,1
13108.png,1.0_5.0,10,32,28,42,10,18,2
13109.png,1.0_9.0,7,48,49,77,29,42,2
1311.png,5.0,9,35,40,52,17,31,1
13110.png,1.0_2.0_10.0,18,60,60,104,44,42,3
13111.png,5.0_2.0,2,18,16,38,20,14,2
13112.png,2.0_5.0_6.0_2.0,1,29,31,78,49,30,4
13113.png,8.0,41,199,85,240,41,44,1
13114.png,1.0_2.0_5.0,2,20,25,46,26,23,3
13115.png,1.0_2.0_8.0,4,42,48,87,45,44,3
13116.png,9.0,15,57,51,85,28,36,1
13117.png,5.0_10.0,5,26,31,57,31,26,2
13118.png,3.0_9.0,11,46,47,80,34,36,2
13119.png,1.0_1.0_6.0,8,24,35,50,26,27,3
1312.png,5.0_5.0,5,31,35,65,34,30,2
13120.png,2.0_5.0_8.0_7.0,6,23,29,61,38,23,4
13121.png,4.0_8.0_5.0,4,26,39,64,38,35,3
13122.png,3.0_3.0_2.0,3,27,29,75,48,26,3
13123.png,8.0_2.0,5,30,37,65,35,32,2
13124.png,2.0_6.0_8.0,12,58,53,97,39,41,3
13125.png,2.0_10.0_2.0,17,45,63,86,41,46,3
13126.png,2.0_5.0_6.0,1,14,17,36,22,16,3
13127.png,6.0,3,28,32,42,14,29,1
13128.png,8.0_9.0,6,37,46,83,46,40,2
13129.png,3.0_4.0,4,13,17,28,15,13,2
1313.png,4.0_1.0_8.0,29,106,56,142,36,27,3
13130.png,8.0_1.0,7,26,22,35,9,15,2
13131.png,2.0_9.0,19,58,61,94,36,42,2
13132.png,7.0_6.0_5.0,8,39,39,92,53,31,3
13133.png,9.0,5,35,38,53,18,33,1
13134.png,2.0_10.0_10.0,11,74,47,141,67,36,3
13135.png,4.0_7.0,9,40,39,64,24,30,2
13136.png,2.0_10.0_2.0,21,34,53,81,47,32,3
13137.png,1.0_6.0_6.0,1,21,25,57,36,24,3
13138.png,2.0_9.0,8,37,35,63,26,27,2
13139.png,8.0_2.0,4,23,22,43,20,18,2
1314.png,3.0_4.0_5.0,44,101,110,189,88,66,3
13140.png,1.0_3.0,7,30,28,51,21,21,2
13141.png,2.0_7.0,26,76,60,108,32,34,2
13142.png,1.0_4.0_2.0_10.0,8,30,36,79,49,28,4
13143.png,9.0_5.0,5,31,26,56,25,21,2
13144.png,1.0_3.0,1,21,23,38,17,22,2
13145.png,4.0,7,0,39,13,13,32,1
13146.png,5.0_8.0,6,38,47,72,34,41,2
13147.png,1.0_10.0_4.0,4,39,63,100,61,59,3
13148.png,5.0_5.0,3,48,62,106,58,59,2
13149.png,6.0_10.0_6.0,52,115,83,159,44,31,3
1315.png,5.0_7.0,12,16,98,95,79,86,2
13150.png,6.0,4,25,32,49,24,28,1
13151.png,4.0_8.0,2,28,29,61,33,27,2
13152.png,3.0_4.0,10,35,42,66,31,32,2
13153.png,3.0_7.0,1,16,19,37,21,18,2
13154.png,3.0_6.0,1,18,23,42,24,22,2
13155.png,2.0_10.0,8,54,63,121,67,55,2
13156.png,1.0_5.0_10.0,12,56,70,106,50,58,3
13157.png,2.0_7.0,75,191,176,259,68,101,2
13158.png,9.0_10.0,3,19,19,35,16,16,2
13159.png,4.0_2.0,4,36,41,69,33,37,2
1316.png,3.0_6.0_1.0,89,244,136,341,97,47,3
13160.png,1.0_3.0,1,14,18,31,17,17,2
13161.png,3.0_10.0,1,21,29,58,37,28,2
13162.png,2.0,5,19,25,36,17,20,1
13163.png,7.0_4.0,8,65,79,129,64,71,2
13164.png,4.0_4.0_5.0,10,35,33,68,33,23,3
13165.png,4.0_3.0,4,29,36,59,30,32,2
13166.png,3.0_3.0,12,48,40,64,16,28,2
13167.png,4.0_10.0,6,23,22,37,14,16,2
13168.png,2.0_10.0_8.0,4,31,33,59,28,29,3
13169.png,1.0_8.0_2.0,1,15,18,36,21,17,3
1317.png,1.0_1.0_4.0,11,46,36,89,43,25,3
13170.png,2.0_6.0,3,30,27,55,25,24,2
13171.png,2.0_1.0_5.0,28,117,110,188,71,82,3
13172.png,7.0_7.0,1,26,28,60,34,27,2
13173.png,6.0_4.0,1,29,37,56,27,36,2
13174.png,9.0_3.0,9,44,45,83,39,36,2
13175.png,3.0_3.0,6,31,32,54,23,26,2
13176.png,4.0_10.0,4,35,31,56,21,27,2
13177.png,3.0_3.0,1,21,29,44,23,28,2
13178.png,2.0_10.0_10.0,12,13,60,71,58,48,3
13179.png,2.0_1.0,17,41,40,62,21,23,2
1318.png,8.0_1.0,24,201,124,310,109,100,2
13180.png,4.0,11,39,36,53,14,25,1
13181.png,1.0_7.0_1.0,10,50,58,117,67,48,3
13182.png,1.0_5.0,16,87,102,157,70,86,2
13183.png,1.0_7.0_8.0,4,29,31,63,34,27,3
13184.png,1.0_10.0_7.0,12,35,33,62,27,21,3
13185.png,8.0_6.0,17,81,68,125,44,51,2
13186.png,6.0_2.0,2,30,39,57,27,37,2
13187.png,1.0_5.0_5.0,3,28,34,67,39,31,3
13188.png,1.0_8.0_4.0,1,14,16,31,17,15,3
13189.png,2.0_8.0_8.0,22,69,50,101,32,28,3
1319.png,3.0_6.0,7,27,26,52,25,19,2
13190.png,4.0,6,32,27,41,9,21,1
13191.png,1.0_9.0_7.0,14,64,59,119,55,45,3
13192.png,1.0_1.0,1,33,42,71,38,41,2
13193.png,1.0_2.0_9.0,6,24,37,54,30,31,3
13194.png,1.0_3.0_6.0,1,25,32,59,34,31,3
13195.png,8.0,3,18,20,30,12,17,1
13196.png,1.0_7.0_9.0,3,14,16,33,19,13,3
13197.png,1.0_4.0_8.0,6,37,44,108,71,38,3
13198.png,6.0,4,30,31,43,13,27,1
13199.png,7.0_9.0_6.0,9,25,22,50,25,13,3
132.png,9.0_8.0,8,78,87,158,80,79,2
1320.png,6.0,4,16,17,23,7,13,1
13200.png,7.0_3.0,6,35,35,48,13,29,2
13201.png,2.0_10.0_8.0_2.0,1,26,29,79,53,28,4
13202.png,1.0_5.0,1,12,15,29,17,14,2
13203.png,2.0_9.0,2,16,17,31,15,15,2
13204.png,5.0_5.0,3,21,23,44,23,20,2
13205.png,3.0_8.0,7,29,32,60,31,25,2
13206.png,3.0_2.0,1,26,24,38,12,23,2
13207.png,4.0_7.0,8,33,38,50,17,30,2
13208.png,1.0_6.0_4.0,5,21,25,54,33,20,3
13209.png,6.0_8.0,5,31,39,52,21,34,2
1321.png,3.0_9.0,3,42,39,71,29,36,2
13210.png,1.0_10.0_10.0,6,28,31,65,37,25,3
13211.png,1.0_5.0,6,20,27,37,17,21,2
13212.png,1.0_4.0,24,77,80,135,58,56,2
13213.png,2.0,24,86,74,103,17,50,1
13214.png,2.0,11,72,61,99,27,50,1
13215.png,1.0_5.0,44,136,146,196,60,102,2
13216.png,3.0,5,17,25,27,10,20,1
13217.png,2.0_3.0,2,23,23,46,23,21,2
13218.png,1.0_1.0_1.0,6,38,39,72,34,33,3
13219.png,2.0,3,28,25,38,10,22,1
1322.png,3.0_4.0,5,27,26,51,24,21,2
13220.png,2.0_1.0,13,64,68,122,58,55,2
13221.png,6.0_2.0,45,248,113,306,58,68,2
13222.png,1.0_3.0_8.0_6.0,4,6,18,31,25,14,4
13223.png,2.0_3.0,15,48,42,69,21,27,2
13224.png,2.0_2.0,3,29,37,60,31,34,2
13225.png,1.0_5.0_5.0,21,50,48,82,32,27,3
13226.png,1.0_10.0_10.0,40,101,96,165,64,56,3
13227.png,2.0_10.0,6,50,43,81,31,37,2
13228.png,1.0_2.0,5,41,49,87,46,44,2
13229.png,1.0_2.0,6,45,58,87,42,52,2
1323.png,1.0_7.0_2.0,6,25,27,44,19,21,3
13230.png,1.0_3.0,2,24,31,52,28,29,2
13231.png,8.0_4.0_3.0,16,59,61,104,45,45,3
13232.png,2.0_1.0,9,42,45,76,34,36,2
13233.png,5.0_3.0,1,20,21,39,19,20,2
13234.png,2.0_2.0_1.0_9.0,7,39,47,77,38,40,4
13235.png,2.0_10.0,10,35,39,54,19,29,2
13236.png,6.0_2.0,6,25,26,51,26,20,2
13237.png,1.0_5.0,11,40,44,62,22,33,2
13238.png,9.0,5,20,25,34,14,20,1
13239.png,5.0_9.0,8,47,62,99,52,54,2
1324.png,4.0_10.0_3.0,9,32,29,62,30,20,3
13240.png,3.0_2.0,3,18,24,33,15,21,2
13241.png,1.0_7.0_1.0,6,29,26,50,21,20,3
13242.png,4.0_2.0,5,31,38,62,31,33,2
13243.png,8.0_3.0,7,26,31,46,20,24,2
13244.png,5.0_1.0,1,19,15,30,11,14,2
13245.png,3.0_4.0,7,22,25,36,14,18,2
13246.png,9.0,3,17,21,28,11,18,1
13247.png,2.0_4.0_7.0,3,26,29,67,41,26,3
13248.png,4.0_2.0_9.0,8,30,31,59,29,23,3
13249.png,3.0,3,24,21,35,11,18,1
1325.png,1.0_6.0,7,41,45,64,23,38,2
13250.png,1.0_2.0,2,26,31,48,22,29,2
13251.png,2.0,10,40,36,51,11,26,1
13252.png,8.0_10.0,7,45,48,85,40,41,2
13253.png,1.0_10.0_10.0_9.0,24,79,67,144,65,43,4
13254.png,7.0_1.0,19,51,43,74,23,24,2
13255.png,1.0_7.0,6,31,26,43,12,20,2
13256.png,4.0_9.0,27,71,51,99,28,24,2
13257.png,3.0_1.0,33,100,59,131,31,26,2
13258.png,6.0_4.0_6.0,12,61,49,121,60,37,3
13259.png,1.0_2.0,6,35,40,70,35,34,2
1326.png,4.0_6.0,7,25,25,45,20,18,2
13260.png,2.0,5,28,26,36,8,21,1
13261.png,1.0_4.0_5.0_4.0,1,11,13,37,26,12,4
13262.png,9.0_6.0,6,36,46,80,44,40,2
13263.png,4.0,2,28,22,39,11,20,1
13264.png,4.0_5.0,11,47,46,81,34,35,2
13265.png,3.0,5,20,17,28,8,12,1
13266.png,1.0_7.0,9,48,32,67,19,23,2
13267.png,1.0_7.0,39,127,134,221,94,95,2
13268.png,3.0_2.0,8,52,56,112,60,48,2
13269.png,6.0,18,77,56,95,18,38,1
1327.png,2.0_10.0_7.0,8,64,63,147,83,55,3
13270.png,2.0_5.0_1.0,1,32,41,87,55,40,3
13271.png,2.0_10.0_8.0,14,46,56,85,39,42,3
13272.png,1.0_8.0,17,83,73,131,48,56,2
13273.png,1.0_5.0,3,24,30,45,21,27,2
13274.png,1.0_8.0,9,43,59,84,41,50,2
13275.png,4.0_7.0_8.0,12,62,51,122,60,39,3
13276.png,2.0_5.0_8.0,10,38,28,66,28,18,3
13277.png,2.0_3.0_3.0,11,49,43,93,44,32,3
13278.png,2.0,4,45,42,70,25,38,1
13279.png,5.0_9.0,16,36,47,77,41,31,2
1328.png,1.0_1.0_2.0,6,41,65,130,89,59,3
13280.png,1.0_2.0,4,18,21,36,18,17,2
13281.png,2.0_9.0,3,22,22,44,22,19,2
13282.png,8.0,6,28,19,37,9,13,1
13283.png,9.0_5.0,6,28,38,58,30,32,2
13284.png,3.0_8.0,13,59,65,116,57,52,2
13285.png,7.0,2,14,16,26,12,14,1
13286.png,5.0_5.0,1,22,28,48,26,27,2
13287.png,4.0_6.0,8,57,48,105,48,40,2
13288.png,1.0_3.0_8.0,23,108,68,153,45,45,3
13289.png,4.0_4.0,1,21,19,38,17,18,2
1329.png,1.0_2.0_2.0,7,30,36,66,36,29,3
13290.png,1.0_4.0_5.0,16,73,92,174,101,76,3
13291.png,1.0_5.0,5,30,38,51,21,33,2
13292.png,5.0_8.0,1,14,12,25,11,11,2
13293.png,1.0_9.0,9,31,33,56,25,24,2
13294.png,5.0,1,13,15,21,8,14,1
13295.png,1.0_5.0_8.0,5,25,24,45,20,19,3
13296.png,1.0_4.0_10.0,14,82,79,171,89,65,3
13297.png,5.0_1.0,5,37,46,77,40,41,2
13298.png,1.0_5.0_5.0,16,97,38,122,25,22,3
13299.png,2.0_7.0,8,57,52,82,25,44,2
133.png,4.0_4.0,13,91,113,176,85,100,2
1330.png,3.0_5.0,3,24,24,49,25,21,2
13300.png,7.0_3.0,14,47,62,94,47,48,2
13301.png,1.0_3.0,6,33,35,60,27,29,2
13302.png,1.0,3,39,54,60,21,51,1
13303.png,6.0_2.0_1.0,16,53,90,152,99,74,3
13304.png,4.0_4.0,8,34,38,62,28,30,2
13305.png,1.0_3.0_10.0,1,18,22,36,18,21,3
13306.png,1.0_4.0,3,16,20,32,16,17,2
13307.png,7.0_7.0,8,35,33,58,23,25,2
13308.png,1.0_5.0,3,23,37,58,35,34,2
13309.png,1.0_10.0_5.0,1,30,34,75,45,33,3
1331.png,1.0_3.0_4.0_2.0,2,26,31,95,69,29,4
13310.png,1.0_10.0,10,57,75,129,72,65,2
13311.png,6.0_1.0,7,42,40,65,23,33,2
13312.png,6.0_3.0,4,36,42,72,36,38,2
13313.png,8.0_2.0,1,23,29,50,27,28,2
13314.png,3.0_5.0,11,70,80,126,56,69,2
13315.png,4.0_5.0,13,42,46,65,23,33,2
13316.png,2.0_3.0_3.0_4.0,4,26,33,65,39,29,4
13317.png,4.0_3.0,1,23,27,51,28,26,2
13318.png,2.0_6.0_1.0,23,102,109,195,93,86,3
13319.png,5.0_3.0,12,92,102,174,82,90,2
1332.png,1.0_10.0,5,48,66,112,64,61,2
13320.png,2.0_2.0,9,42,41,86,44,32,2
13321.png,1.0_1.0_1.0,20,94,111,165,71,91,3
13322.png,7.0_9.0,4,30,38,81,51,34,2
13323.png,3.0,11,89,40,114,25,29,1
13324.png,3.0_2.0,6,30,32,53,23,26,2
13325.png,1.0_4.0,11,46,52,88,42,41,2
13326.png,1.0_4.0,4,28,29,87,59,25,2
13327.png,1.0_5.0_5.0,9,28,33,50,22,24,3
13328.png,1.0_9.0,6,37,43,60,23,37,2
13329.png,8.0_10.0,4,32,47,60,28,43,2
1333.png,4.0_7.0,1,18,20,34,16,19,2
13330.png,5.0_3.0,3,28,36,56,28,33,2
13331.png,1.0_8.0_7.0,8,44,43,75,31,35,3
13332.png,2.0,24,73,63,94,21,39,1
13333.png,1.0_5.0_9.0,9,40,40,74,34,31,3
13334.png,1.0_4.0_3.0,67,155,126,230,75,59,3
13335.png,4.0_1.0,3,23,27,57,34,24,2
13336.png,5.0,5,29,36,50,21,31,1
13337.png,1.0_5.0_10.0,2,24,31,52,28,29,3
13338.png,6.0_8.0,1,20,23,37,17,22,2
13339.png,2.0_4.0,2,29,43,69,40,41,2
1334.png,1.0_3.0,13,49,56,82,33,43,2
13340.png,5.0_6.0,7,42,41,71,29,34,2
13341.png,5.0,3,41,44,63,22,41,1
13342.png,7.0_1.0_9.0,16,70,50,116,46,34,3
13343.png,7.0_3.0,1,22,28,48,26,27,2
13344.png,1.0_1.0_4.0,4,39,34,64,25,30,3
13345.png,1.0_4.0_8.0,7,36,35,67,31,28,3
13346.png,2.0_1.0,16,95,112,166,71,96,2
13347.png,2.0_7.0,3,26,28,50,24,25,2
13348.png,4.0_6.0,1,23,30,45,22,29,2
13349.png,3.0_6.0,78,151,104,187,36,26,2
1335.png,2.0,2,28,24,41,13,22,1
13350.png,8.0_5.0_9.0,17,59,73,130,71,56,3
13351.png,9.0_8.0_5.0,0,66,82,123,57,82,3
13352.png,2.0_5.0_6.0,2,20,20,44,24,18,3
13353.png,3.0_3.0,2,26,20,40,14,18,2
13354.png,3.0_8.0,15,69,73,129,60,58,2
13355.png,1.0_10.0,11,46,45,67,21,34,2
13356.png,6.0_8.0,10,44,45,65,21,35,2
13357.png,4.0_2.0,14,92,108,192,100,94,2
13358.png,2.0_10.0,10,47,48,69,22,38,2
13359.png,6.0_1.0_2.0,26,130,104,198,68,78,3
1336.png,2.0_4.0,5,26,28,45,19,23,2
13360.png,2.0,1,18,17,24,6,16,1
13361.png,2.0_7.0,4,28,33,61,33,29,2
13362.png,1.0_5.0,1,41,58,87,46,57,2
13363.png,1.0_8.0,1,19,24,36,17,23,2
13364.png,5.0_7.0,7,26,26,42,16,19,2
13365.png,2.0_8.0,2,26,38,66,40,36,2
13366.png,7.0_7.0,4,22,28,46,24,24,2
13367.png,6.0_9.0,8,40,34,65,25,26,2
13368.png,4.0_2.0,9,34,33,59,25,24,2
13369.png,5.0_5.0,16,95,51,128,33,35,2
1337.png,1.0_1.0_1.0,11,66,75,130,64,64,3
13370.png,10.0,5,41,35,59,18,30,1
13371.png,9.0,1,19,19,26,7,18,1
13372.png,3.0_7.0,3,34,40,55,21,37,2
13373.png,2.0_8.0_3.0_9.0,1,19,19,61,42,18,4
13374.png,1.0_4.0,5,38,49,111,73,44,2
13375.png,3.0_1.0,14,118,139,227,109,125,2
13376.png,2.0_1.0_9.0,6,17,36,57,40,30,3
13377.png,1.0_9.0,13,30,58,75,45,45,2
13378.png,3.0_1.0_8.0,6,115,145,265,150,139,3
13379.png,1.0_9.0_1.0,1,18,14,39,21,13,3
1338.png,1.0_1.0_10.0,2,24,27,49,25,25,3
13380.png,9.0,5,30,34,47,17,29,1
13381.png,5.0_7.0,9,56,53,109,53,44,2
13382.png,2.0_9.0,10,60,64,96,36,54,2
13383.png,8.0_3.0,17,101,101,174,73,84,2
13384.png,1.0,12,42,40,53,11,28,1
13385.png,2.0_1.0,1,24,30,51,27,29,2
13386.png,2.0_7.0_10.0_1.0,1,30,35,91,61,34,4
13387.png,5.0_10.0,20,78,81,146,68,61,2
13388.png,7.0_5.0,7,43,50,75,32,43,2
13389.png,4.0_2.0_5.0,22,90,104,171,81,82,3
1339.png,6.0_7.0,1,13,21,31,18,20,2
13390.png,4.0_8.0_3.0,134,157,157,191,34,23,3
13391.png,2.0_9.0_3.0,14,98,121,124,26,107,3
13392.png,5.0_1.0,13,55,71,101,46,58,2
13393.png,4.0_3.0,4,46,54,99,53,50,2
13394.png,3.0_10.0,49,72,79,106,34,30,2
13395.png,6.0_10.0,1,17,14,32,15,13,2
13396.png,9.0_10.0,38,122,98,166,44,60,2
13397.png,6.0_9.0,8,242,109,319,77,101,2
13398.png,1.0_10.0_10.0,7,74,92,191,117,85,3
13399.png,4.0_4.0,1,24,39,63,39,38,2
134.png,9.0,2,16,16,25,9,14,1
1340.png,1.0_10.0,10,32,41,63,31,31,2
13400.png,4.0_2.0,8,36,40,59,23,32,2
13401.png,1.0,5,44,50,58,14,45,1
13402.png,2.0_3.0_10.0,9,44,34,78,34,25,3
13403.png,6.0_8.0,2,29,34,62,33,32,2
13404.png,1.0_9.0,1,29,32,55,26,31,2
13405.png,2.0_2.0_2.0,50,109,85,158,49,35,3
13406.png,8.0_2.0_10.0,14,74,86,141,67,72,3
13407.png,1.0_10.0,15,70,78,143,73,63,2
13408.png,1.0_4.0,3,22,24,41,19,21,2
13409.png,2.0,8,37,40,65,28,32,1
1341.png,4.0_1.0_4.0,30,78,74,155,77,44,3
13410.png,7.0_8.0_1.0,14,45,31,73,28,17,3
13411.png,8.0_10.0_7.0,26,105,71,168,63,45,3
13412.png,1.0_3.0,7,36,31,57,21,24,2
13413.png,3.0_5.0_6.0,13,51,43,92,41,30,3
13414.png,1.0_1.0_1.0,23,90,92,193,103,69,3
13415.png,2.0_8.0_10.0_1.0,1,17,16,50,33,15,4
13416.png,1.0_9.0,11,70,66,106,36,55,2
13417.png,9.0_6.0_3.0,163,349,206,398,49,43,3
13418.png,1.0_10.0,6,58,54,98,40,48,2
13419.png,4.0_8.0,3,16,20,35,19,17,2
1342.png,1.0_10.0_4.0_2.0,11,47,46,114,67,35,4
13420.png,2.0_2.0_8.0,1,13,13,32,19,12,3
13421.png,1.0_7.0_7.0,20,97,82,200,103,62,3
13422.png,2.0_6.0,9,44,32,68,24,23,2
13423.png,7.0_5.0,3,26,32,64,38,29,2
13424.png,10.0,8,50,33,58,8,25,1
13425.png,6.0_7.0,14,54,41,89,35,27,2
13426.png,8.0_2.0,4,30,41,59,29,37,2
13427.png,2.0_5.0_1.0,22,86,76,140,54,54,3
13428.png,1.0_4.0,3,19,22,39,20,19,2
13429.png,1.0_4.0,2,24,22,49,25,20,2
1343.png,2.0,9,52,47,78,26,38,1
13430.png,6.0,12,43,37,56,13,25,1
13431.png,1.0_5.0,7,46,47,76,30,40,2
13432.png,2.0_5.0,1,29,37,68,39,36,2
13433.png,1.0_5.0_7.0,28,88,84,140,52,56,3
13434.png,1.0,9,31,33,41,10,24,1
13435.png,6.0,11,71,76,109,38,65,1
13436.png,1.0_2.0_8.0,7,36,40,62,26,33,3
13437.png,6.0,1,17,20,29,12,19,1
13438.png,6.0_4.0,4,26,23,45,19,19,2
13439.png,2.0,10,46,39,65,19,29,1
1344.png,2.0,1,13,13,21,8,12,1
13440.png,2.0_4.0,4,36,48,78,42,44,2
13441.png,7.0_4.0,1,12,14,26,14,13,2
13442.png,1.0_8.0_1.0,10,51,31,81,30,21,3
13443.png,5.0_6.0,1,17,27,43,26,26,2
13444.png,1.0_7.0,8,30,25,46,16,17,2
13445.png,6.0_10.0,12,74,74,152,78,62,2
13446.png,2.0_5.0,3,38,49,88,50,46,2
13447.png,8.0_9.0,21,66,44,96,30,23,2
13448.png,1.0_9.0,10,59,79,111,52,69,2
13449.png,1.0_3.0,1,13,14,24,11,13,2
1345.png,4.0_1.0_5.0,31,56,63,92,36,32,3
13450.png,7.0_9.0,3,28,29,47,19,26,2
13451.png,6.0,14,71,83,116,45,69,1
13452.png,7.0,12,43,46,55,12,34,1
13453.png,2.0_1.0_5.0,7,31,29,55,24,22,3
13454.png,4.0,4,23,19,31,8,15,1
13455.png,1.0_10.0_2.0,16,58,71,159,101,55,3
13456.png,1.0_10.0_2.0,8,29,42,66,37,34,3
13457.png,1.0_6.0,4,18,21,34,16,17,2
13458.png,4.0,5,23,61,56,33,56,1
13459.png,1.0_2.0_7.0,12,14,35,66,52,23,3
1346.png,1.0_9.0,4,36,46,86,50,42,2
13460.png,1.0_1.0_8.0,22,76,65,132,56,43,3
13461.png,7.0,7,40,56,67,27,49,1
13462.png,2.0_5.0_9.0,2,27,29,72,45,27,3
13463.png,2.0_3.0,6,24,32,51,27,26,2
13464.png,4.0_1.0,2,22,22,40,18,20,2
13465.png,7.0_10.0,16,60,34,82,22,18,2
13466.png,3.0_1.0_9.0,5,52,76,118,66,71,3
13467.png,2.0_10.0_3.0_8.0,30,92,78,169,77,48,4
13468.png,4.0_9.0_7.0,23,98,91,187,89,68,3
13469.png,2.0,2,31,28,48,17,26,1
1347.png,3.0_6.0,4,41,49,85,44,45,2
13470.png,5.0_5.0,8,40,48,72,32,40,2
13471.png,5.0_5.0,7,34,39,65,31,32,2
13472.png,1.0_7.0_10.0_8.0,17,101,96,291,190,79,4
13473.png,1.0_4.0,10,35,36,63,28,26,2
13474.png,1.0_10.0_1.0,4,25,24,54,29,20,3
13475.png,4.0_8.0,4,56,73,152,96,69,2
13476.png,2.0_4.0,10,47,46,76,29,36,2
13477.png,1.0_1.0_10.0,15,82,73,140,58,58,3
13478.png,1.0_10.0_5.0_3.0,41,69,76,131,62,35,4
13479.png,2.0_7.0_5.0,25,98,94,165,67,69,3
1348.png,1.0_1.0_8.0,62,107,132,183,76,70,3
13480.png,3.0_5.0,3,18,21,28,10,18,2
13481.png,2.0,3,18,22,30,12,19,1
13482.png,1.0,1,22,18,28,6,17,1
13483.png,1.0_4.0,5,27,34,62,35,29,2
13484.png,3.0,5,23,21,32,9,16,1
13485.png,2.0_7.0,16,58,49,84,26,33,2
13486.png,7.0_5.0,7,37,33,63,26,26,2
13487.png,4.0_6.0,5,40,52,88,48,47,2
13488.png,3.0,14,103,121,159,56,107,1
13489.png,1.0_5.0,1,23,29,38,15,28,2
1349.png,8.0_4.0,5,27,25,44,17,20,2
13490.png,3.0_1.0_2.0,11,66,61,138,72,50,3
13491.png,1.0_10.0_8.0,17,63,65,146,83,48,3
13492.png,9.0_1.0,2,21,28,45,24,26,2
13493.png,2.0,12,60,61,83,23,49,1
13494.png,1.0_1.0_2.0,1,14,21,31,17,20,3
13495.png,2.0_2.0,7,30,42,56,26,35,2
13496.png,1.0_2.0,6,44,53,86,42,47,2
13497.png,2.0_6.0,14,47,56,83,36,42,2
13498.png,10.0,13,76,52,97,21,39,1
13499.png,2.0_1.0_7.0_8.0,2,19,21,50,31,19,4
135.png,6.0_8.0,2,26,31,53,27,29,2
1350.png,3.0_10.0_3.0,15,46,33,70,24,18,3
13500.png,5.0,2,15,17,25,10,15,1
13501.png,6.0,3,24,22,35,11,19,1
13502.png,1.0_10.0_2.0,7,51,62,88,37,55,3
13503.png,2.0_1.0_3.0,3,31,39,63,32,36,3
13504.png,5.0_3.0,7,29,36,55,26,29,2
13505.png,9.0_1.0,16,51,51,87,36,35,2
13506.png,5.0,7,29,27,39,10,20,1
13507.png,1.0_9.0_10.0,12,39,41,71,32,29,3
13508.png,3.0_2.0_7.0,5,37,40,103,66,35,3
13509.png,1.0_6.0_6.0,13,45,43,76,31,30,3
1351.png,4.0_1.0_10.0,2,18,21,40,22,19,3
13510.png,6.0_1.0,6,35,50,88,53,44,2
13511.png,5.0_4.0,7,41,46,67,26,39,2
13512.png,4.0,14,48,39,66,18,25,1
13513.png,2.0_2.0,32,50,52,80,30,20,2
13514.png,2.0_3.0_10.0,7,30,33,75,45,26,3
13515.png,1.0_6.0,12,200,108,262,62,96,2
13516.png,3.0,8,29,26,40,11,18,1
13517.png,4.0_5.0_1.0,1,17,24,35,18,23,3
13518.png,5.0,11,37,44,61,24,33,1
13519.png,1.0_3.0_4.0,9,44,45,89,45,36,3
1352.png,3.0_3.0,19,74,41,103,29,22,2
13520.png,6.0,2,39,38,55,16,36,1
13521.png,4.0_4.0_5.0,11,46,38,78,32,27,3
13522.png,2.0,12,44,42,62,18,30,1
13523.png,4.0_10.0,1,21,24,49,28,23,2
13524.png,5.0_10.0,1,19,22,37,18,21,2
13525.png,4.0_2.0_5.0,8,31,31,62,31,23,3
13526.png,1.0_5.0_2.0,15,94,92,194,100,77,3
13527.png,1.0_10.0,8,49,58,94,45,50,2
13528.png,8.0_10.0_10.0,12,46,58,84,38,46,3
13529.png,3.0,11,66,75,96,30,64,1
1353.png,5.0,11,46,42,63,17,31,1
13530.png,7.0,20,66,81,99,33,61,1
13531.png,1.0_2.0_3.0,4,23,25,66,43,21,3
13532.png,1.0_8.0_1.0,1,30,35,120,90,34,3
13533.png,3.0_10.0_3.0,27,56,46,79,23,19,3
13534.png,1.0_1.0_7.0,10,43,51,98,55,41,3
13535.png,5.0_2.0,12,38,40,68,30,28,2
13536.png,4.0_7.0_7.0,61,89,193,209,120,132,3
13537.png,1.0_10.0_1.0,3,22,16,38,16,13,3
13538.png,2.0_7.0_1.0_5.0,1,10,17,45,35,16,4
13539.png,2.0,4,39,30,47,8,26,1
1354.png,4.0_1.0,18,80,85,145,65,67,2
13540.png,8.0,5,25,24,35,10,19,1
13541.png,2.0_2.0_9.0,2,25,24,48,23,22,3
13542.png,2.0_5.0_6.0,21,106,71,159,53,50,3
13543.png,3.0,13,40,42,57,17,29,1
13544.png,5.0_1.0,7,45,39,65,20,32,2
13545.png,8.0,4,23,20,32,9,16,1
13546.png,2.0_4.0_10.0,5,47,48,91,44,43,3
13547.png,3.0_6.0_5.0,25,123,64,196,73,39,3
13548.png,6.0_2.0,3,35,40,67,32,37,2
13549.png,2.0_6.0,4,32,42,72,40,38,2
1355.png,3.0_8.0,5,28,29,55,27,24,2
13550.png,7.0_9.0,10,53,52,93,40,42,2
13551.png,4.0_7.0,5,21,27,40,19,22,2
13552.png,1.0_1.0_9.0,2,34,47,109,75,45,3
13553.png,1.0_2.0_6.0,12,81,98,222,141,86,3
13554.png,3.0_9.0,12,60,72,123,63,60,2
13555.png,4.0_10.0,3,17,20,33,16,17,2
13556.png,4.0,2,29,22,37,8,20,1
13557.png,1.0_10.0,27,88,76,132,44,49,2
13558.png,5.0_7.0_1.0,17,54,40,86,32,23,3
13559.png,5.0,1,19,18,30,11,17,1
1356.png,1.0_10.0,4,46,57,98,52,53,2
13560.png,7.0_2.0,3,15,15,26,11,12,2
13561.png,3.0_7.0,10,45,59,87,42,49,2
13562.png,3.0_2.0_10.0,68,137,106,186,49,38,3
13563.png,4.0_5.0_10.0_4.0,5,37,41,113,76,36,4
13564.png,1.0_1.0,1,22,29,48,26,28,2
13565.png,1.0_4.0,1,38,57,77,39,56,2
13566.png,1.0_6.0_9.0,14,83,41,119,36,27,3
13567.png,4.0_1.0,11,57,59,106,49,48,2
13568.png,1.0,10,66,75,97,31,65,1
13569.png,1.0,7,39,50,57,18,43,1
1357.png,2.0_9.0_6.0,1,18,19,41,23,18,3
13570.png,2.0_3.0,26,56,110,139,83,84,2
13571.png,5.0_5.0,3,18,21,29,11,18,2
13572.png,9.0_4.0,12,28,34,53,25,22,2
13573.png,2.0_1.0,5,50,63,90,40,58,2
13574.png,8.0_9.0,3,29,33,56,27,30,2
13575.png,2.0,14,46,45,68,22,31,1
13576.png,4.0_1.0,13,41,51,78,37,38,2
13577.png,5.0_2.0,5,40,39,78,38,34,2
13578.png,1.0_1.0_1.0,17,7,49,51,44,32,3
13579.png,1.0,3,23,25,32,9,22,1
1358.png,3.0_8.0,5,24,25,43,19,20,2
13580.png,2.0_4.0,5,41,58,88,47,53,2
13581.png,4.0_6.0,14,48,53,80,32,39,2
13582.png,1.0_2.0_8.0,2,18,22,44,26,20,3
13583.png,5.0_5.0_10.0,4,30,33,76,46,29,3
13584.png,1.0_1.0_4.0,2,21,22,44,23,20,3
13585.png,1.0_6.0,5,23,23,37,14,18,2
13586.png,2.0_1.0_5.0,7,36,46,68,32,39,3
13587.png,1.0_4.0_1.0,12,78,102,144,66,90,3
13588.png,5.0_10.0_6.0,5,39,48,105,66,43,3
13589.png,1.0_10.0_5.0,1,21,29,53,32,28,3
1359.png,3.0_6.0,9,59,81,132,73,72,2
13590.png,1.0_10.0_6.0,22,111,105,239,128,83,3
13591.png,2.0_3.0,26,94,62,139,45,36,2
13592.png,4.0_8.0,16,65,74,104,39,58,2
13593.png,2.0_3.0,6,52,67,124,72,61,2
13594.png,6.0_2.0,3,27,36,44,17,33,2
13595.png,2.0_9.0,7,30,32,48,18,25,2
13596.png,1.0_10.0_10.0,8,30,35,68,38,27,3
13597.png,2.0_4.0,7,69,80,115,46,73,2
13598.png,6.0_5.0,1,24,36,54,30,35,2
13599.png,4.0_10.0,2,32,38,76,44,36,2
136.png,2.0,10,52,47,67,15,37,1
1360.png,2.0_7.0_5.0_7.0,4,40,40,81,41,36,4
13600.png,1.0_1.0_2.0,6,29,36,69,40,30,3
13601.png,1.0_4.0,5,37,39,60,23,34,2
13602.png,5.0_7.0,1,44,58,109,65,57,2
13603.png,7.0_10.0,2,28,36,61,33,34,2
13604.png,1.0_1.0,5,31,38,54,23,33,2
13605.png,3.0_2.0,2,24,29,47,23,27,2
13606.png,2.0_10.0_7.0,13,10,33,29,19,20,3
13607.png,9.0_8.0,1,18,22,39,21,21,2
13608.png,3.0_2.0,3,19,22,38,19,19,2
13609.png,3.0_1.0,1,39,59,100,61,58,2
1361.png,1.0_1.0_7.0_10.0,15,65,62,167,102,47,4
13610.png,9.0_6.0,1,14,18,34,20,17,2
13611.png,2.0_5.0_8.0,11,46,43,96,50,32,3
13612.png,5.0_10.0_3.0,10,34,46,86,52,36,3
13613.png,4.0,16,88,108,164,76,92,1
13614.png,5.0_10.0_7.0_8.0,14,59,63,144,85,49,4
13615.png,1.0_8.0,12,45,57,92,47,45,2
13616.png,2.0_10.0_4.0,25,41,45,69,28,20,3
13617.png,1.0,2,14,19,22,8,17,1
13618.png,4.0_2.0_9.0,1,23,24,67,44,23,3
13619.png,4.0_1.0,19,55,57,86,31,38,2
1362.png,1.0_8.0,6,29,31,52,23,25,2
13620.png,6.0_7.0,1,40,51,90,50,50,2
13621.png,9.0_2.0,7,67,96,159,92,89,2
13622.png,2.0_6.0,6,26,27,48,22,21,2
13623.png,7.0_5.0,3,27,25,45,18,22,2
13624.png,2.0_6.0_6.0,3,38,43,97,59,40,3
13625.png,3.0_3.0,6,40,36,70,30,30,2
13626.png,1.0_10.0,5,46,43,80,34,38,2
13627.png,3.0_7.0,7,19,25,30,11,18,2
13628.png,3.0_1.0_3.0,14,57,53,93,36,39,3
13629.png,4.0_4.0_5.0,2,18,21,40,22,19,3
1363.png,5.0_8.0,20,61,71,106,45,51,2
13630.png,5.0_5.0,5,41,48,84,43,43,2
13631.png,8.0_9.0,6,44,59,95,51,53,2
13632.png,4.0,8,39,46,66,27,38,1
13633.png,1.0_10.0_8.0,5,21,22,41,20,17,3
13634.png,6.0_2.0,26,67,70,108,41,44,2
13635.png,3.0_5.0,1,14,14,28,14,13,2
13636.png,1.0_6.0_7.0,20,63,58,101,38,38,3
13637.png,2.0,14,49,45,67,18,31,1
13638.png,2.0_4.0,2,26,29,60,34,27,2
13639.png,8.0_6.0,10,54,54,88,34,44,2
1364.png,4.0_1.0,16,46,52,77,31,36,2
13640.png,4.0_9.0,1,15,21,33,18,20,2
13641.png,5.0_7.0,1,19,23,45,26,22,2
13642.png,3.0_5.0,21,67,47,95,28,26,2
13643.png,3.0_4.0,1,20,22,36,16,21,2
13644.png,1.0,5,17,16,21,4,11,1
13645.png,9.0,4,31,42,54,23,38,1
13646.png,4.0_3.0,13,53,45,79,26,32,2
13647.png,3.0,9,35,40,51,16,31,1
13648.png,4.0_9.0,6,24,25,45,21,19,2
13649.png,2.0_1.0_4.0,3,31,32,71,40,29,3
1365.png,2.0,10,42,32,56,14,22,1
13650.png,1.0_3.0,8,35,40,56,21,32,2
13651.png,2.0_10.0,11,47,39,73,26,28,2
13652.png,4.0_2.0_2.0,2,41,55,122,81,53,3
13653.png,1.0_9.0_9.0,1,17,20,38,21,19,3
13654.png,1.0_5.0,22,73,55,112,39,33,2
13655.png,4.0,7,40,20,48,8,13,1
13656.png,1.0_2.0_9.0,9,34,31,67,33,22,3
13657.png,2.0_10.0,4,26,30,52,26,26,2
13658.png,2.0_6.0_5.0,1,28,32,70,42,31,3
13659.png,1.0_10.0,1,29,37,50,21,36,2
1366.png,5.0_10.0,9,38,35,71,33,26,2
13660.png,1.0_3.0,4,31,36,55,24,32,2
13661.png,3.0,5,41,43,56,15,38,1
13662.png,1.0_9.0_8.0,14,56,58,92,36,44,3
13663.png,1.0_6.0,7,38,48,71,33,41,2
13664.png,8.0,5,43,48,63,20,43,1
13665.png,1.0_10.0_5.0,16,129,55,178,49,39,3
13666.png,5.0,2,22,21,33,11,19,1
13667.png,2.0_2.0,12,57,56,113,56,44,2
13668.png,1.0_6.0_10.0,4,18,23,46,28,19,3
13669.png,4.0_4.0,2,40,61,88,48,59,2
1367.png,5.0,6,34,41,53,19,35,1
13670.png,6.0_3.0,14,81,92,148,67,78,2
13671.png,1.0_2.0,31,51,112,100,49,81,2
13672.png,8.0_3.0,3,26,27,46,20,24,2
13673.png,4.0_2.0,2,55,64,108,53,62,2
13674.png,5.0,56,107,100,125,18,44,1
13675.png,8.0_5.0,4,35,37,62,27,33,2
13676.png,2.0_2.0,1,14,13,22,8,12,2
13677.png,4.0,5,23,23,37,14,18,1
13678.png,9.0_3.0,1,15,13,27,12,12,2
13679.png,1.0,2,18,18,22,4,16,1
1368.png,4.0_10.0,14,47,35,73,26,21,2
13680.png,3.0_10.0,1,32,37,74,42,36,2
13681.png,2.0_5.0,5,30,40,61,31,35,2
13682.png,1.0_3.0,3,20,24,34,14,21,2
13683.png,3.0_8.0,34,192,196,377,185,162,2
13684.png,7.0_4.0_5.0,27,96,56,133,37,29,3
13685.png,3.0_4.0,4,28,26,51,23,22,2
13686.png,2.0_4.0,5,19,22,33,14,17,2
13687.png,1.0_3.0_8.0,5,21,23,37,16,18,3
13688.png,8.0_7.0,15,64,62,131,67,47,2
13689.png,2.0,39,109,114,143,34,75,1
1369.png,2.0_10.0_7.0,2,31,38,68,37,36,3
13690.png,1.0_2.0_5.0,28,105,115,194,89,87,3
13691.png,4.0_6.0_3.0_10.0,1,23,25,80,57,24,4
13692.png,7.0_8.0,11,57,68,116,59,57,2
13693.png,5.0_10.0,7,31,42,75,44,35,2
13694.png,3.0_7.0,10,45,43,81,36,33,2
13695.png,3.0_6.0,10,76,103,144,68,93,2
13696.png,7.0_8.0,3,41,55,95,54,52,2
13697.png,3.0_4.0,1,16,22,37,21,21,2
13698.png,6.0,6,30,42,48,18,36,1
13699.png,2.0_8.0_2.0,2,29,36,54,25,34,3
137.png,1.0_10.0,10,50,53,87,37,43,2
1370.png,2.0_3.0_3.0_10.0,2,26,20,63,37,18,4
13700.png,7.0_4.0,24,102,103,180,78,79,2
13701.png,2.0_5.0,8,32,42,64,32,34,2
13702.png,2.0_3.0,12,58,68,108,50,56,2
13703.png,4.0_9.0_5.0,7,42,38,88,46,31,3
13704.png,6.0_8.0_4.0,9,34,31,65,31,22,3
13705.png,6.0,4,32,32,46,14,28,1
13706.png,3.0_7.0,13,56,63,102,46,50,2
13707.png,6.0_6.0,1,19,25,34,15,24,2
13708.png,1.0_4.0,3,44,50,81,37,47,2
13709.png,3.0_1.0,5,23,30,43,20,25,2
1371.png,2.0_3.0,3,23,29,40,17,26,2
13710.png,8.0,8,43,48,69,26,40,1
13711.png,2.0_10.0,3,41,52,94,53,49,2
13712.png,2.0_3.0_4.0,3,31,35,74,43,32,3
13713.png,7.0_10.0,16,68,73,122,54,57,2
13714.png,1.0_2.0,17,84,83,164,80,66,2
13715.png,5.0_5.0,29,125,81,188,63,52,2
13716.png,3.0_8.0,1,18,16,35,17,15,2
13717.png,4.0_4.0,1,20,21,35,15,20,2
13718.png,9.0_10.0,6,22,23,41,19,17,2
13719.png,3.0_4.0,3,22,24,41,19,21,2
1372.png,9.0_1.0_3.0,4,35,34,74,39,30,3
13720.png,6.0_10.0,11,58,72,121,63,61,2
13721.png,1.0_1.0_8.0_6.0,22,98,103,193,95,81,4
13722.png,4.0,1,20,21,30,10,20,1
13723.png,2.0_5.0,2,29,34,59,30,32,2
13724.png,2.0_9.0,1,16,15,29,13,14,2
13725.png,2.0_9.0,63,131,92,157,26,29,2
13726.png,3.0_4.0,3,17,17,31,14,14,2
13727.png,8.0_9.0,5,32,35,59,27,30,2
13728.png,9.0,2,27,31,42,15,29,1
13729.png,2.0,6,28,36,44,16,30,1
1373.png,1.0_5.0_10.0,0,18,22,69,51,22,3
13730.png,7.0_9.0,5,37,48,70,33,43,2
13731.png,6.0_6.0,1,25,27,48,23,26,2
13732.png,6.0,7,50,59,78,28,52,1
13733.png,1.0_8.0,6,23,24,39,16,18,2
13734.png,5.0,11,49,44,66,17,33,1
13735.png,5.0,6,87,118,146,59,112,1
13736.png,4.0_8.0,22,82,98,174,92,76,2
13737.png,4.0_7.0,2,18,21,35,17,19,2
13738.png,1.0_7.0,3,18,22,38,20,19,2
13739.png,4.0_1.0,1,19,25,36,17,24,2
1374.png,3.0_1.0_5.0,3,18,17,41,23,14,3
13740.png,1.0_3.0_1.0_6.0,22,27,59,100,73,37,4
13741.png,5.0_8.0,6,30,33,61,31,27,2
13742.png,1.0_8.0_1.0,3,21,22,34,13,19,3
13743.png,5.0_4.0,27,103,100,169,66,73,2
13744.png,2.0_3.0_10.0,18,70,63,117,47,45,3
13745.png,1.0_1.0,5,49,63,91,42,58,2
13746.png,4.0_3.0_10.0,14,53,36,87,34,22,3
13747.png,3.0_7.0,8,28,31,51,23,23,2
13748.png,1.0_5.0,9,39,47,88,49,38,2
13749.png,1.0_2.0_8.0,8,33,31,55,22,23,3
1375.png,9.0_10.0,6,28,27,54,26,21,2
13750.png,2.0_2.0,24,97,108,196,99,84,2
13751.png,4.0_1.0,5,30,26,42,12,21,2
13752.png,4.0_2.0_4.0,1,20,23,49,29,22,3
13753.png,9.0,13,68,69,104,36,56,1
13754.png,1.0_1.0_5.0,1,12,16,28,16,15,3
13755.png,2.0_1.0,3,44,53,87,43,50,2
13756.png,4.0,17,92,95,131,39,78,1
13757.png,4.0_2.0,3,20,25,37,17,22,2
13758.png,3.0_10.0,3,27,23,49,22,20,2
13759.png,2.0_10.0_6.0_3.0,4,23,22,64,41,18,4
1376.png,1.0_3.0_4.0,19,91,73,143,52,54,3
13760.png,3.0_2.0_1.0_5.0,1,22,29,52,30,28,4
13761.png,4.0_6.0,6,28,35,47,19,29,2
13762.png,7.0_7.0,2,20,23,45,25,21,2
13763.png,8.0_10.0,2,23,30,50,27,28,2
13764.png,2.0_6.0,9,49,63,100,51,54,2
13765.png,9.0_7.0,5,32,43,70,38,38,2
13766.png,2.0_10.0,5,27,27,49,22,22,2
13767.png,4.0_4.0,17,47,47,73,26,30,2
13768.png,2.0_1.0,3,24,31,53,29,28,2
13769.png,9.0,14,68,89,116,48,75,1
1377.png,4.0_5.0,1,23,24,41,18,23,2
13770.png,5.0,1,32,22,41,9,21,1
13771.png,9.0_9.0,3,43,63,93,50,60,2
13772.png,3.0,4,19,16,30,11,12,1
13773.png,1.0_2.0,2,19,23,28,9,21,2
13774.png,8.0_4.0,6,54,67,134,80,61,2
13775.png,7.0_1.0,14,54,110,135,81,96,2
13776.png,4.0_3.0,10,46,49,94,48,39,2
13777.png,1.0_2.0_8.0,1,16,19,41,25,18,3
13778.png,7.0,14,17,53,38,21,39,1
13779.png,1.0,9,56,55,78,22,46,1
1378.png,1.0_10.0,7,32,35,50,18,28,2
13780.png,4.0_1.0,5,19,20,34,15,15,2
13781.png,3.0_10.0,1,25,28,39,14,27,2
13782.png,2.0_9.0,3,33,38,66,33,35,2
13783.png,5.0_7.0,1,24,30,44,20,29,2
13784.png,8.0,10,43,48,59,16,38,1
13785.png,1.0,6,28,25,33,5,19,1
13786.png,5.0_10.0_10.0,17,58,59,119,61,42,3
13787.png,1.0_9.0_5.0_10.0,2,23,22,62,39,20,4
13788.png,1.0_1.0,7,24,30,44,20,23,2
13789.png,3.0_10.0,5,35,42,67,32,37,2
1379.png,2.0_3.0_5.0_9.0,1,15,16,47,32,15,4
13790.png,8.0,9,35,35,47,12,26,1
13791.png,5.0,11,55,55,81,26,44,1
13792.png,3.0_10.0,4,64,86,136,72,82,2
13793.png,2.0_3.0_5.0,71,94,105,126,32,34,3
13794.png,4.0_5.0_4.0,11,50,56,126,76,45,3
13795.png,4.0_6.0,3,22,29,40,18,26,2
13796.png,7.0_5.0,8,40,44,65,25,36,2
13797.png,8.0_8.0,3,18,26,48,30,23,2
13798.png,1.0_1.0,4,26,29,44,18,25,2
13799.png,1.0_9.0_10.0,6,60,78,156,96,72,3
138.png,4.0_6.0,15,60,56,101,41,41,2
1380.png,1.0_9.0_10.0,2,18,15,36,18,13,3
13800.png,4.0_5.0,11,59,73,114,55,62,2
13801.png,2.0_7.0_7.0,12,68,64,120,52,52,3
13802.png,2.0_5.0_2.0,13,70,62,130,60,49,3
13803.png,7.0_2.0,0,62,91,169,107,91,2
13804.png,4.0_5.0,5,29,32,58,29,27,2
13805.png,2.0_6.0_3.0_8.0,25,118,106,191,73,81,4
13806.png,1.0_7.0,8,9,39,35,26,31,2
13807.png,1.0_10.0,1,21,22,39,18,21,2
13808.png,6.0_6.0,1,22,30,49,27,29,2
13809.png,8.0_5.0,13,57,57,101,44,44,2
1381.png,4.0_5.0,2,23,29,51,28,27,2
13810.png,4.0_5.0_1.0,21,91,83,145,54,62,3
13811.png,1.0_10.0,8,49,63,114,65,55,2
13812.png,1.0_5.0_4.0,16,78,93,168,90,77,3
13813.png,3.0_7.0_8.0,11,56,63,84,28,52,3
13814.png,1.0_9.0_10.0,22,72,76,147,75,54,3
13815.png,2.0_1.0_5.0,10,48,58,122,74,48,3
13816.png,3.0,32,127,141,191,64,109,1
13817.png,5.0_9.0,6,33,30,54,21,24,2
13818.png,5.0,41,159,174,246,87,133,1
13819.png,1.0_3.0,7,38,49,79,41,42,2
1382.png,1.0_3.0_6.0,1,40,61,121,81,60,3
13820.png,1.0_8.0_3.0,7,40,42,93,53,35,3
13821.png,1.0_4.0,3,43,57,90,47,54,2
13822.png,4.0_1.0_9.0,15,61,54,121,60,39,3
13823.png,8.0_8.0,3,27,30,47,20,27,2
13824.png,1.0_10.0_10.0,6,38,42,77,39,36,3
13825.png,3.0,4,51,50,84,33,46,1
13826.png,9.0_8.0,5,26,25,41,15,20,2
13827.png,1.0_10.0_2.0,3,23,24,43,20,21,3
13828.png,5.0_9.0,3,19,27,47,28,24,2
13829.png,4.0,5,51,64,103,52,59,1
1383.png,8.0,12,60,70,93,33,58,1
13830.png,1.0_6.0_3.0,3,25,35,94,69,32,3
13831.png,6.0,10,57,66,92,35,56,1
13832.png,5.0_2.0,10,49,49,80,31,39,2
13833.png,6.0_8.0,3,21,19,41,20,16,2
13834.png,6.0_8.0,9,66,83,158,92,74,2
13835.png,4.0,1,93,62,114,21,61,1
13836.png,6.0_2.0_10.0,20,136,127,276,140,107,3
13837.png,2.0_10.0,21,62,54,110,48,33,2
13838.png,2.0_1.0,12,51,52,79,28,40,2
13839.png,6.0_4.0,21,77,77,114,37,56,2
1384.png,6.0_2.0,6,44,42,78,34,36,2
13840.png,3.0,4,21,30,36,15,26,1
13841.png,6.0,4,28,29,40,12,25,1
13842.png,9.0_3.0,14,54,37,78,24,23,2
13843.png,3.0_9.0,10,52,60,106,54,50,2
13844.png,2.0_10.0_5.0,7,47,44,96,49,37,3
13845.png,4.0_6.0,1,58,66,110,52,65,2
13846.png,1.0_1.0_5.0,16,79,81,138,59,65,3
13847.png,5.0_3.0_7.0,12,30,58,69,39,46,3
13848.png,1.0_3.0,5,27,36,45,18,31,2
13849.png,2.0_9.0,11,36,36,59,23,25,2
1385.png,1.0_9.0,3,22,28,42,20,25,2
13850.png,5.0_7.0,14,46,36,69,23,22,2
13851.png,6.0,9,69,75,97,28,66,1
13852.png,2.0_4.0,4,24,24,40,16,20,2
13853.png,2.0_1.0_1.0_5.0,26,92,108,168,76,82,4
13854.png,2.0,6,23,22,34,11,16,1
13855.png,2.0_7.0,14,47,57,108,61,43,2
13856.png,1.0_1.0,8,39,40,61,22,32,2
13857.png,1.0_4.0,12,42,32,63,21,20,2
13858.png,1.0_10.0_5.0,9,33,26,52,19,17,3
13859.png,3.0_8.0_3.0,2,17,20,40,23,18,3
1386.png,10.0,4,2,21,11,9,17,1
13860.png,6.0_6.0,5,30,39,63,33,34,2
13861.png,1.0_10.0,1,23,32,52,29,31,2
13862.png,1.0_7.0,5,33,24,47,14,19,2
13863.png,4.0_7.0,10,68,81,117,49,71,2
13864.png,5.0,3,37,49,60,23,46,1
13865.png,6.0_5.0,12,38,38,60,22,26,2
13866.png,2.0,13,44,45,62,18,32,1
13867.png,8.0_7.0,3,24,27,40,16,24,2
13868.png,8.0,5,34,38,54,20,33,1
13869.png,2.0_9.0,8,60,70,114,54,62,2
1387.png,4.0_10.0,9,33,31,54,21,22,2
13870.png,4.0_4.0,3,39,52,78,39,49,2
13871.png,2.0_4.0_1.0_8.0,1,18,18,47,29,17,4
13872.png,1.0_8.0,1,20,24,44,24,23,2
13873.png,1.0_10.0_2.0,11,42,41,75,33,30,3
13874.png,2.0_7.0,26,76,56,98,22,30,2
13875.png,6.0_9.0,9,8,56,64,56,47,2
13876.png,4.0_2.0,3,29,34,54,25,31,2
13877.png,8.0_3.0,5,30,34,64,34,29,2
13878.png,1.0_1.0,23,127,90,195,68,67,2
13879.png,5.0_1.0,7,32,40,61,29,33,2
1388.png,2.0_7.0,6,30,32,53,23,26,2
13880.png,4.0_5.0,5,46,49,76,30,44,2
13881.png,3.0_3.0_6.0,1,16,17,44,28,16,3
13882.png,3.0_5.0_3.0,1,20,19,42,22,18,3
13883.png,1.0_6.0_5.0,20,71,63,133,62,43,3
13884.png,2.0_2.0,6,37,43,82,45,37,2
13885.png,4.0_6.0_8.0,7,38,35,71,33,28,3
13886.png,4.0_8.0,3,28,31,48,20,28,2
13887.png,6.0,5,25,29,43,18,24,1
13888.png,1.0_8.0_9.0,16,133,70,215,82,54,3
13889.png,1.0_2.0_4.0,1,19,14,33,14,13,3
1389.png,3.0_6.0,5,33,39,63,30,34,2
13890.png,2.0_4.0_9.0,11,54,57,116,62,46,3
13891.png,4.0,5,24,27,37,13,22,1
13892.png,4.0_7.0,1,28,40,67,39,39,2
13893.png,1.0_7.0_1.0_7.0,18,135,42,169,34,24,4
13894.png,3.0_3.0,4,18,19,28,10,15,2
13895.png,4.0_3.0_7.0,19,118,59,151,33,40,3
13896.png,2.0_5.0_6.0,11,31,31,58,27,20,3
13897.png,2.0_9.0,21,157,78,208,51,57,2
13898.png,2.0_1.0_9.0_5.0,11,55,29,90,35,18,4
13899.png,3.0,3,23,24,31,8,21,1
139.png,2.0_8.0,1,21,25,48,27,24,2
1390.png,3.0_10.0,5,28,30,59,31,25,2
13900.png,2.0_8.0,6,34,46,77,43,40,2
13901.png,2.0_2.0_2.0,4,27,29,63,36,25,3
13902.png,2.0_1.0,5,38,51,80,42,46,2
13903.png,1.0_10.0_10.0,3,18,23,40,22,20,3
13904.png,1.0_7.0_8.0,41,175,83,229,54,42,3
13905.png,1.0_10.0_1.0,1,18,21,34,16,20,3
13906.png,4.0_1.0_5.0,12,69,77,111,42,65,3
13907.png,1.0_3.0,5,22,27,36,14,22,2
13908.png,2.0,5,63,81,105,42,76,1
13909.png,2.0_6.0,2,24,30,53,29,28,2
1391.png,1.0_1.0,12,23,40,34,11,28,2
13910.png,2.0_5.0_7.0_6.0,2,21,21,54,33,19,4
13911.png,1.0_3.0_7.0,35,78,61,112,34,26,3
13912.png,1.0_1.0,6,22,19,29,7,13,2
13913.png,4.0_7.0,6,19,18,35,16,12,2
13914.png,7.0_10.0_2.0,8,61,68,140,79,60,3
13915.png,8.0_1.0,10,41,45,72,31,35,2
13916.png,3.0,1,21,25,35,14,24,1
13917.png,10.0,16,93,64,120,27,48,1
13918.png,1.0_2.0,7,38,47,84,46,40,2
13919.png,1.0_10.0_4.0,15,77,64,121,44,49,3
1392.png,2.0_5.0_10.0,9,32,39,66,34,30,3
13920.png,4.0_10.0,1,26,32,53,27,31,2
13921.png,4.0_10.0_6.0,18,62,47,96,34,29,3
13922.png,2.0_10.0_6.0,13,74,47,109,35,34,3
13923.png,2.0_5.0_1.0,18,71,54,136,65,36,3
13924.png,3.0_4.0,6,23,30,42,19,24,2
13925.png,1.0_6.0,7,46,53,88,42,46,2
13926.png,1.0_9.0_3.0,10,42,45,100,58,35,3
13927.png,3.0_3.0,7,26,33,54,28,26,2
13928.png,6.0_2.0,15,58,72,120,62,57,2
13929.png,7.0,3,27,28,41,14,25,1
1393.png,1.0_1.0,10,60,77,110,50,67,2
13930.png,2.0_10.0_4.0,4,41,43,79,38,39,3
13931.png,2.0_5.0_5.0,4,35,39,69,34,35,3
13932.png,2.0_10.0,4,15,21,35,20,17,2
13933.png,3.0_9.0,3,15,22,29,14,19,2
13934.png,4.0_9.0,20,76,59,120,44,39,2
13935.png,9.0,6,20,24,31,11,18,1
13936.png,1.0_9.0_5.0_10.0,1,18,18,43,25,17,4
13937.png,1.0_9.0,1,21,26,40,19,25,2
13938.png,3.0_10.0,8,43,52,96,53,44,2
13939.png,1.0_8.0,1,29,40,59,30,39,2
1394.png,1.0_9.0_1.0,4,17,17,33,16,13,3
13940.png,3.0,1,11,18,22,11,17,1
13941.png,1.0_6.0_10.0,12,46,58,121,75,46,3
13942.png,1.0_4.0_7.0_9.0,6,25,23,68,43,17,4
13943.png,1.0_5.0,17,66,53,103,37,36,2
13944.png,4.0_6.0_5.0,19,153,92,258,105,73,3
13945.png,1.0_4.0,3,27,38,48,21,35,2
13946.png,8.0_7.0,8,29,38,60,31,30,2
13947.png,5.0_8.0,12,47,43,90,43,31,2
13948.png,3.0_9.0,15,55,64,103,48,49,2
13949.png,4.0_2.0,6,25,27,45,20,21,2
1395.png,1.0_9.0,8,67,84,121,54,76,2
13950.png,3.0,18,61,54,90,29,36,1
13951.png,6.0_4.0,11,47,56,91,44,45,2
13952.png,5.0_2.0,2,18,22,39,21,20,2
13953.png,3.0_1.0,2,18,21,31,13,19,2
13954.png,1.0_6.0,3,16,18,30,14,15,2
13955.png,9.0,17,170,106,221,51,89,1
13956.png,4.0,3,19,21,27,8,18,1
13957.png,2.0_7.0,14,62,56,101,39,42,2
13958.png,2.0_1.0,23,79,84,149,70,61,2
13959.png,2.0_7.0,13,56,66,104,48,53,2
1396.png,4.0_8.0,21,136,138,219,83,117,2
13960.png,5.0_7.0_10.0,19,86,58,130,44,39,3
13961.png,1.0_3.0,5,19,22,31,12,17,2
13962.png,3.0_5.0,45,140,144,226,86,99,2
13963.png,2.0_10.0,14,49,55,95,46,41,2
13964.png,4.0,1,24,22,34,10,21,1
13965.png,1.0_9.0,1,14,17,26,12,16,2
13966.png,7.0,8,119,96,169,50,88,1
13967.png,3.0_8.0,1,17,20,33,16,19,2
13968.png,3.0_1.0,3,25,29,42,17,26,2
13969.png,2.0_5.0,5,31,33,59,28,28,2
1397.png,6.0_10.0,24,95,97,171,76,73,2
13970.png,9.0_5.0,3,25,23,50,25,20,2
13971.png,4.0_6.0,3,17,41,61,44,38,2
13972.png,2.0_5.0_10.0_10.0,15,49,40,104,55,25,4
13973.png,8.0_5.0,21,83,78,140,57,57,2
13974.png,1.0_8.0,10,39,44,65,26,34,2
13975.png,6.0_10.0,6,32,34,54,22,28,2
13976.png,6.0_6.0,21,66,46,100,34,25,2
13977.png,1.0_5.0,12,76,95,148,72,83,2
13978.png,2.0_1.0_4.0,4,19,22,37,18,18,3
13979.png,4.0_6.0,24,95,90,169,74,66,2
1398.png,7.0_1.0,3,30,32,51,21,29,2
13980.png,2.0,8,53,60,74,21,52,1
13981.png,10.0_8.0,1,33,34,67,34,33,2
13982.png,3.0_3.0,1,20,21,37,17,20,2
13983.png,3.0_5.0,8,36,38,83,47,30,2
13984.png,5.0_4.0,8,43,47,78,35,39,2
13985.png,1.0_10.0_9.0_7.0,18,70,82,141,71,64,4
13986.png,9.0_9.0,34,96,65,124,28,31,2
13987.png,8.0,1,14,14,21,7,13,1
13988.png,2.0_4.0,2,18,22,34,16,20,2
13989.png,3.0_8.0,7,54,69,111,57,62,2
1399.png,1.0_3.0,1,20,22,43,23,21,2
13990.png,5.0_6.0,5,83,84,137,54,79,2
13991.png,2.0_10.0,24,93,98,169,76,74,2
13992.png,1.0_3.0,10,51,66,98,47,56,2
13993.png,1.0_8.0_9.0,2,22,25,43,21,23,3
13994.png,5.0_4.0,8,31,34,51,20,26,2
13995.png,4.0,9,50,69,79,29,60,1
13996.png,1.0_5.0,4,24,28,45,21,24,2
13997.png,3.0,4,33,41,58,25,37,1
13998.png,7.0_6.0,4,23,24,43,20,20,2
13999.png,6.0_6.0,11,46,42,84,38,31,2
14.png,5.0_8.0,2,35,44,78,43,42,2
140.png,9.0,1,18,19,30,12,18,1
1400.png,1.0_3.0_10.0_8.0,11,45,32,87,42,21,4
14000.png,4.0,3,26,19,40,14,16,1
14001.png,6.0,3,37,54,67,30,51,1
14002.png,1.0_2.0_8.0,8,30,27,53,23,19,3
14003.png,2.0_5.0_4.0,1,134,92,223,89,91,3
14004.png,3.0_4.0,3,20,22,37,17,19,2
14005.png,9.0_4.0,3,36,40,72,36,37,2
14006.png,1.0_2.0_4.0,9,48,59,104,56,50,3
14007.png,1.0_10.0_10.0,2,15,16,36,21,14,3
14008.png,5.0_5.0,2,32,39,74,42,37,2
14009.png,9.0_10.0,37,89,83,134,45,46,2
1401.png,1.0_2.0_5.0,12,32,44,75,43,32,3
14010.png,5.0_10.0_9.0,5,23,25,48,25,20,3
14011.png,1.0_1.0_6.0_2.0,15,66,55,116,50,40,4
14012.png,1.0_10.0,13,39,46,74,35,33,2
14013.png,2.0_1.0,8,22,22,34,12,14,2
14014.png,1.0_4.0_7.0,1,25,33,60,35,32,3
14015.png,9.0_4.0,13,42,35,61,19,22,2
14016.png,2.0_1.0,1,21,28,46,25,27,2
14017.png,1.0_8.0,6,35,44,72,37,38,2
14018.png,4.0,1,15,18,25,10,17,1
14019.png,6.0_10.0_2.0,20,80,82,141,61,62,3
1402.png,2.0_1.0_4.0,4,22,26,45,23,22,3
14020.png,2.0_2.0_4.0_1.0,9,60,52,119,59,43,4
14021.png,5.0_3.0_5.0,30,49,61,94,45,31,3
14022.png,5.0_10.0_4.0,20,77,45,120,43,25,3
14023.png,3.0_1.0_6.0,83,162,128,211,49,45,3
14024.png,2.0_4.0,8,39,33,55,16,25,2
14025.png,2.0_4.0_1.0_2.0,1,14,15,46,32,14,4
14026.png,5.0_10.0_1.0,11,99,96,206,107,85,3
14027.png,1.0_3.0,4,30,37,54,24,33,2
14028.png,9.0_10.0,1,14,16,32,18,15,2
14029.png,8.0_10.0,1,22,25,48,26,24,2
1403.png,7.0,7,37,36,51,14,29,1
14030.png,1.0_9.0_10.0,12,51,48,91,40,36,3
14031.png,7.0,4,21,20,29,8,16,1
14032.png,4.0_6.0,9,52,49,94,42,40,2
14033.png,6.0,12,55,55,78,23,43,1
14034.png,3.0_8.0,6,40,53,76,36,47,2
14035.png,9.0,3,40,52,69,29,49,1
14036.png,1.0_2.0_10.0,8,41,39,65,24,31,3
14037.png,3.0,6,23,22,31,8,16,1
14038.png,4.0,0,28,34,46,18,34,1
14039.png,2.0,3,21,17,30,9,14,1
1404.png,9.0_4.0,3,31,34,61,30,31,2
14040.png,5.0_4.0,4,23,24,38,15,20,2
14041.png,2.0_1.0,13,13,54,48,35,41,2
14042.png,3.0_8.0,5,19,21,37,18,16,2
14043.png,3.0_4.0,2,18,20,28,10,18,2
14044.png,6.0_10.0,17,93,114,186,93,97,2
14045.png,3.0_1.0_4.0,14,54,39,82,28,25,3
14046.png,7.0,12,64,83,95,31,71,1
14047.png,3.0_6.0,8,38,47,61,23,39,2
14048.png,7.0,3,26,29,42,16,26,1
14049.png,4.0_9.0,5,25,33,54,29,28,2
1405.png,2.0_10.0_2.0,3,32,39,72,40,36,3
14050.png,2.0_1.0,1,17,20,34,17,19,2
14051.png,2.0_5.0_5.0,43,149,67,183,34,24,3
14052.png,7.0_3.0,3,17,21,31,14,18,2
14053.png,8.0_1.0,18,65,73,119,54,55,2
14054.png,2.0_5.0_1.0,15,71,74,133,62,59,3
14055.png,5.0_2.0_2.0,21,68,85,144,76,64,3
14056.png,1.0_10.0_6.0,3,20,25,58,38,22,3
14057.png,1.0_2.0,7,29,38,48,19,31,2
14058.png,1.0_1.0_4.0,9,27,29,58,31,20,3
14059.png,3.0_8.0,2,39,48,91,52,46,2
1406.png,2.0_10.0_6.0,12,103,52,183,80,40,3
14060.png,1.0_4.0_3.0,27,105,73,167,62,46,3
14061.png,3.0,9,39,52,64,25,43,1
14062.png,9.0,32,149,169,220,71,137,1
14063.png,1.0_5.0_9.0,14,69,71,146,77,57,3
14064.png,8.0_1.0,5,28,32,42,14,27,2
14065.png,7.0_2.0,9,70,84,147,77,75,2
14066.png,4.0_10.0,1,21,24,54,33,23,2
14067.png,3.0,6,57,47,85,28,41,1
14068.png,6.0_9.0,4,33,36,76,43,32,2
14069.png,9.0,14,89,123,158,69,109,1
1407.png,5.0_10.0,3,17,19,37,20,16,2
14070.png,5.0_5.0,5,43,55,73,30,50,2
14071.png,6.0,4,24,27,38,14,23,1
14072.png,1.0_9.0,1,29,36,60,31,35,2
14073.png,2.0_4.0,14,83,64,146,63,50,2
14074.png,3.0_5.0_1.0,4,34,34,71,37,30,3
14075.png,3.0_10.0,3,26,29,59,33,26,2
14076.png,4.0_10.0,3,28,32,57,29,29,2
14077.png,1.0_3.0,3,24,29,45,21,26,2
14078.png,2.0_1.0,14,58,68,119,61,54,2
14079.png,4.0_7.0_9.0,14,56,61,146,90,47,3
1408.png,3.0,5,34,40,47,13,35,1
14080.png,9.0_10.0,4,20,21,39,19,17,2
14081.png,3.0_5.0_5.0,15,50,35,82,32,20,3
14082.png,2.0_9.0,2,16,23,32,16,21,2
14083.png,8.0_10.0,24,70,61,97,27,37,2
14084.png,2.0_3.0,1,12,13,25,13,12,2
14085.png,1.0_4.0_9.0,7,34,36,56,22,29,3
14086.png,2.0_9.0,1,25,33,63,38,32,2
14087.png,2.0_10.0_8.0,1,15,25,61,46,24,3
14088.png,2.0_9.0,2,51,34,88,37,32,2
14089.png,5.0_4.0,9,75,63,122,47,54,2
1409.png,5.0_10.0,3,31,44,72,41,41,2
14090.png,1.0_7.0_1.0,1,41,44,73,32,43,3
14091.png,2.0_4.0_10.0,1,16,16,53,37,15,3
14092.png,1.0_4.0_4.0,3,26,31,61,35,28,3
14093.png,3.0_2.0,4,14,20,29,15,16,2
14094.png,5.0_7.0,15,57,56,103,46,41,2
14095.png,1.0_4.0_8.0,7,25,31,57,32,24,3
14096.png,8.0_1.0,7,36,40,64,28,33,2
14097.png,9.0,7,68,77,102,34,70,1
14098.png,1.0,7,70,55,85,15,48,1
14099.png,1.0_5.0_9.0,23,84,55,124,40,32,3
141.png,3.0_9.0,2,25,28,43,18,26,2
1410.png,1.0_1.0_7.0,8,42,59,95,53,51,3
14100.png,1.0_10.0_4.0,4,22,19,41,19,15,3
14101.png,2.0_2.0_2.0,5,16,22,35,19,17,3
14102.png,4.0,1,13,12,20,7,11,1
14103.png,4.0_2.0,8,50,58,86,36,50,2
14104.png,6.0_2.0,10,65,65,153,88,55,2
14105.png,2.0_5.0_6.0,12,55,66,107,52,54,3
14106.png,4.0_10.0_7.0,14,68,58,105,37,44,3
14107.png,3.0_5.0_7.0,4,29,26,60,31,22,3
14108.png,3.0_10.0,1,18,21,36,18,20,2
14109.png,2.0_1.0_9.0_10.0,1,9,12,39,30,11,4
1411.png,5.0_2.0,10,51,54,96,45,44,2
14110.png,1.0_6.0,3,25,26,49,24,23,2
14111.png,9.0,5,30,35,47,17,30,1
14112.png,2.0_1.0,7,22,27,36,14,20,2
14113.png,1.0_10.0_4.0,4,26,31,55,29,27,3
14114.png,5.0_7.0,10,38,40,64,26,30,2
14115.png,1.0_1.0,1,18,21,31,13,20,2
14116.png,2.0_5.0,10,39,39,61,22,29,2
14117.png,1.0_9.0,2,21,24,39,18,22,2
14118.png,3.0_7.0,6,38,46,73,35,40,2
14119.png,3.0,2,32,40,51,19,38,1
1412.png,2.0_3.0,3,32,31,63,31,28,2
14120.png,6.0,2,44,47,58,14,45,1
14121.png,9.0_4.0,1,19,25,51,32,24,2
14122.png,1.0_3.0_8.0,6,38,25,68,30,19,3
14123.png,7.0_6.0,15,60,57,115,55,42,2
14124.png,1.0_4.0_6.0,8,35,43,80,45,35,3
14125.png,2.0_10.0,5,30,32,54,24,27,2
14126.png,1.0_4.0_4.0,9,43,41,99,56,32,3
14127.png,2.0,16,71,74,92,21,58,1
14128.png,3.0_2.0_7.0,14,76,55,127,51,41,3
14129.png,9.0_10.0,13,47,37,74,27,24,2
1413.png,3.0_10.0,28,73,64,106,33,36,2
14130.png,8.0,4,29,29,42,13,25,1
14131.png,1.0_10.0_3.0,10,38,37,61,23,27,3
14132.png,2.0_3.0_1.0,25,107,116,214,107,91,3
14133.png,2.0_2.0,14,74,87,138,64,73,2
14134.png,2.0_8.0_10.0,8,25,30,65,40,22,3
14135.png,3.0_4.0,9,48,54,108,60,45,2
14136.png,2.0_8.0,12,41,31,68,27,19,2
14137.png,2.0_1.0,8,49,47,69,20,39,2
14138.png,6.0,22,65,61,80,15,39,1
14139.png,1.0_3.0_8.0,18,57,53,103,46,35,3
1414.png,2.0_7.0,19,80,70,127,47,51,2
14140.png,3.0_8.0,1,18,16,33,15,15,2
14141.png,3.0_7.0,12,63,69,131,68,57,2
14142.png,7.0_2.0,6,29,27,52,23,21,2
14143.png,2.0_6.0_5.0,73,236,135,318,82,62,3
14144.png,2.0_8.0,11,48,41,70,22,30,2
14145.png,3.0_5.0_8.0,26,59,113,139,80,87,3
14146.png,4.0_1.0,5,29,29,39,10,24,2
14147.png,2.0_6.0_2.0,14,7,68,71,64,54,3
14148.png,1.0_9.0_7.0,16,53,43,95,42,27,3
14149.png,8.0_5.0,3,30,45,78,48,42,2
1415.png,2.0_3.0,17,78,82,122,44,65,2
14150.png,7.0,11,49,43,65,16,32,1
14151.png,7.0_9.0,6,27,32,42,15,26,2
14152.png,8.0_10.0,4,33,42,57,24,38,2
14153.png,1.0_10.0_1.0,5,42,64,120,78,59,3
14154.png,7.0,6,31,33,50,19,27,1
14155.png,7.0_3.0,16,71,76,133,62,60,2
14156.png,1.0_10.0,6,33,36,56,23,30,2
14157.png,3.0_2.0,17,98,112,198,100,95,2
14158.png,6.0_6.0,8,37,41,65,28,33,2
14159.png,4.0,8,65,77,93,28,69,1
1416.png,8.0_5.0_6.0,5,28,29,60,32,24,3
14160.png,6.0_3.0,8,27,21,34,7,13,2
14161.png,4.0_7.0,14,49,52,106,57,38,2
14162.png,3.0_6.0,5,33,41,72,39,36,2
14163.png,2.0_8.0,3,25,25,38,13,22,2
14164.png,2.0_3.0,14,59,54,101,42,40,2
14165.png,4.0_7.0,6,28,24,44,16,18,2
14166.png,2.0_9.0,8,37,50,79,42,42,2
14167.png,1.0_3.0_8.0,4,20,24,49,29,20,3
14168.png,3.0_3.0_5.0,7,16,45,45,29,38,3
14169.png,7.0_6.0_2.0,12,42,37,79,37,25,3
1417.png,1.0_2.0_9.0,13,57,47,103,46,34,3
14170.png,2.0_5.0_4.0,1,12,17,36,24,16,3
14171.png,1.0_8.0,4,21,21,37,16,17,2
14172.png,9.0_10.0,11,63,77,128,65,66,2
14173.png,3.0_1.0_1.0,20,86,71,142,56,51,3
14174.png,8.0_3.0,3,40,42,63,23,39,2
14175.png,2.0_5.0_10.0,3,31,38,74,43,35,3
14176.png,4.0_4.0,6,37,42,76,39,36,2
14177.png,7.0,3,30,36,52,22,33,1
14178.png,1.0_10.0_10.0,7,45,52,102,57,45,3
14179.png,4.0_4.0,1,30,40,80,50,39,2
1418.png,1.0_7.0,7,41,44,71,30,37,2
14180.png,8.0_8.0,4,23,24,35,12,20,2
14181.png,1.0_10.0_5.0,6,55,62,129,74,56,3
14182.png,3.0_1.0_3.0,26,78,74,169,91,48,3
14183.png,5.0_5.0_4.0,11,62,69,115,53,58,3
14184.png,3.0_7.0,2,12,22,27,15,20,2
14185.png,3.0_6.0,2,21,22,41,20,20,2
14186.png,2.0_5.0_1.0,23,52,50,97,45,27,3
14187.png,7.0_2.0,4,32,38,60,28,34,2
14188.png,1.0_4.0_2.0,2,25,35,58,33,33,3
14189.png,3.0_10.0_6.0,5,25,26,52,27,21,3
1419.png,9.0_4.0,8,32,30,48,16,22,2
14190.png,8.0_2.0,2,34,44,86,52,42,2
14191.png,1.0_8.0,6,26,28,50,24,22,2
14192.png,1.0_7.0,7,37,32,62,25,25,2
14193.png,1.0_1.0,12,68,68,105,37,56,2
14194.png,3.0_7.0_10.0,7,36,39,94,58,32,3
14195.png,3.0_10.0,9,40,41,68,28,32,2
14196.png,3.0,1,28,20,38,10,19,1
14197.png,2.0_5.0,9,40,37,68,28,28,2
14198.png,1.0_8.0,9,57,58,95,38,49,2
14199.png,6.0_2.0,5,25,30,42,17,25,2
142.png,4.0,7,92,94,157,65,87,1
1420.png,2.0_3.0_10.0_1.0,3,17,20,50,33,17,4
14200.png,5.0_6.0,16,62,60,122,60,44,2
14201.png,3.0_9.0_3.0,25,91,84,157,66,59,3
14202.png,3.0_6.0,3,48,57,110,62,54,2
14203.png,1.0_4.0_6.0_6.0,1,16,14,45,29,13,4
14204.png,8.0_1.0,3,71,91,151,80,88,2
14205.png,9.0_4.0,13,54,53,111,57,40,2
14206.png,2.0_3.0,29,130,153,231,101,124,2
14207.png,5.0,2,37,30,53,16,28,1
14208.png,1.0_4.0_3.0_3.0,1,22,37,111,89,36,4
14209.png,2.0,6,29,30,43,14,24,1
1421.png,7.0_2.0,1,40,49,72,32,48,2
14210.png,2.0_4.0,27,164,128,257,93,101,2
14211.png,1.0_2.0_1.0,23,126,134,241,115,111,3
14212.png,1.0_6.0_1.0,8,35,41,87,52,33,3
14213.png,2.0_3.0,3,26,39,65,39,36,2
14214.png,7.0_8.0_9.0,21,109,80,180,71,59,3
14215.png,7.0_2.0,4,26,30,47,21,26,2
14216.png,5.0_4.0,11,81,79,137,56,68,2
14217.png,5.0,19,68,69,99,31,50,1
14218.png,8.0_6.0,4,46,62,97,51,58,2
14219.png,1.0_6.0_3.0,3,22,25,46,24,22,3
1422.png,2.0_7.0_1.0,16,58,46,95,37,30,3
14220.png,1.0_2.0,5,47,52,92,45,47,2
14221.png,2.0_3.0_2.0_2.0,1,15,17,56,41,16,4
14222.png,4.0,7,37,36,58,21,29,1
14223.png,2.0_2.0_3.0,1,15,20,41,26,19,3
14224.png,3.0_3.0_9.0,6,66,46,112,46,40,3
14225.png,9.0,1,12,16,22,10,15,1
14226.png,5.0_4.0_10.0,25,71,54,114,43,29,3
14227.png,7.0_1.0,11,62,68,109,47,57,2
14228.png,3.0_3.0,9,58,68,117,59,59,2
14229.png,3.0_1.0,3,21,23,33,12,20,2
1423.png,5.0_10.0_6.0,19,57,43,84,27,24,3
14230.png,5.0_6.0,6,33,25,57,24,19,2
14231.png,7.0,13,125,105,171,46,92,1
14232.png,3.0_7.0,1,3,14,27,24,13,2
14233.png,4.0_10.0_7.0,18,46,59,101,55,41,3
14234.png,2.0_10.0,1,25,33,50,25,32,2
14235.png,1.0_2.0_8.0_5.0,2,14,15,42,28,13,4
14236.png,1.0_10.0,7,46,49,75,29,42,2
14237.png,2.0_8.0_9.0,31,32,84,93,61,53,3
14238.png,1.0,8,50,43,65,15,35,1
14239.png,1.0_7.0_7.0,8,27,33,67,40,25,3
1424.png,1.0_1.0,1,17,21,32,15,20,2
14240.png,5.0,11,63,83,93,30,72,1
14241.png,3.0,10,64,60,103,39,50,1
14242.png,1.0,9,39,37,49,10,28,1
14243.png,8.0,41,84,88,125,41,47,1
14244.png,2.0,3,16,21,23,7,18,1
14245.png,1.0_1.0,12,52,41,74,22,29,2
14246.png,1.0_6.0,3,26,27,44,18,24,2
14247.png,1.0_1.0_10.0,21,73,53,106,33,32,3
14248.png,1.0,4,29,26,38,9,22,1
14249.png,1.0_1.0,39,75,74,91,16,35,2
1425.png,4.0_5.0_1.0,8,33,31,67,34,23,3
14250.png,2.0,6,33,36,50,17,30,1
14251.png,3.0_7.0,3,26,28,43,17,25,2
14252.png,1.0_6.0_3.0,85,197,120,234,37,35,3
14253.png,6.0_4.0,3,27,26,54,27,23,2
14254.png,1.0_8.0_8.0,12,50,46,100,50,34,3
14255.png,9.0_5.0,4,26,33,53,27,29,2
14256.png,5.0_6.0,16,73,68,119,46,52,2
14257.png,4.0_6.0,1,15,21,35,20,20,2
14258.png,4.0_4.0_9.0,46,130,82,166,36,36,3
14259.png,6.0,5,23,24,38,15,19,1
1426.png,2.0,6,42,50,73,31,44,1
14260.png,9.0_3.0,8,36,31,61,25,23,2
14261.png,3.0_4.0,3,16,16,32,16,13,2
14262.png,2.0_7.0,2,12,16,26,14,14,2
14263.png,1.0_3.0_9.0,3,18,20,40,22,17,3
14264.png,4.0_5.0,2,29,36,65,36,34,2
14265.png,2.0_7.0_2.0,12,40,28,64,24,16,3
14266.png,8.0,11,43,39,60,17,28,1
14267.png,5.0,3,43,52,64,21,49,1
14268.png,3.0_10.0,9,44,58,97,53,49,2
14269.png,1.0_1.0,2,11,16,22,11,14,2
1427.png,1.0_3.0,11,57,75,117,60,64,2
14270.png,1.0_3.0_4.0,30,97,69,150,53,39,3
14271.png,2.0_7.0,9,49,60,104,55,51,2
14272.png,8.0,6,41,45,59,18,39,1
14273.png,8.0,1,19,20,26,7,19,1
14274.png,2.0_1.0,4,40,49,71,31,45,2
14275.png,5.0_3.0_4.0,9,29,31,56,27,22,3
14276.png,3.0,8,56,45,69,13,37,1
14277.png,8.0_7.0,3,31,43,74,43,40,2
14278.png,1.0_4.0_10.0_6.0,5,23,29,61,38,24,4
14279.png,1.0_9.0,12,59,58,95,36,46,2
1428.png,4.0_7.0,11,40,38,68,28,27,2
14280.png,6.0_3.0,2,19,20,31,12,18,2
14281.png,1.0_8.0,9,54,43,77,23,34,2
14282.png,2.0_8.0_3.0,2,26,29,55,29,27,3
14283.png,4.0_6.0,7,35,39,57,22,32,2
14284.png,2.0_2.0,4,21,25,51,30,21,2
14285.png,2.0_8.0,8,39,39,73,34,31,2
14286.png,1.0_9.0,5,27,27,39,12,22,2
14287.png,1.0_10.0_4.0,2,21,22,48,27,20,3
14288.png,1.0_1.0_7.0,19,54,54,80,26,35,3
14289.png,5.0_10.0,3,21,23,37,16,20,2
1429.png,2.0_3.0_2.0,3,14,17,29,15,14,3
14290.png,4.0,3,19,23,28,9,20,1
14291.png,8.0_5.0,47,138,93,172,34,46,2
14292.png,3.0_5.0,37,95,107,174,79,70,2
14293.png,1.0,8,58,68,75,17,60,1
14294.png,1.0_1.0_4.0,14,54,53,115,61,39,3
14295.png,4.0_2.0_10.0,6,33,41,80,47,35,3
14296.png,2.0_10.0,6,20,24,37,17,18,2
14297.png,5.0_9.0,2,23,16,35,12,14,2
14298.png,4.0_10.0,1,45,52,100,55,51,2
14299.png,9.0_9.0,10,32,28,47,15,18,2
143.png,4.0_1.0,13,51,38,81,30,25,2
1430.png,5.0_7.0,6,38,44,72,34,38,2
14300.png,1.0_10.0,1,23,24,44,21,23,2
14301.png,1.0_4.0_9.0,3,31,34,68,37,31,3
14302.png,4.0_4.0,36,85,74,112,27,38,2
14303.png,3.0_7.0_2.0,17,84,80,147,63,63,3
14304.png,7.0,9,50,57,73,23,48,1
14305.png,5.0_10.0,8,36,47,89,53,39,2
14306.png,1.0_8.0,19,63,73,122,59,54,2
14307.png,3.0_3.0,1,14,15,32,18,14,2
14308.png,9.0_2.0,5,24,30,52,28,25,2
14309.png,4.0_8.0,1,37,48,88,51,47,2
1431.png,2.0_1.0,2,20,19,33,13,17,2
14310.png,1.0_3.0_8.0,10,40,47,89,49,37,3
14311.png,2.0_1.0_8.0,20,104,61,138,34,41,3
14312.png,6.0_7.0,1,25,28,43,18,27,2
14313.png,1.0_8.0,3,16,23,30,14,20,2
14314.png,2.0_2.0_10.0,4,21,20,44,23,16,3
14315.png,1.0_6.0_3.0_4.0,6,32,27,77,45,21,4
14316.png,2.0_1.0,3,30,36,76,46,33,2
14317.png,1.0_3.0_10.0_10.0,6,45,53,93,48,47,4
14318.png,2.0_6.0_5.0,19,74,55,128,54,36,3
14319.png,3.0_3.0,4,22,20,38,16,16,2
1432.png,1.0_7.0,1,36,42,58,22,41,2
14320.png,1.0,1,37,41,58,21,40,1
14321.png,1.0_2.0,7,33,35,51,18,28,2
14322.png,1.0_7.0,2,15,14,24,9,12,2
14323.png,1.0_5.0,7,42,47,82,40,40,2
14324.png,7.0_3.0,11,61,67,99,38,56,2
14325.png,7.0_7.0,1,27,40,66,39,39,2
14326.png,6.0_10.0,2,18,27,36,18,25,2
14327.png,4.0_9.0,20,71,66,119,48,46,2
14328.png,6.0_10.0_6.0_3.0,18,83,77,203,120,59,4
14329.png,1.0_7.0_3.0,6,42,38,83,41,32,3
1433.png,5.0_10.0,3,23,27,54,31,24,2
14330.png,2.0_9.0_5.0,4,13,18,35,22,14,3
14331.png,7.0_4.0,3,24,25,42,18,22,2
14332.png,1.0_9.0_8.0,12,29,42,63,34,30,3
14333.png,1.0_1.0,7,29,30,51,22,23,2
14334.png,5.0_4.0,1,24,24,46,22,23,2
14335.png,1.0_1.0,4,24,27,35,11,23,2
14336.png,5.0_2.0,9,46,46,75,29,37,2
14337.png,4.0_4.0,3,15,18,31,16,15,2
14338.png,5.0_5.0,7,46,52,91,45,45,2
14339.png,2.0_6.0_4.0,11,146,42,173,27,31,3
1434.png,2.0,1,45,31,59,14,30,1
14340.png,1.0_8.0,6,53,61,105,52,55,2
14341.png,3.0_7.0,1,19,26,39,20,25,2
14342.png,5.0_1.0,3,28,36,52,24,33,2
14343.png,1.0_6.0_6.0,10,38,42,76,38,32,3
14344.png,1.0_9.0_6.0,15,50,43,95,45,28,3
14345.png,2.0_10.0,2,26,32,62,36,30,2
14346.png,1.0_8.0_9.0,8,30,36,54,24,28,3
14347.png,2.0_7.0,1,18,20,42,24,19,2
14348.png,2.0_9.0,4,29,31,53,24,27,2
14349.png,2.0_1.0,14,19,55,72,53,41,2
1435.png,2.0_9.0,9,45,49,87,42,40,2
14350.png,8.0_3.0,1,28,27,52,24,26,2
14351.png,8.0,1,39,42,63,24,41,1
14352.png,1.0_7.0_5.0_8.0,1,16,17,53,37,16,4
14353.png,4.0_6.0,12,84,58,137,53,46,2
14354.png,5.0,2,30,25,40,10,23,1
14355.png,4.0_3.0,17,58,61,92,34,44,2
14356.png,2.0_7.0,3,17,16,26,9,13,2
14357.png,1.0_10.0_9.0,5,38,39,71,33,34,3
14358.png,1.0_9.0,6,34,39,62,28,33,2
14359.png,4.0_3.0,3,18,21,38,20,18,2
1436.png,1.0_6.0,1,19,26,39,20,25,2
14360.png,1.0_2.0_6.0,4,23,33,60,37,29,3
14361.png,6.0_8.0,7,41,50,97,56,43,2
14362.png,5.0_2.0,53,156,91,185,29,38,2
14363.png,1.0_5.0,12,74,83,120,46,71,2
14364.png,1.0_10.0_5.0,4,21,25,57,36,21,3
14365.png,4.0,8,36,26,48,12,18,1
14366.png,2.0_2.0_8.0,2,40,59,106,66,57,3
14367.png,1.0_8.0_5.0,4,24,26,43,19,22,3
14368.png,8.0_6.0,7,25,30,48,23,23,2
14369.png,2.0_5.0_2.0_7.0,1,15,17,47,32,16,4
1437.png,7.0_8.0,1,18,20,35,17,19,2
14370.png,3.0_2.0,8,34,39,52,18,31,2
14371.png,8.0_2.0,4,18,24,33,15,20,2
14372.png,2.0_10.0,13,70,90,178,108,77,2
14373.png,1.0_1.0_7.0,3,29,35,62,33,32,3
14374.png,4.0,1,12,18,26,14,17,1
14375.png,1.0_2.0,6,23,30,40,17,24,2
14376.png,9.0,8,27,25,37,10,17,1
14377.png,7.0_5.0,3,12,20,36,24,17,2
14378.png,7.0_7.0,10,29,32,40,11,22,2
14379.png,2.0,5,52,57,76,24,52,1
1438.png,3.0_10.0,11,46,43,86,40,32,2
14380.png,2.0_3.0,6,29,31,51,22,25,2
14381.png,3.0_4.0,4,20,23,41,21,19,2
14382.png,5.0_6.0_5.0,15,76,66,121,45,51,3
14383.png,5.0,6,22,24,30,8,18,1
14384.png,3.0_5.0_5.0,23,71,52,111,40,29,3
14385.png,1.0,2,15,17,20,5,15,1
14386.png,9.0_9.0,3,20,24,43,23,21,2
14387.png,4.0_4.0,9,42,37,78,36,28,2
14388.png,6.0,8,46,51,69,23,43,1
14389.png,8.0,12,82,98,113,31,86,1
1439.png,5.0,11,53,57,75,22,46,1
14390.png,1.0_10.0_10.0,17,42,38,74,32,21,3
14391.png,3.0_1.0,10,46,51,67,21,41,2
14392.png,1.0_5.0,16,80,85,158,78,69,2
14393.png,2.0_3.0_1.0_10.0,1,12,15,46,34,14,4
14394.png,8.0_9.0,1,18,19,35,17,18,2
14395.png,3.0_7.0_1.0,13,55,57,124,69,44,3
14396.png,1.0_5.0_3.0,11,29,35,66,37,24,3
14397.png,8.0_6.0,16,52,52,96,44,36,2
14398.png,4.0_6.0,3,22,25,43,21,22,2
14399.png,2.0_10.0_5.0,1,14,19,44,30,18,3
144.png,1.0_9.0_5.0,3,27,31,62,35,28,3
1440.png,2.0_10.0_5.0_3.0,23,138,83,209,71,60,4
14400.png,2.0_8.0_5.0,9,42,51,112,70,42,3
14401.png,3.0_6.0,1,32,45,87,55,44,2
14402.png,1.0_1.0_10.0,1,50,75,131,81,74,3
14403.png,1.0_4.0_3.0,5,22,22,41,19,17,3
14404.png,9.0_3.0,3,21,22,37,16,19,2
14405.png,9.0_3.0,3,18,21,45,27,18,2
14406.png,1.0_6.0_6.0,1,17,21,49,32,20,3
14407.png,7.0,7,24,18,32,8,11,1
14408.png,3.0_2.0,8,30,34,45,15,26,2
14409.png,1.0_6.0_9.0_10.0,2,12,14,37,25,12,4
1441.png,4.0,9,43,57,73,30,48,1
14410.png,5.0,2,22,28,36,14,26,1
14411.png,4.0,11,87,112,135,48,101,1
14412.png,2.0_2.0,9,28,27,52,24,18,2
14413.png,6.0_5.0,14,54,57,90,36,43,2
14414.png,4.0_10.0,14,63,38,87,24,24,2
14415.png,1.0_2.0_10.0,1,16,16,32,16,15,3
14416.png,7.0_6.0,3,43,54,77,34,51,2
14417.png,8.0_4.0,15,51,37,71,20,22,2
14418.png,3.0_7.0,16,47,45,65,18,29,2
14419.png,5.0_4.0,7,32,33,60,28,26,2
1442.png,8.0,3,26,21,37,11,18,1
14420.png,7.0_7.0,1,16,17,30,14,16,2
14421.png,1.0_8.0_10.0,28,83,75,162,79,47,3
14422.png,1.0_5.0,4,31,46,66,35,42,2
14423.png,2.0_4.0,4,27,28,46,19,24,2
14424.png,1.0_4.0,1,10,14,26,16,13,2
14425.png,7.0,10,42,43,64,22,33,1
14426.png,6.0_8.0,4,31,31,52,21,27,2
14427.png,5.0_7.0,6,33,39,76,43,33,2
14428.png,1.0_2.0_10.0,2,20,26,42,22,24,3
14429.png,1.0_5.0,12,35,33,52,17,21,2
1443.png,8.0_5.0,7,45,62,93,48,55,2
14430.png,2.0_7.0,2,29,24,58,29,22,2
14431.png,6.0_5.0,1,27,38,62,35,37,2
14432.png,9.0_10.0,4,24,24,47,23,20,2
14433.png,2.0_2.0,4,31,40,50,19,36,2
14434.png,1.0_10.0_6.0_10.0,31,111,86,193,82,55,4
14435.png,2.0_7.0_6.0,10,44,42,78,34,32,3
14436.png,1.0_10.0_7.0,2,20,23,50,30,21,3
14437.png,6.0,9,46,56,76,30,47,1
14438.png,6.0_5.0,9,30,34,56,26,25,2
14439.png,4.0_8.0,8,73,78,128,55,70,2
1444.png,2.0_5.0,4,26,27,45,19,23,2
14440.png,3.0,17,88,91,137,49,74,1
14441.png,5.0_8.0,14,43,34,65,22,20,2
14442.png,5.0,3,22,31,38,16,28,1
14443.png,2.0_9.0_3.0,3,21,24,74,53,21,3
14444.png,1.0_5.0_1.0,16,70,51,115,45,35,3
14445.png,3.0_9.0,16,37,40,64,27,24,2
14446.png,2.0_5.0,11,42,30,59,17,19,2
14447.png,1.0,11,53,50,69,16,39,1
14448.png,7.0_1.0,2,16,16,25,9,14,2
14449.png,1.0_3.0,9,48,39,65,17,30,2
1445.png,9.0_5.0,27,107,95,152,45,68,2
14450.png,4.0_1.0,3,29,35,62,33,32,2
14451.png,9.0_8.0,1,24,29,48,24,28,2
14452.png,2.0_2.0,13,51,60,96,45,47,2
14453.png,6.0_2.0,27,136,178,196,60,151,2
14454.png,1.0_6.0,7,29,30,44,15,23,2
14455.png,1.0_2.0_9.0,13,32,53,73,41,40,3
14456.png,3.0_7.0_3.0_4.0,2,15,18,46,31,16,4
14457.png,1.0_3.0_8.0_3.0,2,13,15,42,29,13,4
14458.png,3.0_6.0,8,60,80,135,75,72,2
14459.png,2.0,16,51,47,68,17,31,1
1446.png,3.0_8.0,6,35,37,53,18,31,2
14460.png,3.0_1.0,3,20,21,42,22,18,2
14461.png,9.0,7,83,52,111,28,45,1
14462.png,1.0_7.0,11,43,53,83,40,42,2
14463.png,1.0,3,20,23,27,7,20,1
14464.png,7.0_5.0,4,23,28,46,23,24,2
14465.png,1.0_2.0_7.0_9.0,1,17,17,63,46,16,4
14466.png,1.0_1.0,10,41,56,74,33,46,2
14467.png,2.0_1.0,4,32,43,76,44,39,2
14468.png,4.0_3.0,15,51,60,89,38,45,2
14469.png,1.0_6.0_10.0,14,72,85,153,81,71,3
1447.png,6.0_10.0,1,6,55,62,56,54,2
14470.png,1.0_2.0_9.0,11,40,44,85,45,33,3
14471.png,3.0_10.0_1.0,15,24,44,64,40,29,3
14472.png,3.0_5.0_2.0,40,125,80,182,57,40,3
14473.png,2.0_7.0,13,51,52,69,18,39,2
14474.png,2.0,2,23,24,32,9,22,1
14475.png,9.0,1,20,23,30,10,22,1
14476.png,2.0_7.0_1.0,2,32,35,69,37,33,3
14477.png,2.0,2,28,27,39,11,25,1
14478.png,6.0_8.0,1,35,44,94,59,43,2
14479.png,1.0_4.0,17,85,92,151,66,75,2
1448.png,9.0_5.0,4,34,46,79,45,42,2
14480.png,4.0_6.0,1,43,56,102,59,55,2
14481.png,9.0,13,74,86,105,31,73,1
14482.png,2.0_3.0,7,36,37,60,24,30,2
14483.png,4.0_2.0,12,61,56,118,57,44,2
14484.png,7.0,5,46,65,80,34,60,1
14485.png,4.0_9.0,11,39,30,57,18,19,2
14486.png,2.0_2.0_9.0,5,19,23,37,18,18,3
14487.png,5.0,7,39,30,52,13,23,1
14488.png,1.0_8.0,1,36,44,62,26,43,2
14489.png,9.0_4.0,5,32,32,68,36,27,2
1449.png,8.0_7.0,3,23,23,36,13,20,2
14490.png,4.0_8.0_1.0,13,83,83,184,101,70,3
14491.png,2.0_6.0,2,24,29,49,25,27,2
14492.png,6.0_2.0,5,31,42,65,34,37,2
14493.png,8.0_10.0_10.0,9,43,40,87,44,31,3
14494.png,2.0_4.0,11,62,74,124,62,63,2
14495.png,6.0,7,25,27,34,9,20,1
14496.png,5.0_7.0_4.0,14,58,53,120,62,39,3
14497.png,4.0_6.0_4.0,102,163,147,227,64,45,3
14498.png,7.0_7.0,2,49,68,114,65,66,2
14499.png,5.0_9.0,20,73,86,134,61,66,2
145.png,3.0_3.0,18,93,116,158,65,98,2
1450.png,2.0_3.0_8.0,33,129,69,160,31,36,3
14500.png,1.0_8.0,2,23,35,57,34,33,2
14501.png,1.0_7.0_10.0_10.0,8,22,30,53,31,22,4
14502.png,3.0_8.0,9,36,74,111,75,65,2
14503.png,2.0_1.0,9,43,43,77,34,34,2
14504.png,2.0_3.0_3.0,30,101,105,181,80,75,3
14505.png,2.0_4.0_9.0,10,46,64,132,86,54,3
14506.png,2.0_6.0_7.0,9,44,56,113,69,47,3
14507.png,4.0,7,39,37,53,14,30,1
14508.png,1.0_3.0,12,49,50,86,37,38,2
14509.png,5.0,2,32,24,45,13,22,1
1451.png,2.0_10.0_3.0,3,26,30,54,28,27,3
14510.png,3.0_9.0,2,26,32,56,30,30,2
14511.png,5.0,1,12,15,22,10,14,1
14512.png,4.0_9.0,6,25,33,51,26,27,2
14513.png,2.0_1.0_9.0,29,163,103,272,109,74,3
14514.png,3.0_9.0,5,29,30,49,20,25,2
14515.png,6.0_3.0_6.0,2,20,21,48,28,19,3
14516.png,6.0_7.0,2,27,36,65,38,34,2
14517.png,2.0_10.0,11,57,68,94,37,57,2
14518.png,3.0_3.0,1,26,33,61,35,32,2
14519.png,3.0,5,36,40,46,10,35,1
1452.png,3.0_9.0,6,22,20,37,15,14,2
14520.png,3.0_5.0,5,33,34,60,27,29,2
14521.png,5.0_7.0,10,55,55,93,38,45,2
14522.png,6.0_10.0,7,35,34,57,22,27,2
14523.png,5.0_6.0_4.0,10,45,34,77,32,24,3
14524.png,8.0_10.0_10.0,19,91,65,153,62,46,3
14525.png,2.0_1.0,5,20,23,36,16,18,2
14526.png,6.0,10,49,42,63,14,32,1
14527.png,5.0,7,26,25,36,10,18,1
14528.png,6.0_4.0,1,50,57,103,53,56,2
14529.png,1.0_4.0,2,20,21,37,17,19,2
1453.png,2.0_4.0_6.0_2.0,19,62,64,148,86,45,4
14530.png,3.0_7.0,8,38,53,78,40,45,2
14531.png,3.0_10.0_6.0,16,56,52,111,55,36,3
14532.png,1.0_3.0_1.0,9,30,30,50,20,21,3
14533.png,1.0_2.0,2,15,22,34,19,20,2
14534.png,3.0_10.0,2,17,19,33,16,17,2
14535.png,2.0_8.0,14,43,44,63,20,30,2
14536.png,1.0_2.0_9.0,10,48,34,82,34,24,3
14537.png,7.0_10.0,2,14,16,28,14,14,2
14538.png,5.0_5.0,4,30,33,55,25,29,2
14539.png,4.0_10.0,11,64,77,121,57,66,2
1454.png,5.0,1,39,24,50,11,23,1
14540.png,3.0_5.0,4,48,28,77,29,24,2
14541.png,9.0_10.0,60,112,94,146,34,34,2
14542.png,2.0_7.0,13,37,35,51,14,22,2
14543.png,1.0_4.0_7.0,20,92,84,151,59,64,3
14544.png,1.0_5.0_6.0,12,41,48,98,57,36,3
14545.png,8.0_9.0,11,49,46,74,25,35,2
14546.png,4.0,34,3,350,91,88,316,1
14547.png,1.0_4.0_10.0,1,22,27,53,31,26,3
14548.png,1.0_7.0,7,24,25,36,12,18,2
14549.png,3.0_1.0,21,131,72,181,50,51,2
1455.png,3.0_1.0,11,36,32,47,11,21,2
14550.png,3.0_4.0,5,33,32,60,27,27,2
14551.png,1.0_7.0,5,27,29,57,30,24,2
14552.png,3.0_4.0,1,16,21,38,22,20,2
14553.png,3.0,5,29,35,45,16,30,1
14554.png,7.0_9.0_6.0,1,12,15,34,22,14,3
14555.png,6.0_4.0,6,53,72,125,72,66,2
14556.png,2.0_2.0,2,28,36,70,42,34,2
14557.png,5.0_10.0,5,24,29,51,27,24,2
14558.png,2.0_4.0_7.0,3,22,20,41,19,17,3
14559.png,2.0_10.0,11,46,47,84,38,36,2
1456.png,2.0_2.0,4,19,21,43,24,17,2
14560.png,4.0,5,22,29,35,13,24,1
14561.png,2.0_7.0,2,38,44,65,27,42,2
14562.png,9.0_7.0,1,23,23,40,17,22,2
14563.png,2.0_3.0_10.0,4,39,45,92,53,41,3
14564.png,3.0_3.0,3,22,23,44,22,20,2
14565.png,1.0_10.0_7.0,13,34,33,57,23,20,3
14566.png,1.0_3.0_7.0_8.0,6,72,88,93,21,82,4
14567.png,1.0_1.0_6.0,7,72,94,188,116,87,3
14568.png,6.0,1,19,24,29,10,23,1
14569.png,6.0_2.0,3,20,22,48,28,19,2
1457.png,5.0_5.0,17,75,58,112,37,41,2
14570.png,2.0_7.0,5,40,40,80,40,35,2
14571.png,1.0_10.0_8.0_5.0,12,118,65,165,47,53,4
14572.png,4.0_1.0_3.0,19,91,72,161,70,53,3
14573.png,1.0_10.0,2,29,35,56,27,33,2
14574.png,3.0_9.0,89,175,167,255,80,78,2
14575.png,5.0_5.0,16,51,46,72,21,30,2
14576.png,4.0_6.0,5,48,63,113,65,58,2
14577.png,9.0,4,26,37,50,24,33,1
14578.png,1.0_5.0,6,39,46,68,29,40,2
14579.png,1.0_2.0_2.0,9,40,43,80,40,34,3
1458.png,4.0_10.0,5,23,24,37,14,19,2
14580.png,3.0_4.0,23,95,55,130,35,32,2
14581.png,1.0_6.0_9.0,15,70,34,95,25,19,3
14582.png,1.0_3.0,1,15,17,37,22,16,2
14583.png,5.0_10.0,64,96,91,120,24,27,2
14584.png,4.0_10.0,5,31,34,53,22,29,2
14585.png,7.0_3.0,3,13,15,25,12,12,2
14586.png,2.0_4.0,1,17,22,36,19,21,2
14587.png,2.0,2,25,29,42,17,27,1
14588.png,2.0_9.0,1,22,24,42,20,23,2
14589.png,1.0_1.0,1,20,30,39,19,29,2
1459.png,8.0_8.0,9,42,40,70,28,31,2
14590.png,3.0_3.0,5,32,40,70,38,35,2
14591.png,5.0_10.0,1,25,23,47,22,22,2
14592.png,3.0_9.0,13,54,35,79,25,22,2
14593.png,3.0_2.0_10.0,12,78,44,131,53,32,3
14594.png,1.0_8.0,6,33,33,51,18,27,2
14595.png,7.0_2.0,6,20,18,30,10,12,2
14596.png,1.0_5.0_10.0,1,12,15,30,18,14,3
14597.png,2.0,7,46,35,63,17,28,1
14598.png,1.0_7.0_6.0,19,52,40,75,23,21,3
14599.png,3.0_1.0,2,21,25,37,16,23,2
146.png,2.0_5.0_1.0_8.0,4,23,20,52,29,16,4
1460.png,1.0_5.0_10.0_6.0,3,27,26,71,44,23,4
14600.png,8.0_1.0,9,51,65,99,48,56,2
14601.png,3.0_1.0_6.0,3,38,45,84,46,42,3
14602.png,2.0_6.0,5,40,38,76,36,33,2
14603.png,4.0_10.0_8.0,24,105,110,208,103,86,3
14604.png,1.0_1.0,3,20,25,34,14,22,2
14605.png,3.0_7.0,12,51,69,112,61,57,2
14606.png,1.0_7.0,3,16,21,26,10,18,2
14607.png,4.0,8,27,23,36,9,15,1
14608.png,4.0_1.0,17,89,110,192,103,93,2
14609.png,2.0_10.0_7.0,18,78,74,198,120,56,3
1461.png,8.0_5.0,39,216,81,253,37,42,2
14610.png,7.0,10,26,26,40,14,16,1
14611.png,3.0_4.0_7.0,59,106,98,149,43,39,3
14612.png,1.0_1.0,9,31,28,42,11,19,2
14613.png,5.0,11,67,63,95,28,52,1
14614.png,3.0,1,21,24,37,16,23,1
14615.png,3.0,1,26,20,36,10,19,1
14616.png,2.0_3.0,4,28,39,66,38,35,2
14617.png,8.0_1.0,3,32,45,71,39,42,2
14618.png,6.0,10,48,62,85,37,52,1
14619.png,1.0_1.0_7.0,5,32,30,61,29,25,3
1462.png,1.0_2.0,4,26,31,53,27,27,2
14620.png,2.0,14,48,36,61,13,22,1
14621.png,7.0_5.0,5,25,28,45,20,23,2
14622.png,9.0_6.0,1,28,38,58,30,37,2
14623.png,4.0_6.0,11,83,80,160,77,69,2
14624.png,1.0_7.0,5,42,58,71,29,53,2
14625.png,2.0_4.0,4,28,27,59,31,23,2
14626.png,7.0_8.0,4,18,17,35,17,13,2
14627.png,1.0_7.0,12,39,42,58,19,30,2
14628.png,1.0_5.0_2.0,9,68,41,113,45,32,3
14629.png,1.0_3.0_5.0,13,63,100,144,81,87,3
1463.png,5.0_10.0_4.0,12,36,32,61,25,20,3
14630.png,1.0_9.0,5,33,45,64,31,40,2
14631.png,2.0_5.0,6,19,19,28,9,13,2
14632.png,2.0_7.0_8.0,1,23,37,72,49,36,3
14633.png,7.0,1,25,31,50,25,30,1
14634.png,7.0_4.0,14,75,93,141,66,79,2
14635.png,1.0_6.0_1.0,28,122,118,214,92,90,3
14636.png,2.0_2.0,7,27,27,41,14,20,2
14637.png,1.0_5.0_2.0,1,12,12,29,17,11,3
14638.png,2.0_1.0,5,46,49,88,42,44,2
14639.png,3.0_2.0_7.0,1,17,24,41,24,23,3
1464.png,1.0_2.0_3.0,8,36,38,84,48,30,3
14640.png,1.0_4.0_5.0,11,52,58,80,28,47,3
14641.png,1.0_5.0_4.0,2,12,15,30,18,13,3
14642.png,6.0,3,22,15,29,7,12,1
14643.png,1.0_9.0_3.0,8,36,39,65,29,31,3
14644.png,1.0_2.0_1.0,3,32,38,66,34,35,3
14645.png,1.0_10.0,8,37,39,76,39,31,2
14646.png,4.0_5.0,8,38,40,59,21,32,2
14647.png,2.0_2.0,9,33,35,58,25,26,2
14648.png,4.0_2.0,26,110,107,194,84,81,2
14649.png,1.0_3.0,22,123,57,154,31,35,2
1465.png,3.0,9,47,41,64,17,32,1
14650.png,2.0_2.0_6.0,1,29,36,67,38,35,3
14651.png,4.0_3.0,3,26,28,38,12,25,2
14652.png,8.0_5.0,3,19,23,47,28,20,2
14653.png,7.0,8,48,51,65,17,43,1
14654.png,5.0_9.0,53,176,88,207,31,35,2
14655.png,1.0_6.0,4,24,25,41,17,21,2
14656.png,7.0_4.0,5,65,79,153,88,74,2
14657.png,3.0_7.0_8.0,38,213,196,270,57,158,3
14658.png,2.0_9.0,17,45,45,80,35,28,2
14659.png,3.0_2.0,5,33,32,70,37,27,2
1466.png,8.0,1,17,24,35,18,23,1
14660.png,1.0_9.0_7.0,60,96,89,132,36,29,3
14661.png,3.0_4.0,6,19,23,40,21,17,2
14662.png,6.0_9.0,14,61,58,91,30,44,2
14663.png,1.0_4.0_1.0_1.0,2,11,17,41,30,15,4
14664.png,3.0_7.0,1,6,18,23,17,17,2
14665.png,3.0_2.0,2,32,42,71,39,40,2
14666.png,1.0_5.0,26,139,168,277,138,142,2
14667.png,2.0_6.0,16,57,44,83,26,28,2
14668.png,1.0_7.0_1.0_9.0,1,21,22,58,37,21,4
14669.png,2.0_5.0,1,16,20,44,28,19,2
1467.png,6.0_9.0,7,38,40,73,35,33,2
14670.png,8.0_5.0,27,61,62,98,37,35,2
14671.png,9.0_6.0,5,19,26,37,18,21,2
14672.png,1.0_1.0,10,32,32,51,19,22,2
14673.png,7.0_6.0,1,31,36,64,33,35,2
14674.png,7.0_6.0_1.0,10,59,65,113,54,55,3
14675.png,2.0_1.0,3,25,22,41,16,19,2
14676.png,3.0_8.0,10,50,62,97,47,52,2
14677.png,1.0_8.0_5.0,64,187,162,255,68,98,3
14678.png,2.0_10.0_8.0,8,48,56,125,77,48,3
14679.png,8.0,17,71,56,84,13,39,1
1468.png,2.0_9.0,1,16,19,34,18,18,2
14680.png,5.0_3.0,3,22,19,39,17,16,2
14681.png,5.0_6.0_7.0,16,86,66,141,55,50,3
14682.png,5.0_1.0,9,45,35,73,28,26,2
14683.png,1.0_6.0_5.0,11,39,33,64,25,22,3
14684.png,10.0,4,45,35,61,16,31,1
14685.png,3.0_10.0,38,149,80,194,45,42,2
14686.png,5.0_10.0,3,29,36,61,32,33,2
14687.png,3.0_2.0,1,12,15,27,15,14,2
14688.png,9.0_10.0,22,70,75,131,61,53,2
14689.png,7.0_7.0,9,38,25,53,15,16,2
1469.png,5.0_6.0,2,14,20,34,20,18,2
14690.png,3.0,1,58,49,81,23,48,1
14691.png,1.0_5.0,15,74,91,150,76,76,2
14692.png,3.0_5.0_10.0,2,39,41,90,51,39,3
14693.png,5.0_7.0,6,32,32,58,26,26,2
14694.png,2.0_2.0_5.0,16,52,109,140,88,93,3
14695.png,2.0_7.0_2.0,85,130,114,168,38,29,3
14696.png,8.0_9.0,1,24,30,58,34,29,2
14697.png,3.0_3.0_5.0,5,56,71,139,83,66,3
14698.png,7.0,11,50,39,64,14,28,1
14699.png,7.0_3.0_7.0,11,49,66,82,33,55,3
147.png,1.0_5.0,3,28,27,48,20,24,2
1470.png,2.0_6.0_9.0,11,34,35,60,26,24,3
14700.png,2.0_2.0,6,42,52,79,37,46,2
14701.png,2.0_7.0,10,34,40,56,22,30,2
14702.png,6.0_1.0_2.0,6,40,47,80,40,41,3
14703.png,1.0_1.0_5.0,1,46,54,88,42,53,3
14704.png,1.0_10.0_10.0,12,97,72,150,53,60,3
14705.png,1.0_9.0_4.0,7,35,33,61,26,26,3
14706.png,1.0_9.0,3,31,41,62,31,38,2
14707.png,3.0_10.0,1,23,26,50,27,25,2
14708.png,1.0_1.0,2,24,22,43,19,20,2
14709.png,4.0_3.0,4,36,40,66,30,36,2
1471.png,1.0_5.0_10.0,1,27,27,51,24,26,3
14710.png,1.0_4.0,15,59,55,87,28,40,2
14711.png,2.0_9.0,8,41,45,85,44,37,2
14712.png,5.0_9.0,5,48,67,97,49,62,2
14713.png,1.0_4.0,1,17,23,39,22,22,2
14714.png,1.0_7.0,1,24,26,43,19,25,2
14715.png,1.0_1.0_6.0,58,16,139,86,70,81,3
14716.png,4.0_6.0,10,33,29,52,19,19,2
14717.png,3.0_9.0,32,52,63,84,32,31,2
14718.png,3.0_3.0_2.0,8,60,70,149,89,62,3
14719.png,1.0_1.0_8.0,4,30,39,64,34,35,3
1472.png,6.0_10.0_8.0,7,45,38,94,49,31,3
14720.png,3.0_9.0_5.0,7,44,38,86,42,31,3
14721.png,1.0_8.0,2,26,30,45,19,28,2
14722.png,5.0_7.0,14,51,51,91,40,37,2
14723.png,7.0_10.0,23,74,45,93,19,22,2
14724.png,7.0_4.0,10,32,35,64,32,25,2
14725.png,4.0_6.0,4,27,27,50,23,23,2
14726.png,1.0_4.0,3,22,25,37,15,22,2
14727.png,8.0_10.0_9.0,18,56,40,87,31,22,3
14728.png,3.0_2.0,10,66,82,162,96,72,2
14729.png,4.0_3.0_1.0,3,21,26,66,45,23,3
1473.png,1.0_5.0_1.0,13,68,45,104,36,32,3
14730.png,1.0,2,18,18,28,10,16,1
14731.png,2.0_1.0_7.0,8,43,43,97,54,35,3
14732.png,2.0_1.0,1,27,37,59,32,36,2
14733.png,5.0_9.0,16,54,50,86,32,34,2
14734.png,1.0_6.0_7.0,2,12,15,31,19,13,3
14735.png,6.0_6.0,3,24,30,52,28,27,2
14736.png,1.0_6.0_6.0,1,20,26,50,30,25,3
14737.png,2.0_6.0,3,22,24,43,21,21,2
14738.png,8.0,3,28,26,40,12,23,1
14739.png,1.0_10.0_5.0,11,55,52,95,40,41,3
1474.png,6.0_5.0,4,18,23,35,17,19,2
14740.png,4.0_7.0,1,20,17,37,17,16,2
14741.png,4.0_1.0,12,64,73,117,53,61,2
14742.png,1.0_2.0_7.0,9,35,34,65,30,25,3
14743.png,1.0_2.0_8.0,1,21,28,50,29,27,3
14744.png,5.0_10.0,3,27,26,48,21,23,2
14745.png,6.0_8.0,6,29,24,44,15,18,2
14746.png,7.0_10.0,15,50,54,109,59,39,2
14747.png,2.0_5.0,10,58,68,114,56,58,2
14748.png,5.0_5.0,1,23,36,56,33,35,2
14749.png,1.0_7.0,8,29,31,44,15,23,2
1475.png,8.0_8.0,19,98,116,164,66,97,2
14750.png,1.0,3,17,20,26,9,17,1
14751.png,2.0,2,20,22,29,9,20,1
14752.png,4.0_2.0_1.0_9.0,11,38,40,95,57,29,4
14753.png,2.0_2.0,16,70,78,137,67,62,2
14754.png,1.0,6,42,39,53,11,33,1
14755.png,5.0,10,59,62,81,22,52,1
14756.png,2.0_5.0_9.0,7,34,43,57,23,36,3
14757.png,1.0_3.0_2.0,1,26,31,57,31,30,3
14758.png,6.0,9,35,42,48,13,33,1
14759.png,1.0,2,20,21,29,9,19,1
1476.png,1.0_8.0_5.0,4,25,27,52,27,23,3
14760.png,1.0_9.0,8,57,70,120,63,62,2
14761.png,9.0,20,63,53,79,16,33,1
14762.png,1.0_1.0,36,157,89,198,41,53,2
14763.png,4.0_5.0_6.0,19,99,69,161,62,50,3
14764.png,8.0,3,15,20,22,7,17,1
14765.png,2.0_3.0_3.0,12,59,38,94,35,26,3
14766.png,2.0_10.0_2.0,13,72,83,154,82,70,3
14767.png,7.0_5.0,14,40,94,108,68,80,2
14768.png,2.0_6.0_3.0,5,49,62,128,79,57,3
14769.png,7.0,4,27,33,46,19,29,1
1477.png,6.0_4.0,3,28,30,63,35,27,2
14770.png,1.0_2.0,8,35,36,56,21,28,2
14771.png,5.0_1.0,1,20,25,38,18,24,2
14772.png,5.0,20,46,56,71,25,36,1
14773.png,1.0_5.0,15,116,49,148,32,34,2
14774.png,2.0_5.0_3.0,3,28,34,57,29,31,3
14775.png,5.0_3.0,29,66,62,93,27,33,2
14776.png,1.0_3.0,9,27,23,49,22,14,2
14777.png,4.0_4.0,15,64,48,101,37,33,2
14778.png,1.0_10.0_8.0,6,37,41,87,50,35,3
14779.png,3.0_9.0_10.0,16,57,44,93,36,28,3
1478.png,8.0,3,30,21,43,13,18,1
14780.png,8.0_3.0,7,32,36,63,31,29,2
14781.png,3.0_5.0_7.0,2,20,24,50,30,22,3
14782.png,3.0_10.0,13,145,174,321,176,161,2
14783.png,8.0,10,46,66,94,48,56,1
14784.png,1.0,4,60,81,94,34,77,1
14785.png,3.0_8.0_8.0,7,68,61,121,53,54,3
14786.png,1.0_2.0_10.0,9,35,33,53,18,24,3
14787.png,5.0_7.0,7,29,34,56,27,27,2
14788.png,4.0_1.0,9,43,46,73,30,37,2
14789.png,7.0,5,36,52,76,40,47,1
1479.png,5.0_1.0,19,55,41,73,18,22,2
14790.png,10.0_9.0,29,100,84,160,60,55,2
14791.png,1.0_10.0_6.0,9,46,60,116,70,51,3
14792.png,3.0_7.0,17,58,63,100,42,46,2
14793.png,1.0_2.0_8.0,2,19,27,44,25,25,3
14794.png,7.0_6.0_10.0,4,57,83,207,150,79,3
14795.png,7.0,11,52,68,82,30,57,1
14796.png,2.0,2,26,35,48,22,33,1
14797.png,3.0_5.0,15,64,74,144,80,59,2
14798.png,1.0_8.0,8,38,45,69,31,37,2
14799.png,2.0_1.0_10.0,1,16,19,34,18,18,3
148.png,3.0_10.0_10.0,42,140,73,202,62,31,3
1480.png,1.0_1.0,6,55,59,122,67,53,2
14800.png,2.0_7.0,12,50,50,90,40,38,2
14801.png,2.0_1.0_9.0,5,24,30,54,30,25,3
14802.png,5.0_9.0,10,36,34,61,25,24,2
14803.png,3.0_10.0_5.0,12,48,44,87,39,32,3
14804.png,2.0_4.0_2.0_2.0,1,12,12,42,30,11,4
14805.png,1.0_2.0,5,22,31,41,19,26,2
14806.png,1.0_6.0,14,61,58,89,28,44,2
14807.png,2.0_5.0_10.0_6.0,3,24,22,59,35,19,4
14808.png,1.0_3.0,3,30,38,48,18,35,2
14809.png,1.0,3,21,23,32,11,20,1
1481.png,1.0,13,45,36,55,10,23,1
14810.png,5.0,3,25,26,33,8,23,1
14811.png,2.0_2.0_1.0,17,62,52,116,54,35,3
14812.png,1.0,16,62,63,84,22,47,1
14813.png,3.0_8.0,12,50,41,74,24,29,2
14814.png,2.0_4.0_6.0,5,23,27,49,26,22,3
14815.png,2.0_5.0_10.0,1,25,23,64,39,22,3
14816.png,5.0_4.0_4.0,21,202,106,302,100,85,3
14817.png,5.0_5.0,5,28,27,47,19,22,2
14818.png,1.0_4.0_6.0,14,64,71,116,52,57,3
14819.png,3.0_1.0_8.0,22,72,59,115,43,37,3
1482.png,3.0_5.0_8.0,11,44,44,76,32,33,3
14820.png,2.0_1.0_8.0_7.0,6,29,31,70,41,25,4
14821.png,1.0_1.0,20,66,62,86,20,42,2
14822.png,7.0,4,26,27,42,16,23,1
14823.png,2.0,8,46,42,62,16,34,1
14824.png,1.0_3.0_2.0,1,12,13,34,22,12,3
14825.png,4.0_2.0,1,24,31,64,40,30,2
14826.png,1.0_10.0_7.0_1.0,34,97,69,139,42,35,4
14827.png,1.0_5.0_3.0,7,64,60,121,57,53,3
14828.png,3.0_5.0,3,20,22,39,19,19,2
14829.png,7.0_8.0,13,46,68,118,72,55,2
1483.png,3.0_1.0,2,16,23,36,20,21,2
14830.png,3.0_2.0_5.0,1,19,24,43,24,23,3
14831.png,1.0_7.0_9.0,4,23,22,49,26,18,3
14832.png,1.0_7.0_10.0,1,24,29,54,30,28,3
14833.png,4.0_6.0,7,56,70,118,62,63,2
14834.png,1.0_7.0_3.0,47,96,70,126,30,23,3
14835.png,1.0_6.0_10.0,12,38,54,92,54,42,3
14836.png,6.0_10.0,36,179,82,235,56,46,2
14837.png,1.0_6.0,15,109,61,158,49,46,2
14838.png,4.0_2.0,8,25,28,48,23,20,2
14839.png,2.0_4.0_6.0,1,16,18,37,21,17,3
1484.png,5.0,4,38,22,48,10,18,1
14840.png,4.0,7,23,26,33,10,19,1
14841.png,1.0_4.0_5.0_4.0,18,63,49,98,35,31,4
14842.png,2.0,10,34,29,46,12,19,1
14843.png,5.0_1.0_1.0,20,86,60,124,38,40,3
14844.png,1.0_3.0,5,56,64,108,52,59,2
14845.png,4.0_5.0,1,11,16,26,15,15,2
14846.png,1.0_5.0_9.0,1,14,18,34,20,17,3
14847.png,2.0_9.0,4,25,26,50,25,22,2
14848.png,3.0_8.0,18,73,58,111,38,40,2
14849.png,2.0_5.0,21,97,115,189,92,94,2
1485.png,1.0_9.0_7.0,4,20,23,46,26,19,3
14850.png,6.0_2.0,6,34,47,69,35,41,2
14851.png,4.0_8.0,1,11,13,27,16,12,2
14852.png,1.0_7.0,9,46,35,73,27,26,2
14853.png,7.0_1.0_3.0,17,44,48,78,34,31,3
14854.png,9.0_4.0,1,13,16,38,25,15,2
14855.png,1.0_2.0_1.0_3.0,14,43,45,79,36,31,4
14856.png,5.0_1.0,4,25,33,63,38,29,2
14857.png,2.0_1.0,7,54,64,95,41,57,2
14858.png,4.0_9.0,5,29,36,56,27,31,2
14859.png,1.0_1.0,1,19,16,31,12,15,2
1486.png,1.0_8.0,5,18,29,42,24,24,2
14860.png,1.0_6.0,23,102,68,126,24,45,2
14861.png,2.0_5.0_1.0_5.0,5,18,17,49,31,12,4
14862.png,6.0_10.0,8,27,28,52,25,20,2
14863.png,1.0_8.0,7,46,61,107,61,54,2
14864.png,2.0_2.0_1.0_1.0,5,22,23,55,33,18,4
14865.png,1.0_6.0_3.0,4,26,25,56,30,21,3
14866.png,8.0_7.0,3,41,50,85,44,47,2
14867.png,9.0_7.0,2,28,29,44,16,27,2
14868.png,2.0,8,83,31,95,12,23,1
14869.png,2.0_4.0,11,33,32,49,16,21,2
1487.png,7.0_10.0,5,28,35,57,29,30,2
14870.png,1.0_2.0,1,45,63,100,55,62,2
14871.png,9.0,21,74,66,99,25,45,1
14872.png,4.0_1.0,31,135,230,359,224,199,2
14873.png,2.0_10.0_7.0,12,49,42,98,49,30,3
14874.png,1.0_1.0,5,31,36,59,28,31,2
14875.png,4.0_5.0,10,63,72,130,67,62,2
14876.png,9.0_7.0,9,55,60,100,45,51,2
14877.png,2.0_3.0,1,16,21,29,13,20,2
14878.png,3.0_1.0,4,13,16,22,9,12,2
14879.png,2.0_7.0,3,23,22,43,20,19,2
1488.png,2.0_8.0,3,23,28,60,37,25,2
14880.png,3.0_3.0_3.0,6,39,56,98,59,50,3
14881.png,2.0_10.0_6.0,39,95,56,127,32,17,3
14882.png,6.0_3.0,1,17,20,32,15,19,2
14883.png,1.0_7.0_8.0,1,32,38,82,50,37,3
14884.png,8.0_3.0,3,70,78,152,82,75,2
14885.png,1.0_7.0,4,18,21,38,20,17,2
14886.png,4.0,9,60,40,75,15,31,1
14887.png,4.0_9.0_3.0,17,67,61,126,59,44,3
14888.png,1.0_1.0,7,29,33,41,12,26,2
14889.png,2.0_2.0_7.0,1,12,17,45,33,16,3
1489.png,1.0_2.0_8.0,13,39,45,79,40,32,3
14890.png,1.0_9.0_1.0,25,73,49,109,36,24,3
14891.png,2.0_10.0,24,85,84,151,66,60,2
14892.png,5.0,6,42,63,90,48,57,1
14893.png,2.0_4.0_7.0_5.0,2,26,19,58,32,17,4
14894.png,4.0,66,225,182,305,80,116,1
14895.png,1.0_9.0_7.0,2,21,20,38,17,18,3
14896.png,3.0_1.0,16,72,71,117,45,55,2
14897.png,1.0_3.0_9.0,75,202,121,245,43,46,3
14898.png,3.0_8.0,12,38,37,76,38,25,2
14899.png,1.0_1.0,6,31,41,55,24,35,2
149.png,4.0_7.0,3,19,20,35,16,17,2
1490.png,3.0_9.0,93,6,127,48,42,34,2
14900.png,2.0_1.0_3.0,31,86,75,147,61,44,3
14901.png,7.0_2.0,10,35,38,67,32,28,2
14902.png,7.0_8.0,5,26,27,45,19,22,2
14903.png,1.0_4.0_3.0,1,7,12,23,16,11,3
14904.png,8.0_3.0,5,42,57,85,43,52,2
14905.png,2.0_6.0,21,51,60,76,25,39,2
14906.png,1.0_8.0_10.0,34,161,98,237,76,64,3
14907.png,1.0,7,43,30,50,7,23,1
14908.png,1.0_6.0_7.0,31,105,99,222,117,68,3
14909.png,8.0_4.0_3.0,13,69,91,161,92,78,3
1491.png,1.0_9.0_3.0,6,18,22,39,21,16,3
14910.png,2.0_8.0_3.0,16,55,45,95,40,29,3
14911.png,6.0,5,31,39,50,19,34,1
14912.png,1.0_4.0_1.0,8,30,36,63,33,28,3
14913.png,1.0_5.0_8.0,7,37,51,91,54,44,3
14914.png,3.0_1.0_8.0,11,44,32,73,29,21,3
14915.png,1.0_10.0,19,107,131,177,70,112,2
14916.png,6.0_2.0,15,55,42,90,35,27,2
14917.png,9.0,6,28,27,39,11,21,1
14918.png,7.0_5.0,3,32,35,64,32,32,2
14919.png,5.0_9.0,13,48,49,85,37,36,2
1492.png,4.0_2.0_1.0,31,246,72,298,52,41,3
14920.png,1.0_2.0_5.0,26,87,59,127,40,33,3
14921.png,1.0_1.0,4,26,35,41,15,31,2
14922.png,1.0_4.0,10,24,26,41,17,16,2
14923.png,2.0_10.0_8.0,12,38,36,78,40,24,3
14924.png,8.0_7.0,15,54,54,109,55,39,2
14925.png,4.0_7.0,10,35,33,52,17,23,2
14926.png,1.0_4.0_10.0,22,134,132,274,140,110,3
14927.png,1.0_3.0,22,82,62,108,26,40,2
14928.png,5.0_9.0_2.0,11,59,60,115,56,49,3
14929.png,2.0_5.0_4.0,10,76,36,114,38,26,3
1493.png,3.0_2.0_6.0,7,37,32,81,44,25,3
14930.png,6.0_1.0,8,50,57,87,37,49,2
14931.png,3.0,25,110,122,186,76,97,1
14932.png,5.0_10.0,5,27,28,43,16,23,2
14933.png,8.0_9.0,14,40,45,74,34,31,2
14934.png,2.0_6.0_3.0,12,79,72,130,51,60,3
14935.png,1.0,1,23,25,29,6,24,1
14936.png,5.0,5,27,33,41,14,28,1
14937.png,2.0_5.0_2.0,53,123,110,213,90,57,3
14938.png,4.0_8.0,3,20,24,41,21,21,2
14939.png,1.0_1.0_4.0,7,33,24,56,23,17,3
1494.png,2.0_2.0_10.0,9,41,34,87,46,25,3
14940.png,2.0_4.0,7,33,32,55,22,25,2
14941.png,8.0,4,36,44,69,33,40,1
14942.png,1.0_10.0_1.0_4.0,9,55,59,122,67,50,4
14943.png,3.0_7.0,1,22,32,45,23,31,2
14944.png,4.0_3.0_3.0_1.0,6,49,44,94,45,38,4
14945.png,1.0,9,57,65,83,26,56,1
14946.png,3.0_1.0,1,19,19,38,19,18,2
14947.png,3.0,0,29,40,55,26,40,1
14948.png,1.0_2.0_6.0,1,23,28,46,23,27,3
14949.png,3.0_5.0,1,22,26,46,24,25,2
1495.png,3.0_1.0,12,54,62,108,54,50,2
14950.png,2.0_2.0_2.0_7.0,1,22,24,57,35,23,4
14951.png,3.0_3.0,5,43,39,72,29,34,2
14952.png,5.0_1.0,30,112,49,136,24,19,2
14953.png,8.0,2,17,23,29,12,21,1
14954.png,4.0_1.0,10,63,77,133,70,67,2
14955.png,1.0_10.0,1,15,16,28,13,15,2
14956.png,9.0_2.0,1,17,22,36,19,21,2
14957.png,2.0_8.0_3.0,22,78,82,177,99,60,3
14958.png,1.0_9.0_4.0_10.0,9,45,49,86,41,40,4
14959.png,2.0_4.0_5.0,6,26,28,47,21,22,3
1496.png,8.0_7.0_3.0_5.0,33,158,90,240,82,57,4
14960.png,1.0_10.0_3.0,2,25,34,58,33,32,3
14961.png,8.0_2.0,2,28,29,47,19,27,2
14962.png,2.0_9.0_10.0,2,16,17,37,21,15,3
14963.png,1.0_3.0,3,28,21,45,17,18,2
14964.png,5.0_2.0,13,51,52,84,33,39,2
14965.png,1.0_4.0_2.0,7,31,34,49,18,27,3
14966.png,5.0_10.0,70,117,97,142,25,27,2
14967.png,7.0_4.0_2.0,12,59,64,130,71,52,3
14968.png,2.0,1,18,25,38,20,24,1
14969.png,1.0_10.0,6,37,46,68,31,40,2
1497.png,1.0_7.0_2.0,3,17,16,39,22,13,3
14970.png,1.0_1.0,13,59,59,88,29,46,2
14971.png,2.0_3.0,3,26,31,41,15,28,2
14972.png,9.0_7.0,7,28,25,46,18,18,2
14973.png,6.0_9.0,4,19,19,36,17,15,2
14974.png,8.0_1.0,36,88,127,162,74,91,2
14975.png,3.0_5.0_7.0,79,152,137,223,71,58,3
14976.png,2.0_6.0_3.0_9.0,4,20,21,47,27,17,4
14977.png,4.0_4.0,22,85,99,151,66,77,2
14978.png,2.0_2.0_4.0,21,110,108,216,106,87,3
14979.png,3.0_1.0,7,49,56,87,38,49,2
1498.png,2.0,10,40,42,55,15,32,1
14980.png,2.0_2.0,3,46,51,93,47,48,2
14981.png,2.0_3.0,18,70,76,115,45,58,2
14982.png,7.0_4.0,6,42,46,89,47,40,2
14983.png,2.0_3.0,19,62,64,102,40,45,2
14984.png,2.0_2.0_8.0,8,34,33,68,34,25,3
14985.png,1.0_10.0_9.0,50,55,92,106,51,42,3
14986.png,9.0_3.0,2,21,28,46,25,26,2
14987.png,2.0_10.0,3,44,66,119,75,63,2
14988.png,2.0_7.0_6.0,70,103,108,150,47,38,3
14989.png,3.0,5,23,24,33,10,19,1
1499.png,2.0_7.0,11,49,47,66,17,36,2
14990.png,9.0_3.0_1.0,13,47,44,69,22,31,3
14991.png,2.0_10.0,3,20,28,53,33,25,2
14992.png,3.0_8.0_2.0,3,23,22,50,27,19,3
14993.png,1.0_6.0_7.0,22,78,66,124,46,44,3
14994.png,8.0_5.0,6,38,41,75,37,35,2
14995.png,3.0_7.0_1.0,1,62,53,128,66,52,3
14996.png,4.0_7.0_2.0,14,48,41,88,40,27,3
14997.png,2.0_5.0_1.0,6,31,29,61,30,23,3
14998.png,7.0_6.0,7,28,40,70,42,33,2
14999.png,1.0_1.0_5.0,1,44,56,104,60,55,3
15.png,1.0_6.0,7,22,28,43,21,21,2
150.png,2.0_8.0_6.0,35,136,63,185,49,28,3
1500.png,3.0_7.0,35,112,88,164,52,53,2
15000.png,4.0_7.0,1,20,27,42,22,26,2
15001.png,4.0_6.0_5.0,16,89,84,170,81,68,3
15002.png,1.0_4.0,4,32,37,68,36,33,2
15003.png,8.0,35,107,105,142,35,70,1
15004.png,4.0_7.0,22,78,86,143,65,64,2
15005.png,2.0_9.0,9,41,32,62,21,23,2
15006.png,7.0,3,28,26,42,14,23,1
15007.png,2.0_8.0,3,25,26,50,25,23,2
15008.png,1.0_10.0_5.0,6,26,31,55,29,25,3
15009.png,7.0,1,17,25,33,16,24,1
1501.png,8.0_8.0,21,72,53,113,41,32,2
15010.png,1.0_3.0_10.0,15,100,111,212,112,96,3
15011.png,5.0,4,24,58,48,24,54,1
15012.png,1.0_4.0_1.0,7,32,27,54,22,20,3
15013.png,2.0_10.0,6,33,37,68,35,31,2
15014.png,1.0_9.0,8,90,128,219,129,120,2
15015.png,7.0,8,71,94,112,41,86,1
15016.png,1.0_7.0_2.0,2,12,15,30,18,13,3
15017.png,1.0_6.0_6.0,11,38,38,79,41,27,3
15018.png,7.0_8.0,11,48,46,91,43,35,2
15019.png,2.0_6.0,13,54,46,104,50,33,2
1502.png,1.0_3.0_3.0,5,36,43,72,36,38,3
15020.png,1.0_5.0_6.0,3,18,20,38,20,17,3
15021.png,1.0_3.0_1.0,5,20,33,45,25,28,3
15022.png,3.0_7.0,5,33,43,76,43,38,2
15023.png,2.0,7,31,31,52,21,24,1
15024.png,8.0_5.0_10.0,36,140,133,257,117,97,3
15025.png,2.0_3.0,2,12,15,25,13,13,2
15026.png,4.0_6.0,6,41,49,88,47,43,2
15027.png,1.0_10.0,2,36,34,65,29,32,2
15028.png,1.0_10.0,5,29,41,66,37,36,2
15029.png,8.0,9,35,43,54,19,34,1
1503.png,9.0,3,22,25,38,16,22,1
15030.png,5.0_2.0,12,80,104,173,93,92,2
15031.png,7.0_3.0,4,33,32,61,28,28,2
15032.png,7.0_6.0,14,63,62,112,49,48,2
15033.png,1.0_2.0,1,21,21,37,16,20,2
15034.png,9.0_4.0,5,40,46,83,43,41,2
15035.png,2.0_8.0,18,92,98,186,94,80,2
15036.png,3.0,6,53,57,68,15,51,1
15037.png,4.0_8.0,2,25,31,50,25,29,2
15038.png,6.0_2.0_6.0,10,43,42,89,46,32,3
15039.png,1.0,2,14,16,20,6,14,1
1504.png,5.0_10.0,15,69,73,130,61,58,2
15040.png,3.0_10.0,4,36,36,65,29,32,2
15041.png,4.0_1.0,3,18,16,27,9,13,2
15042.png,6.0_2.0,6,33,31,63,30,25,2
15043.png,1.0_2.0,4,17,25,43,26,21,2
15044.png,3.0_4.0_4.0,14,86,111,211,125,97,3
15045.png,3.0_3.0,7,18,24,32,14,17,2
15046.png,7.0_1.0,4,24,31,44,20,27,2
15047.png,4.0_6.0,15,71,62,126,55,47,2
15048.png,3.0,6,46,62,74,28,56,1
15049.png,1.0_5.0,7,29,32,52,23,25,2
1505.png,1.0_3.0,1,20,23,30,10,22,2
15050.png,9.0_1.0,9,39,44,62,23,35,2
15051.png,5.0,4,28,31,46,18,27,1
15052.png,5.0_10.0,14,48,59,109,61,45,2
15053.png,6.0_8.0,4,18,17,31,13,13,2
15054.png,6.0_8.0,1,11,13,24,13,12,2
15055.png,1.0_1.0,5,33,29,51,18,24,2
15056.png,7.0_7.0,21,77,57,113,36,36,2
15057.png,2.0_1.0,11,53,58,104,51,47,2
15058.png,4.0_4.0,5,23,26,51,28,21,2
15059.png,5.0_6.0,7,44,51,99,55,44,2
1506.png,1.0_2.0_9.0_8.0,17,58,49,110,52,32,4
15060.png,9.0,1,14,14,23,9,13,1
15061.png,2.0_8.0,6,42,54,73,31,48,2
15062.png,1.0_5.0_5.0,22,126,121,266,140,99,3
15063.png,6.0_8.0,4,26,30,51,25,26,2
15064.png,1.0_3.0_8.0,19,59,44,95,36,25,3
15065.png,1.0_2.0,6,35,51,85,50,45,2
15066.png,3.0,10,33,29,44,11,19,1
15067.png,9.0_9.0,1,25,32,50,25,31,2
15068.png,1.0_4.0_5.0,13,82,40,117,35,27,3
15069.png,3.0,7,56,53,89,33,46,1
1507.png,1.0_4.0,1,18,23,35,17,22,2
15070.png,5.0_9.0_7.0,2,55,64,116,61,62,3
15071.png,3.0_6.0,28,103,99,163,60,71,2
15072.png,2.0_7.0_1.0,7,36,45,75,39,38,3
15073.png,1.0_8.0,3,23,28,47,24,25,2
15074.png,5.0,5,22,19,31,9,14,1
15075.png,1.0_10.0,6,57,68,107,50,62,2
15076.png,5.0_6.0,4,20,21,36,16,17,2
15077.png,1.0_9.0,1,17,19,35,18,18,2
15078.png,1.0_4.0,17,81,95,146,65,78,2
15079.png,2.0_9.0,6,26,24,39,13,18,2
1508.png,4.0_1.0,3,31,35,54,23,32,2
15080.png,9.0_7.0,9,33,33,50,17,24,2
15081.png,5.0_6.0,15,97,121,215,118,106,2
15082.png,4.0_4.0,10,75,88,140,65,78,2
15083.png,2.0_1.0,2,34,30,60,26,28,2
15084.png,2.0_2.0,0,71,89,134,63,89,2
15085.png,6.0_1.0,6,32,36,55,23,30,2
15086.png,1.0_2.0_10.0,1,19,25,47,28,24,3
15087.png,1.0_3.0_1.0,4,52,58,118,66,54,3
15088.png,1.0,20,90,72,107,17,52,1
15089.png,6.0_8.0,5,30,41,80,50,36,2
1509.png,7.0_8.0,5,42,50,87,45,45,2
15090.png,3.0,4,23,24,36,13,20,1
15091.png,4.0_4.0,28,79,58,108,29,30,2
15092.png,2.0_8.0,1,23,29,53,30,28,2
15093.png,1.0_6.0,12,62,65,116,54,53,2
15094.png,3.0,1,24,29,38,14,28,1
15095.png,4.0_10.0,9,50,53,100,50,44,2
15096.png,8.0_4.0,1,23,22,43,20,21,2
15097.png,1.0_2.0,10,35,42,61,26,32,2
15098.png,1.0_5.0,5,43,57,89,46,52,2
15099.png,1.0_1.0_9.0,5,33,33,53,20,28,3
151.png,3.0_3.0,4,25,25,55,30,21,2
1510.png,3.0_3.0_4.0,9,146,51,182,36,42,3
15100.png,2.0_1.0_2.0,4,22,22,37,15,18,3
15101.png,2.0_1.0_8.0,5,20,28,40,20,23,3
15102.png,3.0_2.0_2.0,2,37,36,68,31,34,3
15103.png,3.0_2.0,3,17,19,32,15,16,2
15104.png,6.0_10.0_7.0,10,76,61,131,55,51,3
15105.png,1.0_1.0,15,55,58,80,25,43,2
15106.png,5.0_7.0,6,39,46,80,41,40,2
15107.png,1.0_10.0,3,20,19,33,13,16,2
15108.png,1.0_3.0,2,21,20,35,14,18,2
15109.png,4.0_2.0,6,27,28,45,18,22,2
1511.png,8.0,1,21,25,30,9,24,1
15110.png,1.0_4.0_3.0_8.0,35,104,86,165,61,51,4
15111.png,5.0,1,13,16,23,10,15,1
15112.png,9.0,1,15,18,25,10,17,1
15113.png,1.0_7.0_2.0,5,51,55,113,62,50,3
15114.png,3.0_1.0,3,15,19,26,11,16,2
15115.png,5.0_10.0,11,56,68,124,68,57,2
15116.png,6.0_3.0,7,35,54,64,29,47,2
15117.png,9.0_9.0,11,60,68,106,46,57,2
15118.png,2.0_5.0_4.0,12,50,44,82,32,32,3
15119.png,3.0_3.0,6,27,32,55,28,26,2
1512.png,7.0_6.0_9.0,10,58,71,169,111,61,3
15120.png,3.0_7.0,4,50,59,97,47,55,2
15121.png,5.0_7.0,5,28,34,63,35,29,2
15122.png,5.0_4.0_9.0,4,47,62,144,97,58,3
15123.png,4.0_2.0,9,38,44,69,31,35,2
15124.png,2.0,10,44,46,59,15,36,1
15125.png,3.0_5.0,3,0,21,13,13,18,2
15126.png,5.0,4,37,30,52,15,26,1
15127.png,4.0_3.0_6.0,27,114,50,139,25,23,3
15128.png,1.0_3.0,5,54,73,124,70,68,2
15129.png,7.0_2.0,8,36,36,68,32,28,2
1513.png,3.0_10.0,4,37,47,87,50,43,2
15130.png,6.0_2.0,31,124,120,227,103,89,2
15131.png,5.0_1.0,10,58,71,132,74,61,2
15132.png,1.0_3.0,6,66,83,139,73,77,2
15133.png,8.0,7,33,25,42,9,18,1
15134.png,9.0_5.0,7,69,99,146,77,92,2
15135.png,2.0_9.0,4,32,37,69,37,33,2
15136.png,2.0_7.0,5,30,35,49,19,30,2
15137.png,2.0_4.0_2.0,2,18,21,41,23,19,3
15138.png,1.0_6.0_6.0,12,61,69,105,44,57,3
15139.png,2.0_2.0,5,30,30,48,18,25,2
1514.png,1.0_10.0,3,21,18,34,13,15,2
15140.png,6.0_8.0,5,17,20,30,13,15,2
15141.png,3.0_9.0,6,56,70,120,64,64,2
15142.png,5.0_10.0,1,12,14,29,17,13,2
15143.png,4.0_6.0,9,33,33,53,20,24,2
15144.png,3.0_4.0,5,20,18,32,12,13,2
15145.png,1.0_7.0_4.0,1,20,24,39,19,23,3
15146.png,1.0_3.0_3.0,12,68,87,140,72,75,3
15147.png,1.0_1.0_6.0,2,19,21,37,18,19,3
15148.png,2.0_2.0,3,18,28,42,24,25,2
15149.png,2.0_1.0_3.0_8.0,5,28,24,56,28,19,4
1515.png,5.0_4.0,5,31,34,67,36,29,2
15150.png,1.0_2.0,7,31,27,48,17,20,2
15151.png,2.0_7.0,3,24,28,45,21,25,2
15152.png,7.0_2.0_3.0,7,70,34,95,25,27,3
15153.png,9.0_7.0,4,18,23,40,22,19,2
15154.png,8.0,25,66,51,85,19,26,1
15155.png,2.0_2.0_4.0_7.0,10,40,37,81,41,27,4
15156.png,1.0_1.0_5.0,12,48,60,113,65,48,3
15157.png,2.0_3.0,1,9,30,49,40,29,2
15158.png,2.0_1.0,1,21,25,41,20,24,2
15159.png,1.0_1.0,7,30,36,49,19,29,2
1516.png,8.0,25,68,152,152,84,127,1
15160.png,6.0,4,26,20,31,5,16,1
15161.png,7.0,7,38,36,53,15,29,1
15162.png,4.0_9.0,22,77,60,111,34,38,2
15163.png,4.0_3.0,2,28,32,66,38,30,2
15164.png,2.0_9.0_10.0,7,22,24,50,28,17,3
15165.png,7.0_2.0,20,110,91,184,74,71,2
15166.png,5.0_4.0,6,39,43,57,18,37,2
15167.png,8.0_5.0,9,50,65,103,53,56,2
15168.png,1.0_4.0_3.0,5,23,26,53,30,21,3
15169.png,8.0_1.0,22,194,54,233,39,32,2
1517.png,4.0_8.0,9,32,30,53,21,21,2
15170.png,2.0_6.0_7.0,49,125,100,188,63,51,3
15171.png,5.0,5,27,33,40,13,28,1
15172.png,1.0,13,66,76,89,23,63,1
15173.png,5.0_8.0,1,20,27,46,26,26,2
15174.png,1.0_2.0_4.0_2.0,40,107,99,178,71,59,4
15175.png,1.0_2.0_10.0,1,19,19,39,20,18,3
15176.png,4.0_4.0,6,36,41,62,26,35,2
15177.png,2.0_10.0,4,28,34,48,20,30,2
15178.png,1.0_10.0_8.0,50,107,84,149,42,34,3
15179.png,6.0_8.0,4,19,17,30,11,13,2
1518.png,4.0_5.0,5,35,37,61,26,32,2
15180.png,7.0_9.0,2,34,41,59,25,39,2
15181.png,1.0,21,70,68,97,27,47,1
15182.png,5.0_2.0,1,29,38,65,36,37,2
15183.png,2.0,2,38,44,67,29,42,1
15184.png,4.0_4.0,7,40,57,96,56,50,2
15185.png,8.0_9.0_5.0,17,90,63,159,69,46,3
15186.png,2.0_2.0,7,38,43,74,36,36,2
15187.png,2.0,9,69,84,105,36,75,1
15188.png,3.0_10.0,6,57,73,140,83,67,2
15189.png,4.0,4,27,34,44,17,30,1
1519.png,2.0_3.0_9.0_10.0,1,19,17,52,33,16,4
15190.png,3.0_7.0,21,79,70,122,43,49,2
15191.png,1.0_8.0_3.0,3,26,31,71,45,28,3
15192.png,1.0_10.0_7.0,4,26,36,65,39,32,3
15193.png,3.0_8.0,21,84,83,149,65,62,2
15194.png,2.0_1.0,7,39,46,55,16,39,2
15195.png,3.0_9.0,4,26,33,57,31,29,2
15196.png,4.0_2.0,4,23,25,47,24,21,2
15197.png,1.0_2.0_10.0,22,108,129,179,71,107,3
15198.png,4.0_5.0,5,25,29,52,27,24,2
15199.png,3.0_9.0,7,40,43,75,35,36,2
152.png,2.0_10.0_7.0,8,52,47,87,35,39,3
1520.png,7.0_10.0,52,218,88,251,33,36,2
15200.png,3.0_5.0,15,60,75,134,74,60,2
15201.png,4.0_7.0,4,33,36,65,32,32,2
15202.png,1.0_6.0,7,43,40,76,33,33,2
15203.png,2.0_3.0,2,22,26,44,22,24,2
15204.png,6.0_3.0,4,22,19,40,18,15,2
15205.png,8.0_10.0,4,31,38,69,38,34,2
15206.png,4.0_7.0,6,30,31,51,21,25,2
15207.png,6.0_9.0,2,22,25,48,26,23,2
15208.png,3.0_9.0_3.0_10.0,8,30,29,63,33,21,4
15209.png,1.0_2.0_6.0,5,35,39,86,51,34,3
1521.png,4.0_5.0,14,46,49,74,28,35,2
15210.png,2.0_1.0_5.0,2,24,31,61,37,29,3
15211.png,2.0_5.0,3,28,26,54,26,23,2
15212.png,2.0_2.0_4.0,1,26,28,62,36,27,3
15213.png,1.0_7.0,6,28,37,51,23,31,2
15214.png,7.0_1.0,10,35,38,63,28,28,2
15215.png,2.0_7.0,1,30,33,59,29,32,2
15216.png,3.0,4,38,46,66,28,42,1
15217.png,1.0_3.0,4,29,27,61,32,23,2
15218.png,4.0_7.0_8.0,1,19,26,49,30,25,3
15219.png,3.0_10.0,4,31,30,71,40,26,2
1522.png,3.0_5.0_1.0,2,24,30,54,30,28,3
15220.png,1.0_7.0,15,47,36,55,8,21,2
15221.png,3.0_1.0_4.0,7,41,46,89,48,39,3
15222.png,6.0,20,111,146,175,64,126,1
15223.png,7.0,2,20,19,28,8,17,1
15224.png,5.0,1,14,17,21,7,16,1
15225.png,6.0_9.0,9,31,32,66,35,23,2
15226.png,1.0_4.0_4.0,7,54,51,98,44,44,3
15227.png,4.0,1,26,29,44,18,28,1
15228.png,3.0_6.0,8,37,33,56,19,25,2
15229.png,2.0_7.0_5.0,3,23,24,54,31,21,3
1523.png,1.0_8.0,8,37,40,59,22,32,2
15230.png,6.0,7,34,28,41,7,21,1
15231.png,1.0_4.0_9.0,10,50,41,83,33,31,3
15232.png,8.0_3.0,3,36,52,74,38,49,2
15233.png,3.0_5.0,2,22,23,42,20,21,2
15234.png,1.0_6.0_5.0_8.0,1,18,18,53,35,17,4
15235.png,1.0_3.0,1,13,17,30,17,16,2
15236.png,4.0_5.0,6,41,44,79,38,38,2
15237.png,2.0_9.0,10,48,52,71,23,42,2
15238.png,5.0_9.0_7.0,4,48,52,83,35,48,3
15239.png,1.0_1.0,7,30,32,50,20,25,2
1524.png,4.0_2.0_9.0,4,16,17,34,18,13,3
15240.png,7.0_1.0_7.0,16,53,49,100,47,33,3
15241.png,1.0_1.0,8,35,42,62,27,34,2
15242.png,3.0_9.0,14,58,40,80,22,26,2
15243.png,2.0_7.0,21,84,78,133,49,57,2
15244.png,3.0_7.0,3,41,58,95,54,55,2
15245.png,9.0_2.0,1,33,43,70,37,42,2
15246.png,5.0_7.0,4,21,20,37,16,16,2
15247.png,2.0_5.0_2.0,1,17,22,42,25,21,3
15248.png,1.0_2.0_4.0,1,6,13,29,23,12,3
15249.png,4.0_8.0_8.0,26,95,67,145,50,41,3
1525.png,4.0,2,23,20,32,9,18,1
15250.png,2.0_2.0_6.0,14,74,57,108,34,43,3
15251.png,1.0_5.0,63,177,158,252,75,95,2
15252.png,7.0,1,19,23,32,13,22,1
15253.png,6.0_6.0,1,21,26,39,18,25,2
15254.png,2.0_6.0,5,33,37,57,24,32,2
15255.png,9.0_6.0,6,22,20,34,12,14,2
15256.png,1.0_5.0_1.0_5.0,2,19,21,59,40,19,4
15257.png,6.0,6,43,31,53,10,25,1
15258.png,2.0_2.0,10,47,61,103,56,51,2
15259.png,4.0_10.0,11,38,36,62,24,25,2
1526.png,1.0_3.0_7.0,10,54,54,99,45,44,3
15260.png,1.0_3.0_8.0,15,51,51,91,40,36,3
15261.png,9.0,22,67,58,88,21,36,1
15262.png,3.0_4.0,8,54,65,125,71,57,2
15263.png,4.0_4.0,3,26,27,40,14,24,2
15264.png,2.0_5.0,4,16,24,41,25,20,2
15265.png,1.0_2.0_3.0,5,21,22,45,24,17,3
15266.png,3.0,3,30,41,59,29,38,1
15267.png,5.0_5.0,20,59,52,91,32,32,2
15268.png,3.0_5.0_4.0,29,189,71,256,67,42,3
15269.png,4.0_2.0,4,21,24,44,23,20,2
1527.png,2.0_3.0,16,67,65,116,49,49,2
15270.png,5.0_4.0_6.0,23,63,44,93,30,21,3
15271.png,1.0_7.0,5,34,40,59,25,35,2
15272.png,1.0_5.0_5.0,6,29,29,72,43,23,3
15273.png,7.0_5.0,11,39,46,63,24,35,2
15274.png,4.0_2.0_3.0,1,13,14,32,19,13,3
15275.png,1.0_1.0_1.0,1,21,22,52,31,21,3
15276.png,3.0_6.0,1,25,32,60,35,31,2
15277.png,3.0_2.0,6,42,37,68,26,31,2
15278.png,3.0_8.0,5,33,33,69,36,28,2
15279.png,4.0,7,44,50,80,36,43,1
1528.png,2.0_10.0,20,113,95,173,60,75,2
15280.png,3.0_10.0,13,48,43,80,32,30,2
15281.png,7.0_1.0,3,34,41,52,18,38,2
15282.png,6.0_7.0,1,17,17,31,14,16,2
15283.png,3.0_8.0,12,49,42,74,25,30,2
15284.png,7.0_3.0,6,25,25,41,16,19,2
15285.png,6.0,23,140,130,210,70,107,1
15286.png,1.0,2,14,15,19,5,13,1
15287.png,1.0_4.0,8,54,66,118,64,58,2
15288.png,1.0_2.0_5.0,6,23,32,53,30,26,3
15289.png,1.0_3.0_4.0,37,162,80,218,56,43,3
1529.png,1.0_6.0_8.0_4.0,7,95,46,145,50,39,4
15290.png,2.0_3.0_5.0,8,36,44,78,42,36,3
15291.png,4.0,41,288,381,495,207,340,1
15292.png,1.0_6.0_1.0,36,94,71,157,63,35,3
15293.png,2.0_2.0,3,31,33,60,29,30,2
15294.png,1.0_4.0,9,44,52,73,29,43,2
15295.png,2.0_10.0_7.0,5,18,24,49,31,19,3
15296.png,8.0_7.0,10,36,38,68,32,28,2
15297.png,4.0_5.0,14,112,82,158,46,68,2
15298.png,3.0_2.0,2,22,23,49,27,21,2
15299.png,7.0_2.0,9,29,31,50,21,22,2
153.png,1.0_9.0,7,30,35,45,15,28,2
1530.png,9.0,14,59,63,83,24,49,1
15300.png,3.0,5,20,19,28,8,14,1
15301.png,1.0_6.0_6.0_8.0,13,55,57,110,55,44,4
15302.png,1.0_2.0_8.0,8,48,55,115,67,47,3
15303.png,4.0_3.0,7,24,31,41,17,24,2
15304.png,5.0,3,17,17,26,9,14,1
15305.png,1.0_10.0,1,21,25,40,19,24,2
15306.png,1.0_8.0,3,18,25,36,18,22,2
15307.png,6.0_2.0,5,37,35,62,25,30,2
15308.png,1.0_7.0,1,31,40,68,37,39,2
15309.png,8.0_6.0,6,15,21,30,15,15,2
1531.png,5.0_1.0,3,83,116,196,113,113,2
15310.png,2.0_7.0,1,16,15,26,10,14,2
15311.png,9.0_1.0,8,40,35,70,30,27,2
15312.png,7.0_3.0,12,74,48,101,27,36,2
15313.png,2.0_6.0,4,42,56,91,49,52,2
15314.png,1.0_10.0_9.0,6,36,35,66,30,29,3
15315.png,1.0_3.0,16,160,201,332,172,185,2
15316.png,1.0_8.0_1.0,17,76,74,144,68,57,3
15317.png,1.0_6.0,15,65,53,98,33,38,2
15318.png,3.0_4.0,12,44,35,66,22,23,2
15319.png,5.0,1,32,39,58,26,38,1
1532.png,2.0_7.0,9,23,29,45,22,20,2
15320.png,1.0_4.0,6,20,21,34,14,15,2
15321.png,1.0_6.0,6,38,53,76,38,47,2
15322.png,7.0_2.0,6,33,42,78,45,36,2
15323.png,3.0_7.0,4,44,52,83,39,48,2
15324.png,5.0_7.0,2,22,28,41,19,26,2
15325.png,3.0_8.0_10.0_6.0,12,60,50,119,59,38,4
15326.png,3.0_5.0_8.0,3,27,34,58,31,31,3
15327.png,1.0_3.0,3,45,63,79,34,60,2
15328.png,5.0_8.0,25,109,96,169,60,71,2
15329.png,1.0_2.0_6.0,7,31,35,66,35,28,3
1533.png,8.0_3.0,3,73,70,112,39,67,2
15330.png,2.0_9.0,5,18,19,36,18,14,2
15331.png,7.0,10,84,84,118,34,74,1
15332.png,2.0_10.0,18,72,88,136,64,70,2
15333.png,1.0_9.0_3.0_10.0,1,15,18,55,40,17,4
15334.png,2.0_3.0_6.0,17,144,59,198,54,42,3
15335.png,4.0_4.0,4,36,42,63,27,38,2
15336.png,3.0_8.0,3,42,51,93,51,48,2
15337.png,6.0_1.0,6,23,24,39,16,18,2
15338.png,2.0_5.0,6,39,47,67,28,41,2
15339.png,2.0_1.0,6,33,48,64,31,42,2
1534.png,6.0_7.0,4,18,20,32,14,16,2
15340.png,2.0_8.0_8.0,17,67,72,105,38,55,3
15341.png,3.0_1.0,5,56,75,118,62,70,2
15342.png,1.0_1.0,6,34,33,50,16,27,2
15343.png,9.0_10.0,1,16,17,27,11,16,2
15344.png,1.0_9.0,6,0,64,50,50,58,2
15345.png,1.0_3.0,26,45,56,72,27,30,2
15346.png,8.0,8,27,30,40,13,22,1
15347.png,1.0_10.0,2,29,37,53,24,35,2
15348.png,3.0_10.0,9,46,51,105,59,42,2
15349.png,7.0_3.0,6,29,26,43,14,20,2
1535.png,1.0_2.0_7.0,18,58,55,96,38,37,3
15350.png,5.0,1,17,25,36,19,24,1
15351.png,1.0_10.0_8.0,4,34,40,92,58,36,3
15352.png,5.0_10.0,7,47,56,84,37,49,2
15353.png,1.0_3.0_1.0,4,23,30,53,30,26,3
15354.png,8.0_5.0,1,29,47,82,53,46,2
15355.png,6.0,20,75,80,114,39,60,1
15356.png,1.0_2.0,1,20,24,42,22,23,2
15357.png,6.0_2.0_8.0,13,47,55,101,54,42,3
15358.png,9.0_6.0,3,36,48,81,45,45,2
15359.png,1.0_5.0,2,18,25,42,24,23,2
1536.png,6.0_7.0,3,26,33,46,20,30,2
15360.png,2.0_1.0,4,27,27,45,18,23,2
15361.png,1.0_1.0,20,131,143,229,98,123,2
15362.png,1.0_6.0_2.0,19,74,67,130,56,48,3
15363.png,1.0_10.0_3.0,34,173,220,291,118,186,3
15364.png,1.0_6.0_10.0,1,26,29,60,34,28,3
15365.png,9.0_4.0,8,34,47,67,33,39,2
15366.png,1.0_1.0,7,39,42,60,21,35,2
15367.png,5.0_10.0,6,33,35,67,34,29,2
15368.png,1.0_9.0_1.0,1,21,24,46,25,23,3
15369.png,4.0_4.0,16,55,47,87,32,31,2
1537.png,1.0_4.0,6,28,40,61,33,34,2
15370.png,2.0_3.0,1,19,24,44,25,23,2
15371.png,1.0_2.0,6,44,63,81,37,57,2
15372.png,3.0_5.0,13,70,72,129,59,59,2
15373.png,2.0_5.0_4.0,5,30,38,54,24,33,3
15374.png,1.0_7.0,12,80,97,147,67,85,2
15375.png,2.0_7.0,3,23,24,42,19,21,2
15376.png,7.0_2.0,5,19,21,35,16,16,2
15377.png,5.0_10.0,11,29,31,48,19,20,2
15378.png,1.0_10.0,4,26,31,49,23,27,2
15379.png,2.0_1.0_1.0,5,23,30,39,16,25,3
1538.png,3.0_3.0_6.0,26,110,108,205,95,82,3
15380.png,9.0_1.0,11,53,56,95,42,45,2
15381.png,4.0_10.0_7.0,21,66,53,98,32,32,3
15382.png,7.0_9.0,3,23,28,48,25,25,2
15383.png,3.0_2.0,1,26,36,54,28,35,2
15384.png,2.0_1.0_5.0_8.0,16,87,66,161,74,50,4
15385.png,2.0_8.0,3,17,24,56,39,21,2
15386.png,1.0_2.0,1,34,52,73,39,51,2
15387.png,2.0_3.0_10.0,3,30,25,61,31,22,3
15388.png,1.0_6.0_3.0,20,71,73,148,77,53,3
15389.png,3.0,1,22,29,36,14,28,1
1539.png,5.0_10.0,4,30,38,60,30,34,2
15390.png,3.0_6.0_10.0_8.0,8,30,28,78,48,20,4
15391.png,3.0,6,21,29,38,17,23,1
15392.png,1.0_3.0_5.0,23,95,112,162,67,89,3
15393.png,5.0_3.0,13,58,62,110,52,49,2
15394.png,3.0_9.0,6,42,47,79,37,41,2
15395.png,1.0_5.0,7,49,65,93,44,58,2
15396.png,5.0,5,35,39,56,21,34,1
15397.png,1.0_6.0_4.0,42,117,97,154,37,55,3
15398.png,1.0_6.0_8.0_10.0,48,172,88,219,47,40,4
15399.png,2.0_7.0_5.0,1,29,37,85,56,36,3
154.png,2.0,3,18,23,32,14,20,1
1540.png,5.0_2.0,5,46,39,95,49,34,2
15400.png,1.0_1.0,2,28,37,56,28,35,2
15401.png,1.0_7.0_9.0,12,45,42,88,43,30,3
15402.png,1.0_4.0_9.0,7,30,28,60,30,21,3
15403.png,1.0_8.0,40,143,120,208,65,80,2
15404.png,9.0,5,31,38,42,11,33,1
15405.png,8.0_9.0,4,36,38,60,24,34,2
15406.png,5.0_1.0_7.0,7,29,36,64,35,29,3
15407.png,7.0_3.0_7.0,3,36,48,96,60,45,3
15408.png,6.0_2.0,7,27,29,49,22,22,2
15409.png,3.0_8.0_3.0,5,19,27,45,26,22,3
1541.png,9.0,2,20,23,28,8,21,1
15410.png,1.0_4.0,1,23,28,54,31,27,2
15411.png,2.0_4.0,1,15,19,30,15,18,2
15412.png,4.0,5,36,27,51,15,22,1
15413.png,3.0_8.0_9.0,2,24,35,86,62,33,3
15414.png,1.0_3.0,8,35,26,51,16,18,2
15415.png,3.0,10,41,37,57,16,27,1
15416.png,1.0_5.0,7,35,33,45,10,26,2
15417.png,1.0_6.0,2,14,15,29,15,13,2
15418.png,1.0_9.0,11,40,41,61,21,30,2
15419.png,6.0_4.0,7,63,80,143,80,73,2
1542.png,6.0_6.0,4,60,79,169,109,75,2
15420.png,2.0_5.0,8,33,36,53,20,28,2
15421.png,5.0_10.0,15,5,48,47,42,33,2
15422.png,2.0_8.0,2,40,51,68,28,49,2
15423.png,4.0_9.0_8.0,8,54,61,106,52,53,3
15424.png,5.0_7.0_10.0,21,102,95,204,102,74,3
15425.png,1.0_2.0_3.0,6,34,40,63,29,34,3
15426.png,3.0_4.0,4,28,36,58,30,32,2
15427.png,2.0_3.0,3,25,28,56,31,25,2
15428.png,2.0_2.0_10.0,1,19,21,43,24,20,3
15429.png,1.0_8.0,11,45,45,71,26,34,2
1543.png,1.0_1.0_5.0,23,67,51,102,35,28,3
15430.png,4.0_2.0,24,80,63,123,43,39,2
15431.png,3.0,6,45,36,58,13,30,1
15432.png,4.0_1.0,22,98,113,175,77,91,2
15433.png,2.0_10.0_5.0,4,27,33,78,51,29,3
15434.png,5.0,1,17,21,32,15,20,1
15435.png,4.0,10,49,43,65,16,33,1
15436.png,1.0_6.0,18,86,81,134,48,63,2
15437.png,7.0,6,25,28,30,5,22,1
15438.png,2.0_6.0,7,39,46,83,44,39,2
15439.png,5.0_1.0,1,14,17,28,14,16,2
1544.png,4.0_10.0,1,18,24,39,21,23,2
15440.png,4.0_10.0,9,32,32,51,19,23,2
15441.png,3.0_3.0,6,23,25,47,24,19,2
15442.png,1.0_1.0_2.0,4,25,30,42,17,26,3
15443.png,8.0_10.0,7,36,43,78,42,36,2
15444.png,7.0,5,33,26,44,11,21,1
15445.png,9.0,4,29,41,62,33,37,1
15446.png,6.0,2,13,13,21,8,11,1
15447.png,4.0,3,23,30,33,10,27,1
15448.png,3.0_2.0,3,25,25,47,22,22,2
15449.png,3.0_10.0_2.0_10.0,19,95,108,242,147,89,4
1545.png,1.0_5.0_4.0,3,33,36,82,49,33,3
15450.png,1.0_5.0_3.0,8,59,71,114,55,63,3
15451.png,2.0_5.0_8.0,2,19,17,36,17,15,3
15452.png,2.0_7.0,4,27,32,51,24,28,2
15453.png,6.0_5.0_2.0,5,28,28,48,20,23,3
15454.png,1.0_5.0_1.0,3,34,43,70,36,40,3
15455.png,1.0_6.0_8.0,17,63,58,116,53,41,3
15456.png,4.0_8.0_10.0,3,29,29,55,26,26,3
15457.png,2.0_10.0,1,17,18,32,15,17,2
15458.png,6.0_7.0,32,98,88,159,61,56,2
15459.png,5.0_10.0,3,30,34,66,36,31,2
1546.png,4.0_1.0_8.0,1,17,21,55,38,20,3
15460.png,3.0_8.0,94,153,156,216,63,62,2
15461.png,2.0,9,49,58,83,34,49,1
15462.png,1.0_3.0,1,23,21,35,12,20,2
15463.png,1.0_3.0,7,34,43,57,23,36,2
15464.png,1.0_6.0,2,23,21,41,18,19,2
15465.png,8.0,5,24,30,38,14,25,1
15466.png,1.0_1.0,7,24,25,37,13,18,2
15467.png,4.0_2.0,5,48,68,125,77,63,2
15468.png,1.0_1.0,7,42,44,61,19,37,2
15469.png,4.0,3,24,21,33,9,18,1
1547.png,7.0_7.0,11,30,31,45,15,20,2
15470.png,3.0,4,40,46,58,18,42,1
15471.png,1.0_6.0,2,43,58,84,41,56,2
15472.png,9.0,2,26,34,41,15,32,1
15473.png,1.0_8.0,7,48,64,98,50,57,2
15474.png,5.0_5.0,77,155,143,234,79,66,2
15475.png,1.0_4.0,2,27,35,59,32,33,2
15476.png,6.0_10.0_8.0,4,25,28,54,29,24,3
15477.png,1.0_8.0,14,110,129,192,82,115,2
15478.png,5.0_5.0_5.0,16,51,43,82,31,27,3
15479.png,1.0_1.0,3,36,31,51,15,28,2
1548.png,4.0_6.0,5,37,41,78,41,36,2
15480.png,5.0,9,43,34,63,20,25,1
15481.png,5.0_3.0_5.0,3,18,24,40,22,21,3
15482.png,2.0_2.0,2,17,20,41,24,18,2
15483.png,8.0_9.0,1,20,22,45,25,21,2
15484.png,3.0_3.0_9.0,44,148,142,252,104,98,3
15485.png,3.0,14,67,80,99,32,66,1
15486.png,4.0_8.0,8,69,84,160,91,76,2
15487.png,1.0_1.0_4.0,11,52,54,98,46,43,3
15488.png,4.0_6.0_3.0,12,89,64,182,93,52,3
15489.png,4.0,13,49,56,66,17,43,1
1549.png,1.0_2.0_7.0,4,28,39,60,32,35,3
15490.png,7.0_7.0,8,47,56,101,54,48,2
15491.png,1.0_3.0,5,57,51,89,32,46,2
15492.png,1.0_9.0,50,75,91,112,37,41,2
15493.png,3.0_1.0,1,23,25,44,21,24,2
15494.png,2.0,1,13,15,20,7,14,1
15495.png,2.0_10.0_4.0,1,13,14,28,15,13,3
15496.png,1.0,7,34,42,44,10,35,1
15497.png,4.0,6,46,48,69,23,42,1
15498.png,7.0_10.0,114,168,166,231,63,52,2
15499.png,2.0_5.0,4,26,28,45,19,24,2
155.png,7.0,13,68,57,90,22,44,1
1550.png,3.0_10.0,42,116,94,174,58,52,2
15500.png,4.0_10.0,6,37,38,63,26,32,2
15501.png,3.0_10.0_7.0,48,115,86,167,52,38,3
15502.png,2.0_1.0_7.0_8.0,1,27,28,64,37,27,4
15503.png,3.0_1.0,6,30,29,59,29,23,2
15504.png,5.0_5.0,13,58,42,81,23,29,2
15505.png,2.0_4.0,4,30,36,56,26,32,2
15506.png,5.0_4.0,62,46,217,216,170,155,2
15507.png,4.0_2.0,11,35,36,64,29,25,2
15508.png,4.0_7.0,8,31,35,54,23,27,2
15509.png,1.0_2.0,5,92,126,213,121,121,2
1551.png,3.0_3.0_7.0,3,18,20,33,15,17,3
15510.png,4.0_7.0,9,41,36,62,21,27,2
15511.png,2.0_8.0,5,30,31,49,19,26,2
15512.png,2.0_3.0,5,21,24,37,16,19,2
15513.png,1.0_1.0,14,51,48,74,23,34,2
15514.png,5.0_6.0,17,47,50,74,27,33,2
15515.png,2.0_2.0,16,53,63,85,32,47,2
15516.png,7.0_10.0,3,14,17,31,17,14,2
15517.png,1.0_8.0,1,21,26,52,31,25,2
15518.png,3.0_10.0,11,42,43,73,31,32,2
15519.png,9.0,6,28,28,35,7,22,1
1552.png,4.0,2,30,37,47,17,35,1
15520.png,4.0_10.0,1,20,21,38,18,20,2
15521.png,4.0_4.0,13,80,93,142,62,80,2
15522.png,1.0_2.0,10,68,68,111,43,58,2
15523.png,1.0_4.0,2,31,37,48,17,35,2
15524.png,4.0_3.0,4,25,26,46,21,22,2
15525.png,1.0_9.0_3.0,13,74,61,120,46,48,3
15526.png,3.0_1.0_1.0_1.0,1,20,27,69,49,26,4
15527.png,7.0_2.0,8,34,33,58,24,25,2
15528.png,9.0_8.0,7,39,47,85,46,40,2
15529.png,8.0_1.0,6,50,58,113,63,52,2
1553.png,4.0_10.0,2,13,13,23,10,11,2
15530.png,3.0_5.0_7.0,33,19,94,85,66,61,3
15531.png,5.0,2,20,21,29,9,19,1
15532.png,1.0_7.0_4.0,1,28,36,88,60,35,3
15533.png,4.0,4,26,24,35,9,20,1
15534.png,2.0_10.0_2.0,10,32,24,51,19,14,3
15535.png,2.0_8.0_4.0,12,63,59,127,64,47,3
15536.png,3.0_4.0,4,40,51,103,63,47,2
15537.png,7.0,11,60,47,90,30,36,1
15538.png,2.0,4,22,22,29,7,18,1
15539.png,8.0_3.0,2,27,34,59,32,32,2
1554.png,1.0_10.0_7.0,69,19,128,69,50,59,3
15540.png,1.0_10.0_2.0,6,57,72,153,96,66,3
15541.png,1.0_10.0_6.0,4,20,20,39,19,16,3
15542.png,4.0_4.0,2,19,22,37,18,20,2
15543.png,1.0_1.0,2,47,59,81,34,57,2
15544.png,2.0_3.0_4.0,2,12,18,34,22,16,3
15545.png,5.0_1.0,3,29,25,48,19,22,2
15546.png,7.0_9.0,7,49,47,94,45,40,2
15547.png,3.0_4.0,1,22,20,43,21,19,2
15548.png,1.0_8.0,72,181,105,212,31,33,2
15549.png,4.0_7.0_6.0,4,28,34,63,35,30,3
1555.png,6.0,7,33,48,73,40,41,1
15550.png,1.0_8.0_6.0,1,14,21,39,25,20,3
15551.png,4.0_7.0,7,52,63,118,66,56,2
15552.png,2.0_3.0_10.0_10.0,2,19,20,68,49,18,4
15553.png,9.0_4.0_3.0,19,80,77,153,73,58,3
15554.png,2.0_6.0_9.0_5.0,3,23,24,69,46,21,4
15555.png,2.0_10.0,2,23,25,42,19,23,2
15556.png,9.0,3,19,26,30,11,23,1
15557.png,9.0_1.0,15,65,71,100,35,56,2
15558.png,1.0_10.0_2.0,5,29,33,68,39,28,3
15559.png,1.0,3,19,21,26,7,18,1
1556.png,2.0_2.0,1,17,19,33,16,18,2
15560.png,6.0,4,109,75,165,56,71,1
15561.png,2.0_2.0_5.0,2,24,23,69,45,21,3
15562.png,6.0_10.0,1,24,25,49,25,24,2
15563.png,6.0_10.0,6,32,35,57,25,29,2
15564.png,1.0_7.0,3,21,20,33,12,17,2
15565.png,5.0,1,24,31,45,21,30,1
15566.png,4.0_3.0,2,20,22,35,15,20,2
15567.png,7.0_10.0_3.0,15,51,35,78,27,20,3
15568.png,5.0_2.0,12,34,46,67,33,34,2
15569.png,4.0_5.0,1,53,67,113,60,66,2
1557.png,8.0_8.0,2,19,20,35,16,18,2
15570.png,5.0,6,19,22,29,10,16,1
15571.png,1.0_6.0,4,22,29,49,27,25,2
15572.png,7.0_2.0,2,15,17,27,12,15,2
15573.png,1.0_2.0,13,54,52,87,33,39,2
15574.png,9.0_7.0,4,19,20,30,11,16,2
15575.png,1.0_9.0_3.0,1,19,23,41,22,22,3
15576.png,6.0_9.0,3,20,26,46,26,23,2
15577.png,2.0,2,0,16,9,9,14,1
15578.png,4.0_9.0,4,36,39,63,27,35,2
15579.png,1.0_1.0,3,24,27,41,17,24,2
1558.png,7.0_9.0,13,45,34,63,18,21,2
15580.png,2.0_2.0,16,80,99,190,110,83,2
15581.png,5.0_9.0_5.0,31,105,114,210,105,83,3
15582.png,8.0_1.0,4,68,85,139,71,81,2
15583.png,5.0_9.0,2,20,21,38,18,19,2
15584.png,2.0_5.0,1,27,28,54,27,27,2
15585.png,4.0_9.0,4,19,19,33,14,15,2
15586.png,2.0_3.0,6,31,26,50,19,20,2
15587.png,3.0_10.0,7,69,39,108,39,32,2
15588.png,1.0_2.0_3.0,6,28,33,53,25,27,3
15589.png,1.0_2.0,2,29,37,57,28,35,2
1559.png,6.0_1.0_8.0,33,167,77,223,56,44,3
15590.png,2.0_4.0,1,19,27,39,20,26,2
15591.png,8.0,7,40,34,53,13,27,1
15592.png,4.0_1.0,10,49,59,95,46,49,2
15593.png,1.0_8.0_7.0_7.0,25,65,57,112,47,32,4
15594.png,5.0_8.0,8,67,55,109,42,47,2
15595.png,6.0_2.0,7,20,32,40,20,25,2
15596.png,1.0_7.0,10,47,53,88,41,43,2
15597.png,1.0_2.0_5.0_4.0,1,12,18,58,46,17,4
15598.png,1.0_4.0,1,17,18,31,14,17,2
15599.png,5.0_5.0,18,84,81,151,67,63,2
156.png,6.0,9,35,37,51,16,28,1
1560.png,8.0_10.0,2,14,21,36,22,19,2
15600.png,8.0,2,22,15,31,9,13,1
15601.png,7.0_1.0,6,52,69,112,60,63,2
15602.png,9.0_2.0,4,23,26,38,15,22,2
15603.png,1.0_6.0_10.0,23,31,53,75,44,30,3
15604.png,2.0_10.0,10,38,53,76,38,43,2
15605.png,2.0_3.0,1,21,24,34,13,23,2
15606.png,3.0_9.0,9,44,35,86,42,26,2
15607.png,4.0_4.0,10,42,50,90,48,40,2
15608.png,1.0_8.0_10.0,40,251,91,308,57,51,3
15609.png,6.0,9,37,45,59,22,36,1
1561.png,7.0_5.0,11,53,60,97,44,49,2
15610.png,3.0_1.0,5,37,43,76,39,38,2
15611.png,1.0,4,19,20,27,8,16,1
15612.png,2.0_2.0,1,21,30,53,32,29,2
15613.png,1.0_4.0_9.0,20,123,46,157,34,26,3
15614.png,4.0_10.0,6,34,36,68,34,30,2
15615.png,2.0,1,17,20,28,11,19,1
15616.png,8.0_6.0_2.0,5,27,36,64,37,31,3
15617.png,2.0,6,36,37,57,21,31,1
15618.png,1.0_7.0_2.0,1,24,34,57,33,33,3
15619.png,5.0_7.0,1,13,16,26,13,15,2
1562.png,1.0_6.0,5,19,23,38,19,18,2
15620.png,2.0,10,54,48,82,28,38,1
15621.png,1.0,7,62,47,82,20,40,1
15622.png,1.0_10.0_8.0,13,66,59,111,45,46,3
15623.png,1.0_10.0,5,45,52,81,36,47,2
15624.png,6.0_8.0,1,22,33,50,28,32,2
15625.png,1.0_5.0,5,46,63,92,46,58,2
15626.png,3.0_8.0,7,37,41,72,35,34,2
15627.png,4.0_2.0,5,23,25,40,17,20,2
15628.png,1.0_10.0,11,59,61,108,49,50,2
15629.png,1.0_8.0_6.0,17,57,86,105,48,69,3
1563.png,6.0,25,69,62,86,17,37,1
15630.png,4.0_2.0,6,55,62,119,64,56,2
15631.png,2.0_8.0_5.0,20,62,50,123,61,30,3
15632.png,3.0_3.0,18,59,52,90,31,34,2
15633.png,1.0_4.0,6,24,25,45,21,19,2
15634.png,6.0,3,43,32,57,14,29,1
15635.png,8.0_2.0,3,30,33,63,33,30,2
15636.png,2.0_4.0,3,31,43,68,37,40,2
15637.png,1.0_10.0,3,44,49,77,33,46,2
15638.png,6.0_9.0,7,59,79,125,66,72,2
15639.png,9.0_8.0,4,20,20,34,14,16,2
1564.png,1.0_10.0,8,33,40,55,22,32,2
15640.png,2.0,5,69,61,84,15,56,1
15641.png,3.0_5.0_2.0_9.0,4,19,28,70,51,24,4
15642.png,1.0_5.0,32,77,65,99,22,33,2
15643.png,7.0_10.0,21,61,49,87,26,28,2
15644.png,8.0_6.0,3,21,23,44,23,20,2
15645.png,2.0_6.0_7.0_9.0,4,15,16,40,25,12,4
15646.png,1.0_1.0_5.0,39,137,74,177,40,35,3
15647.png,2.0_8.0,3,14,23,39,25,20,2
15648.png,6.0_1.0,6,33,28,52,19,22,2
15649.png,7.0,7,36,37,58,22,30,1
1565.png,2.0_4.0,2,24,20,46,22,18,2
15650.png,9.0_10.0,2,13,13,27,14,11,2
15651.png,1.0_8.0_8.0,7,26,28,43,17,21,3
15652.png,9.0,3,28,33,41,13,30,1
15653.png,6.0,8,68,79,95,27,71,1
15654.png,1.0_4.0,8,35,38,56,21,30,2
15655.png,4.0_10.0,1,28,34,55,27,33,2
15656.png,4.0_10.0,19,98,100,182,84,81,2
15657.png,1.0_5.0_9.0,17,53,52,93,40,35,3
15658.png,8.0_6.0,1,33,41,82,49,40,2
15659.png,2.0,4,16,19,21,5,15,1
1566.png,6.0_5.0,6,40,46,74,34,40,2
15660.png,5.0,4,29,33,44,15,29,1
15661.png,6.0_7.0,12,51,41,86,35,29,2
15662.png,4.0,4,28,17,36,8,13,1
15663.png,8.0_3.0,31,130,141,211,81,110,2
15664.png,3.0_7.0,1,50,62,105,55,61,2
15665.png,3.0_10.0,9,70,90,178,108,81,2
15666.png,6.0_10.0,10,40,42,64,24,32,2
15667.png,7.0_10.0,4,18,27,37,19,23,2
15668.png,1.0_4.0,7,30,39,64,34,32,2
15669.png,3.0_5.0,2,20,23,38,18,21,2
1567.png,9.0,6,45,56,82,37,50,1
15670.png,7.0,3,13,15,18,5,12,1
15671.png,3.0_7.0,3,20,24,35,15,21,2
15672.png,1.0_6.0,7,35,36,61,26,29,2
15673.png,2.0_3.0,4,46,54,111,65,50,2
15674.png,1.0_6.0_8.0_5.0,29,69,111,153,84,82,4
15675.png,4.0_7.0,1,23,30,52,29,29,2
15676.png,2.0_2.0,28,89,96,166,77,68,2
15677.png,1.0_7.0_2.0_3.0,3,21,19,48,27,16,4
15678.png,3.0_3.0_10.0,12,71,64,122,51,52,3
15679.png,4.0_3.0,9,78,93,149,71,84,2
1568.png,1.0_7.0,5,25,25,38,13,20,2
15680.png,2.0_8.0,13,58,47,93,35,34,2
15681.png,5.0_7.0,7,45,38,103,58,31,2
15682.png,1.0_2.0,1,24,29,56,32,28,2
15683.png,1.0_6.0_4.0_2.0,5,19,24,55,36,19,4
15684.png,1.0_10.0,4,40,51,74,34,47,2
15685.png,4.0_4.0,6,31,37,56,25,31,2
15686.png,9.0,4,28,26,41,13,22,1
15687.png,6.0_10.0,13,60,67,119,59,54,2
15688.png,3.0_2.0,6,24,24,41,17,18,2
15689.png,6.0_10.0,6,45,57,109,64,51,2
1569.png,1.0_1.0_3.0,16,202,49,250,48,33,3
15690.png,1.0_8.0_2.0_3.0,18,80,67,182,102,49,4
15691.png,4.0_2.0,4,29,39,58,29,35,2
15692.png,2.0_6.0,2,39,46,81,42,44,2
15693.png,1.0_7.0_6.0,5,27,26,58,31,21,3
15694.png,7.0,19,68,67,85,17,48,1
15695.png,5.0_10.0,21,77,80,126,49,59,2
15696.png,4.0_10.0,5,27,38,69,42,33,2
15697.png,5.0_1.0,9,55,74,102,47,65,2
15698.png,1.0_10.0_9.0,8,41,39,76,35,31,3
15699.png,3.0_4.0_6.0,10,47,38,81,34,28,3
157.png,5.0_7.0,7,37,44,88,51,37,2
1570.png,1.0_1.0_7.0_5.0,22,94,88,227,133,66,4
15700.png,2.0_9.0,5,26,29,53,27,24,2
15701.png,3.0_3.0_5.0,22,57,40,88,31,18,3
15702.png,1.0_5.0_9.0,8,30,29,51,21,21,3
15703.png,2.0_1.0,6,37,42,67,30,36,2
15704.png,2.0,5,22,21,29,7,16,1
15705.png,1.0_9.0,7,32,37,57,25,30,2
15706.png,2.0_1.0,16,52,51,92,40,35,2
15707.png,3.0_4.0,5,17,19,33,16,14,2
15708.png,1.0_10.0,10,58,54,91,33,44,2
15709.png,4.0_3.0,19,89,114,189,100,95,2
1571.png,1.0,4,17,17,27,10,13,1
15710.png,3.0_2.0_1.0,8,36,44,59,23,36,3
15711.png,1.0_5.0,3,18,18,36,18,15,2
15712.png,7.0_2.0,4,14,16,26,12,12,2
15713.png,5.0_2.0,7,64,81,160,96,74,2
15714.png,9.0_7.0,4,20,27,34,14,23,2
15715.png,1.0_9.0_2.0_8.0,5,51,54,117,66,49,4
15716.png,3.0_5.0,15,52,58,87,35,43,2
15717.png,1.0_1.0_1.0,3,27,29,44,17,26,3
15718.png,4.0_7.0,9,44,53,71,27,44,2
15719.png,8.0_1.0,13,46,38,66,20,25,2
1572.png,2.0_2.0,1,17,22,33,16,21,2
15720.png,2.0_5.0_7.0,14,67,63,133,66,49,3
15721.png,9.0_3.0,18,58,56,93,35,38,2
15722.png,7.0,5,34,38,49,15,33,1
15723.png,2.0_7.0_1.0,19,82,94,136,54,75,3
15724.png,6.0,24,79,71,92,13,47,1
15725.png,3.0_6.0,14,63,68,119,56,54,2
15726.png,8.0_10.0,38,116,94,182,66,56,2
15727.png,2.0,7,41,53,72,31,46,1
15728.png,1.0_10.0_7.0,8,32,34,63,31,26,3
15729.png,1.0_8.0,2,19,22,35,16,20,2
1573.png,2.0_8.0_5.0_7.0,3,16,19,39,23,16,4
15730.png,2.0_2.0_1.0,28,94,77,161,67,49,3
15731.png,3.0_1.0_8.0,5,32,48,87,55,43,3
15732.png,1.0_2.0_7.0,6,33,34,57,24,28,3
15733.png,2.0_10.0_7.0,14,46,47,82,36,33,3
15734.png,3.0_6.0,2,43,45,84,41,43,2
15735.png,1.0_6.0,2,18,17,34,16,15,2
15736.png,2.0_3.0_10.0,6,60,69,165,105,63,3
15737.png,4.0_10.0,10,52,66,112,60,56,2
15738.png,1.0_2.0,15,50,50,79,29,35,2
15739.png,2.0_3.0_7.0_9.0,4,16,17,47,31,13,4
1574.png,3.0,11,33,33,45,12,22,1
15740.png,4.0_7.0,6,37,51,89,52,45,2
15741.png,2.0_6.0,16,76,88,139,63,72,2
15742.png,2.0_10.0,13,75,74,147,72,61,2
15743.png,3.0,1,18,24,28,10,23,1
15744.png,7.0,1,23,23,35,12,22,1
15745.png,9.0_5.0,5,23,32,59,36,27,2
15746.png,3.0_9.0,4,25,26,45,20,22,2
15747.png,5.0,2,26,25,32,6,23,1
15748.png,5.0,7,35,37,52,17,30,1
15749.png,8.0_9.0,8,48,51,75,27,43,2
1575.png,5.0_7.0,3,27,28,54,27,25,2
15750.png,9.0_2.0,11,36,33,59,23,22,2
15751.png,1.0_1.0,12,75,86,127,52,74,2
15752.png,3.0_1.0,13,44,42,66,22,29,2
15753.png,1.0_2.0,4,25,30,39,14,26,2
15754.png,1.0_3.0_5.0,16,63,59,109,46,43,3
15755.png,1.0_4.0_8.0_2.0,1,13,14,42,29,13,4
15756.png,6.0_4.0,54,148,115,197,49,61,2
15757.png,2.0_9.0,9,55,67,100,45,58,2
15758.png,8.0_3.0,10,41,42,80,39,32,2
15759.png,2.0_4.0,6,28,36,57,29,30,2
1576.png,1.0_9.0,14,48,52,74,26,38,2
15760.png,5.0_3.0,17,59,51,91,32,34,2
15761.png,1.0_3.0_2.0,4,23,23,42,19,19,3
15762.png,9.0,5,36,22,46,10,17,1
15763.png,4.0,6,28,31,43,15,25,1
15764.png,5.0_4.0,2,17,20,43,26,18,2
15765.png,3.0,1,27,35,46,19,34,1
15766.png,1.0,7,30,32,39,9,25,1
15767.png,2.0_10.0,1,11,19,32,21,18,2
15768.png,3.0_4.0_4.0,15,53,43,96,43,28,3
15769.png,5.0_3.0,2,31,45,66,35,43,2
1577.png,4.0_4.0,6,38,33,68,30,27,2
15770.png,4.0_5.0,4,29,30,43,14,26,2
15771.png,2.0_3.0_8.0,19,95,94,214,119,75,3
15772.png,1.0_6.0_6.0_10.0,15,49,76,117,68,61,4
15773.png,2.0_2.0_8.0_6.0,1,34,33,143,109,32,4
15774.png,1.0_9.0,5,40,49,79,39,44,2
15775.png,1.0_3.0_5.0,14,46,41,91,45,27,3
15776.png,6.0_6.0,23,73,62,120,47,39,2
15777.png,3.0_8.0,3,123,103,226,103,100,2
15778.png,8.0,7,22,21,33,11,14,1
15779.png,5.0_8.0,4,32,36,63,31,32,2
1578.png,1.0_4.0_5.0,1,15,18,37,22,17,3
15780.png,3.0_1.0,4,30,33,57,27,29,2
15781.png,1.0_2.0_6.0,1,17,20,41,24,19,3
15782.png,1.0_3.0_7.0,6,42,51,99,57,45,3
15783.png,2.0_2.0,4,26,33,51,25,29,2
15784.png,1.0_6.0,8,38,34,63,25,26,2
15785.png,3.0_2.0_2.0,46,147,93,190,43,47,3
15786.png,1.0_5.0_2.0,11,44,49,82,38,38,3
15787.png,5.0_8.0,22,87,88,138,51,66,2
15788.png,1.0_6.0_1.0_10.0,1,15,13,46,31,12,4
15789.png,1.0_10.0_2.0,1,12,16,30,18,15,3
1579.png,4.0_7.0,9,33,39,68,35,30,2
15790.png,2.0_1.0,5,24,28,45,21,23,2
15791.png,1.0_10.0,15,40,41,64,24,26,2
15792.png,1.0_10.0_8.0,17,91,81,144,53,64,3
15793.png,2.0_4.0_2.0,2,17,15,35,18,13,3
15794.png,2.0_10.0,16,83,106,200,117,90,2
15795.png,6.0_10.0,11,52,58,100,48,47,2
15796.png,3.0_10.0,23,98,91,187,89,68,2
15797.png,5.0_4.0,23,96,92,174,78,69,2
15798.png,1.0_7.0,5,26,31,55,29,26,2
15799.png,1.0_1.0_2.0,4,23,25,54,31,21,3
158.png,2.0,34,113,115,166,53,81,1
1580.png,3.0_2.0_10.0,10,39,33,69,30,23,3
15800.png,5.0,3,19,19,30,11,16,1
15801.png,4.0_2.0,8,50,66,119,69,58,2
15802.png,2.0_7.0,8,60,82,122,62,74,2
15803.png,1.0_5.0,1,21,30,44,23,29,2
15804.png,5.0,2,33,32,55,22,30,1
15805.png,2.0_7.0_2.0,78,191,148,263,72,70,3
15806.png,2.0_2.0_9.0_10.0,1,17,17,57,40,16,4
15807.png,2.0_3.0,7,28,33,52,24,26,2
15808.png,5.0_7.0,1,19,24,38,19,23,2
15809.png,1.0_2.0_3.0,12,48,47,96,48,35,3
1581.png,1.0_3.0_9.0_1.0,18,58,44,94,36,26,4
15810.png,2.0_10.0_4.0,1,23,27,58,35,26,3
15811.png,2.0_10.0,12,51,49,77,26,37,2
15812.png,5.0_1.0,9,50,74,101,51,65,2
15813.png,1.0_7.0_2.0,12,82,98,160,78,86,3
15814.png,6.0_3.0,4,27,29,52,25,25,2
15815.png,6.0_2.0,5,23,23,46,23,18,2
15816.png,5.0_1.0,5,18,18,28,10,13,2
15817.png,3.0_7.0,3,17,23,42,25,20,2
15818.png,8.0_10.0,23,106,63,143,37,40,2
15819.png,4.0_1.0,2,18,20,38,20,18,2
1582.png,2.0_4.0,7,24,24,39,15,17,2
15820.png,2.0_1.0_7.0,13,59,57,93,34,44,3
15821.png,1.0_2.0,1,39,51,89,50,50,2
15822.png,6.0_10.0,1,22,23,43,21,22,2
15823.png,9.0,3,20,21,32,12,18,1
15824.png,8.0_7.0,23,77,72,109,32,49,2
15825.png,1.0_1.0_1.0,3,21,26,43,22,23,3
15826.png,1.0_1.0_8.0,19,62,41,95,33,22,3
15827.png,2.0_10.0_1.0,2,22,25,49,27,23,3
15828.png,2.0,5,44,44,63,19,39,1
15829.png,9.0_6.0,1,15,19,31,16,18,2
1583.png,2.0_9.0_6.0,1,21,23,52,31,22,3
15830.png,2.0_5.0,8,38,38,69,31,30,2
15831.png,1.0_8.0,3,35,53,67,32,50,2
15832.png,1.0_7.0_5.0,5,27,33,70,43,28,3
15833.png,6.0,10,58,43,73,15,33,1
15834.png,4.0_2.0,5,27,34,56,29,29,2
15835.png,3.0_10.0_3.0,11,53,56,107,54,45,3
15836.png,6.0_7.0,1,18,19,36,18,18,2
15837.png,6.0_3.0,25,89,61,122,33,36,2
15838.png,3.0_9.0,4,22,30,39,17,26,2
15839.png,1.0_1.0,2,20,24,34,14,22,2
1584.png,8.0,15,54,70,82,28,55,1
15840.png,1.0_2.0_6.0,16,95,80,154,59,64,3
15841.png,2.0_7.0,3,27,31,53,26,28,2
15842.png,1.0,3,31,29,38,7,26,1
15843.png,7.0_6.0_8.0_5.0,6,43,55,110,67,49,4
15844.png,2.0,2,17,17,26,9,15,1
15845.png,1.0_5.0,1,13,17,28,15,16,2
15846.png,2.0_6.0_4.0,32,56,62,88,32,30,3
15847.png,1.0_9.0_5.0_4.0,2,16,20,54,38,18,4
15848.png,6.0_10.0,5,38,47,86,48,42,2
15849.png,2.0_10.0,3,29,29,61,32,26,2
1585.png,6.0_7.0,22,78,52,104,26,30,2
15850.png,7.0,9,38,39,51,13,30,1
15851.png,2.0_10.0_10.0,9,74,71,158,84,62,3
15852.png,8.0_9.0_10.0,17,89,76,177,88,59,3
15853.png,1.0_5.0,2,24,24,42,18,22,2
15854.png,4.0_7.0,22,148,106,216,68,84,2
15855.png,5.0_10.0,7,37,35,58,21,28,2
15856.png,4.0_8.0,40,381,409,738,357,369,2
15857.png,2.0_5.0_10.0,6,39,40,90,51,34,3
15858.png,1.0_10.0_3.0,4,20,24,37,17,20,3
15859.png,2.0_2.0,4,48,55,84,36,51,2
1586.png,9.0,3,21,18,28,7,15,1
15860.png,4.0_9.0,3,28,38,69,41,35,2
15861.png,7.0_6.0,9,32,36,53,21,27,2
15862.png,1.0_4.0,1,21,25,37,16,24,2
15863.png,1.0_1.0,6,37,45,62,25,39,2
15864.png,1.0_4.0_6.0_3.0,1,87,88,153,66,87,4
15865.png,4.0_3.0_5.0,1,14,13,33,19,12,3
15866.png,1.0_6.0,11,50,62,81,31,51,2
15867.png,3.0_2.0,4,27,32,64,37,28,2
15868.png,6.0_2.0_8.0,15,75,80,169,94,65,3
15869.png,8.0_2.0,12,44,50,89,45,38,2
1587.png,2.0_2.0_1.0_4.0,1,13,15,43,30,14,4
15870.png,6.0_3.0_10.0,2,16,17,38,22,15,3
15871.png,2.0,4,58,32,75,17,28,1
15872.png,6.0,15,75,101,122,47,86,1
15873.png,2.0_4.0_4.0,6,32,32,62,30,26,3
15874.png,2.0_5.0_7.0_10.0,1,14,15,42,28,14,4
15875.png,2.0_8.0,35,168,56,199,31,21,2
15876.png,5.0_1.0_3.0,2,23,27,50,27,25,3
15877.png,3.0,4,22,30,36,14,26,1
15878.png,2.0_7.0_1.0_5.0,1,13,17,46,33,16,4
15879.png,1.0,10,73,49,90,17,39,1
1588.png,3.0_2.0,10,51,57,102,51,47,2
15880.png,3.0_3.0,1,19,27,38,19,26,2
15881.png,4.0,20,64,56,85,21,36,1
15882.png,2.0_9.0_7.0,4,28,28,58,30,24,3
15883.png,5.0_4.0,9,70,88,138,68,79,2
15884.png,6.0_8.0,7,29,34,56,27,27,2
15885.png,2.0_4.0,3,26,37,57,31,34,2
15886.png,3.0_10.0,3,22,27,42,20,24,2
15887.png,4.0,15,49,33,59,10,18,1
15888.png,3.0_2.0,23,89,79,153,64,56,2
15889.png,2.0,6,53,60,89,36,54,1
1589.png,6.0_9.0,5,33,34,53,20,29,2
15890.png,3.0_7.0,6,53,49,93,40,43,2
15891.png,3.0_5.0,1,20,26,41,21,25,2
15892.png,3.0_4.0_8.0,11,46,27,70,24,16,3
15893.png,1.0_10.0_10.0,3,25,25,47,22,22,3
15894.png,5.0_7.0,11,37,32,55,18,21,2
15895.png,1.0_4.0,4,20,23,36,16,19,2
15896.png,4.0_4.0,8,34,35,57,23,27,2
15897.png,4.0_8.0,11,50,55,92,42,44,2
15898.png,4.0_8.0_10.0,3,47,50,92,45,47,3
15899.png,3.0,3,18,19,28,10,16,1
159.png,9.0_1.0,6,28,40,65,37,34,2
1590.png,1.0,5,35,35,51,16,30,1
15900.png,6.0_10.0_6.0,9,38,35,75,37,26,3
15901.png,7.0_10.0,6,26,30,52,26,24,2
15902.png,9.0_10.0,3,23,22,38,15,19,2
15903.png,9.0_3.0,2,21,24,43,22,22,2
15904.png,6.0,1,16,16,24,8,15,1
15905.png,3.0_8.0,10,34,38,58,24,28,2
15906.png,3.0_6.0,23,73,58,98,25,35,2
15907.png,5.0_4.0,12,50,52,91,41,40,2
15908.png,1.0_7.0_4.0,2,43,62,112,69,60,3
15909.png,1.0_2.0_4.0,6,25,26,54,29,20,3
1591.png,1.0_8.0_2.0,9,35,39,74,39,30,3
15910.png,2.0_2.0,17,42,54,74,32,37,2
15911.png,3.0_1.0,8,43,49,67,24,41,2
15912.png,2.0_7.0,5,37,40,65,28,35,2
15913.png,8.0_10.0,13,47,44,70,23,31,2
15914.png,2.0_10.0,4,29,32,54,25,28,2
15915.png,4.0_5.0,2,42,51,82,40,49,2
15916.png,4.0,3,55,74,98,43,71,1
15917.png,8.0_10.0,9,40,29,62,22,20,2
15918.png,1.0_1.0_9.0,6,27,32,50,23,26,3
15919.png,2.0_4.0,2,22,27,44,22,25,2
1592.png,7.0_2.0,7,33,39,72,39,32,2
15920.png,4.0_10.0_6.0,17,100,96,166,66,79,3
15921.png,6.0_10.0,20,85,53,125,40,33,2
15922.png,6.0_4.0,4,66,87,143,77,83,2
15923.png,3.0_6.0,25,75,87,150,75,62,2
15924.png,1.0_6.0_3.0,5,40,41,89,49,36,3
15925.png,1.0,8,36,40,51,15,32,1
15926.png,3.0_7.0,9,35,31,63,28,22,2
15927.png,9.0_2.0,9,30,27,50,20,18,2
15928.png,6.0_6.0_8.0,44,177,93,235,58,49,3
15929.png,4.0_8.0_6.0_2.0,3,32,39,85,53,36,4
1593.png,2.0_2.0_6.0,39,73,89,157,84,50,3
15930.png,1.0_8.0_2.0_7.0,9,44,74,156,112,65,4
15931.png,1.0_5.0_1.0,19,139,170,308,169,151,3
15932.png,3.0,5,28,29,43,15,24,1
15933.png,2.0_6.0,10,31,32,46,15,22,2
15934.png,1.0_3.0,5,30,31,51,21,26,2
15935.png,1.0_2.0,1,15,21,34,19,20,2
15936.png,4.0_5.0,4,58,84,108,50,80,2
15937.png,2.0_5.0,5,55,66,101,46,61,2
15938.png,2.0_1.0_3.0,3,19,20,38,19,17,3
15939.png,7.0_8.0,8,85,97,162,77,89,2
1594.png,2.0_3.0,5,28,34,52,24,29,2
15940.png,2.0_4.0_3.0,13,66,67,144,78,54,3
15941.png,1.0_8.0,7,40,33,57,17,26,2
15942.png,8.0_4.0,7,39,37,61,22,30,2
15943.png,1.0_10.0_8.0,1,22,25,44,22,24,3
15944.png,5.0_5.0_10.0,6,45,40,91,46,34,3
15945.png,6.0,8,33,23,42,9,15,1
15946.png,2.0_5.0_7.0,7,33,30,71,38,23,3
15947.png,2.0_9.0_5.0,7,34,37,66,32,30,3
15948.png,9.0,3,24,27,38,14,24,1
15949.png,3.0_4.0,20,226,103,308,82,83,2
1595.png,2.0_10.0,1,25,36,54,29,35,2
15950.png,2.0_4.0_5.0,13,65,78,107,42,65,3
15951.png,5.0_6.0,12,51,65,116,65,53,2
15952.png,1.0_10.0_9.0,8,38,41,77,39,33,3
15953.png,1.0_2.0_8.0,7,44,41,73,29,34,3
15954.png,1.0_7.0_4.0,1,10,18,50,40,17,3
15955.png,6.0_6.0,8,46,55,93,47,47,2
15956.png,5.0_4.0,4,43,47,87,44,43,2
15957.png,2.0_7.0_10.0,19,80,76,175,95,57,3
15958.png,1.0_3.0_5.0_6.0_3.0,16,28,60,94,66,44,5
15959.png,9.0,1,37,48,68,31,47,1
1596.png,1.0_2.0_2.0,13,57,53,104,47,40,3
15960.png,1.0_10.0_8.0,14,64,62,134,70,48,3
15961.png,8.0_1.0,2,13,18,24,11,16,2
15962.png,9.0_7.0,31,143,70,182,39,39,2
15963.png,1.0_1.0,4,23,26,35,12,22,2
15964.png,2.0_4.0,2,19,20,42,23,18,2
15965.png,2.0,4,41,51,75,34,47,1
15966.png,2.0_2.0_5.0,9,42,46,101,59,37,3
15967.png,1.0_9.0,8,71,78,115,44,70,2
15968.png,7.0_3.0,1,38,47,69,31,46,2
15969.png,1.0_6.0,9,28,24,42,14,15,2
1597.png,1.0_4.0_3.0,14,50,39,80,30,25,3
15970.png,1.0_5.0,9,61,57,102,41,48,2
15971.png,4.0_3.0,9,52,65,119,67,56,2
15972.png,1.0_7.0_8.0_8.0,21,82,80,128,46,59,4
15973.png,1.0_2.0_7.0_8.0,3,22,21,61,39,18,4
15974.png,1.0_10.0,5,31,36,59,28,31,2
15975.png,5.0_1.0,2,27,36,51,24,34,2
15976.png,9.0_8.0,15,93,63,130,37,48,2
15977.png,8.0,8,62,71,94,32,63,1
15978.png,4.0_8.0,9,54,61,101,47,52,2
15979.png,2.0_9.0,1,18,22,48,30,21,2
1598.png,8.0,5,49,61,76,27,56,1
15980.png,4.0_2.0,3,22,27,45,23,24,2
15981.png,4.0_7.0,11,44,42,73,29,31,2
15982.png,1.0_7.0,9,40,36,72,32,27,2
15983.png,1.0_1.0,3,35,38,60,25,35,2
15984.png,9.0_5.0_6.0,20,31,73,104,73,53,3
15985.png,2.0_7.0,3,15,15,24,9,12,2
15986.png,1.0_1.0,1,21,24,32,11,23,2
15987.png,6.0_8.0,2,19,19,33,14,17,2
15988.png,4.0_8.0,10,40,49,67,27,39,2
15989.png,2.0_7.0_7.0,4,29,33,60,31,29,3
1599.png,7.0_7.0,1,20,25,54,34,24,2
15990.png,2.0_2.0_3.0,3,38,36,84,46,33,3
15991.png,1.0_6.0,5,26,30,41,15,25,2
15992.png,2.0,39,132,99,161,29,60,1
15993.png,1.0_4.0,1,19,22,44,25,21,2
15994.png,5.0_4.0,14,61,55,103,42,41,2
15995.png,5.0_5.0,6,39,49,92,53,43,2
15996.png,4.0_7.0,4,23,27,45,22,23,2
15997.png,3.0,3,23,23,35,12,20,1
15998.png,2.0_1.0,11,40,53,80,40,42,2
15999.png,4.0_9.0,1,24,34,43,19,33,2
16.png,2.0_3.0,1,20,22,33,13,21,2
160.png,2.0_10.0_8.0,9,49,38,83,34,29,3
1600.png,5.0_1.0,4,39,41,63,24,37,2
16000.png,1.0_6.0,2,41,57,78,37,55,2
16001.png,1.0_5.0,33,219,268,370,151,235,2
16002.png,2.0_7.0,2,27,31,48,21,29,2
16003.png,2.0,1,13,13,19,6,12,1
16004.png,1.0_1.0_4.0_10.0,9,52,53,110,58,44,4
16005.png,8.0_10.0,6,48,55,98,50,49,2
16006.png,4.0_8.0,1,25,32,58,33,31,2
16007.png,1.0,3,24,24,31,7,21,1
16008.png,1.0,9,53,45,68,15,36,1
16009.png,4.0,7,42,58,81,39,51,1
1601.png,1.0_6.0,13,63,78,112,49,65,2
16010.png,2.0_2.0_6.0_3.0,3,30,29,80,50,26,4
16011.png,3.0,1,24,28,37,13,27,1
16012.png,3.0_3.0_4.0,16,62,51,110,48,35,3
16013.png,2.0_1.0,2,16,23,36,20,21,2
16014.png,2.0_4.0_8.0,4,32,35,84,52,31,3
16015.png,3.0_4.0,1,65,73,146,81,72,2
16016.png,2.0_1.0_1.0_5.0,13,52,48,86,34,35,4
16017.png,9.0,76,129,112,145,16,36,1
16018.png,6.0_9.0,10,44,47,79,35,37,2
16019.png,2.0_7.0_3.0_5.0,8,42,56,92,50,48,4
1602.png,3.0,5,27,37,45,18,32,1
16020.png,2.0_7.0,31,85,88,121,36,57,2
16021.png,5.0_8.0,5,20,20,34,14,15,2
16022.png,2.0,2,26,30,47,21,28,1
16023.png,1.0_7.0_6.0,14,49,47,87,38,33,3
16024.png,5.0,31,63,80,106,43,49,1
16025.png,2.0_3.0_10.0,1,55,69,146,91,68,3
16026.png,6.0_9.0,8,55,72,117,62,64,2
16027.png,4.0_6.0,1,15,17,39,24,16,2
16028.png,8.0,3,25,34,45,20,31,1
16029.png,2.0_4.0_7.0_4.0,2,21,28,75,54,26,4
1603.png,2.0_4.0_1.0,3,36,47,90,54,44,3
16030.png,9.0_4.0,9,37,32,59,22,23,2
16031.png,1.0_4.0_10.0,18,70,73,123,53,55,3
16032.png,8.0,19,74,58,96,22,39,1
16033.png,7.0_2.0,13,71,58,112,41,45,2
16034.png,6.0,1,23,22,32,9,21,1
16035.png,1.0_4.0_8.0,1,28,41,59,31,40,3
16036.png,6.0_3.0,2,23,22,46,23,20,2
16037.png,4.0_3.0,5,48,61,115,67,56,2
16038.png,1.0_10.0_10.0,3,31,40,72,41,37,3
16039.png,3.0_6.0,3,23,24,43,20,21,2
1604.png,2.0_7.0,9,21,51,68,47,42,2
16040.png,6.0_6.0,6,33,44,66,33,38,2
16041.png,1.0_3.0_4.0,7,40,45,85,45,38,3
16042.png,6.0,5,25,27,37,12,22,1
16043.png,3.0_6.0_6.0,4,83,59,146,63,55,3
16044.png,5.0_6.0,9,32,35,55,23,26,2
16045.png,7.0_5.0,1,19,27,56,37,26,2
16046.png,9.0_1.0,1,22,26,42,20,25,2
16047.png,7.0_2.0_1.0,14,54,49,102,48,35,3
16048.png,2.0_6.0,1,26,31,49,23,30,2
16049.png,8.0_8.0_7.0,11,27,26,42,15,15,3
1605.png,2.0_2.0,8,29,33,55,26,25,2
16050.png,1.0_4.0,3,22,19,37,15,16,2
16051.png,1.0_1.0,8,34,39,52,18,31,2
16052.png,1.0_2.0_5.0,10,52,54,92,40,44,3
16053.png,4.0_4.0_1.0,52,143,94,184,41,42,3
16054.png,1.0_7.0_6.0_9.0,18,63,49,109,46,31,4
16055.png,2.0_6.0_5.0,17,35,83,148,113,66,3
16056.png,3.0,7,44,55,77,33,48,1
16057.png,2.0_8.0_5.0,18,89,51,135,46,33,3
16058.png,1.0_10.0,6,34,33,59,25,27,2
16059.png,1.0_9.0,9,32,31,43,11,22,2
1606.png,1.0_8.0,8,49,60,92,43,52,2
16060.png,1.0_1.0,10,37,35,48,11,25,2
16061.png,3.0_2.0,7,33,47,62,29,40,2
16062.png,3.0_3.0,1,21,25,44,23,24,2
16063.png,1.0_2.0_2.0,1,26,35,56,30,34,3
16064.png,7.0_3.0,5,26,36,62,36,31,2
16065.png,3.0_5.0_3.0,1,26,32,64,38,31,3
16066.png,8.0_7.0,17,49,35,65,16,18,2
16067.png,4.0_3.0,5,31,34,53,22,29,2
16068.png,4.0_3.0,4,33,37,61,28,33,2
16069.png,1.0_2.0,2,16,18,30,14,16,2
1607.png,2.0_8.0_4.0,7,28,34,60,32,27,3
16070.png,4.0_8.0_10.0,5,47,67,87,40,62,3
16071.png,7.0_6.0,6,28,32,48,20,26,2
16072.png,3.0_3.0,4,30,35,62,32,31,2
16073.png,1.0_8.0,4,50,68,103,53,64,2
16074.png,4.0_7.0,4,27,37,45,18,33,2
16075.png,5.0_6.0,8,67,68,121,54,60,2
16076.png,1.0_9.0_3.0,20,65,45,97,32,25,3
16077.png,2.0_3.0,6,36,46,66,30,40,2
16078.png,3.0_8.0,4,27,23,44,17,19,2
16079.png,2.0_10.0_7.0,3,18,26,53,35,23,3
1608.png,4.0_10.0,6,37,42,75,38,36,2
16080.png,6.0_3.0,11,67,38,91,24,27,2
16081.png,1.0_10.0_6.0,7,42,79,152,110,72,3
16082.png,1.0_5.0,6,53,63,100,47,57,2
16083.png,2.0_6.0,7,53,63,120,67,56,2
16084.png,5.0_2.0,4,23,24,38,15,20,2
16085.png,5.0,4,30,27,40,10,23,1
16086.png,3.0_9.0_8.0,17,58,50,92,34,33,3
16087.png,5.0_3.0,4,23,26,49,26,22,2
16088.png,6.0_10.0,1,23,29,49,26,28,2
16089.png,1.0_4.0_9.0_10.0,5,15,18,48,33,13,4
1609.png,2.0_5.0_5.0_9.0,1,17,19,52,35,18,4
16090.png,8.0_10.0,11,39,40,73,34,29,2
16091.png,3.0_5.0,13,51,55,95,44,42,2
16092.png,1.0_8.0,1,52,66,114,62,65,2
16093.png,1.0_10.0_5.0,16,70,42,102,32,26,3
16094.png,3.0_10.0,7,27,33,48,21,26,2
16095.png,3.0_9.0,20,64,54,95,31,34,2
16096.png,1.0_2.0_4.0,12,61,55,96,35,43,3
16097.png,4.0_7.0,14,38,39,57,19,25,2
16098.png,1.0_8.0,4,31,39,49,18,35,2
16099.png,5.0_5.0,1,18,23,44,26,22,2
161.png,8.0_5.0,25,91,89,151,60,64,2
1610.png,7.0_4.0,1,25,13,39,14,12,2
16100.png,1.0_10.0,19,51,50,78,27,31,2
16101.png,2.0_5.0,23,61,98,130,69,75,2
16102.png,2.0_4.0,7,45,54,114,69,47,2
16103.png,6.0_3.0,4,23,26,45,22,22,2
16104.png,2.0_2.0,118,185,173,228,43,55,2
16105.png,5.0_9.0,1,30,49,70,40,48,2
16106.png,2.0_2.0,2,20,27,47,27,25,2
16107.png,7.0_3.0,9,49,40,81,32,31,2
16108.png,1.0_6.0_2.0,26,91,66,131,40,40,3
16109.png,2.0_8.0,2,23,23,37,14,21,2
1611.png,2.0_7.0_5.0,56,151,86,179,28,30,3
16110.png,1.0_8.0,7,35,40,57,22,33,2
16111.png,1.0_4.0,21,122,151,254,132,130,2
16112.png,1.0_6.0_1.0,5,31,26,53,22,21,3
16113.png,3.0,5,26,29,45,19,24,1
16114.png,4.0_1.0,13,92,118,213,121,105,2
16115.png,3.0_1.0,5,34,43,63,29,38,2
16116.png,8.0_10.0_9.0,19,3,67,74,71,48,3
16117.png,1.0_3.0,4,20,19,50,30,15,2
16118.png,1.0_6.0,12,42,44,64,22,32,2
16119.png,1.0_1.0,10,23,23,36,13,13,2
1612.png,3.0_10.0,12,64,66,122,58,54,2
16120.png,3.0_1.0,37,77,73,107,30,36,2
16121.png,2.0_4.0,3,40,50,101,61,47,2
16122.png,8.0_1.0_5.0,5,50,39,85,35,34,3
16123.png,3.0,5,28,37,44,16,32,1
16124.png,4.0_3.0_6.0,13,59,50,121,62,37,3
16125.png,5.0,2,22,14,30,8,12,1
16126.png,7.0_10.0_1.0,7,90,50,132,42,43,3
16127.png,2.0_2.0,3,40,48,95,55,45,2
16128.png,1.0_10.0_3.0,5,28,38,69,41,33,3
16129.png,2.0_9.0,6,67,82,136,69,76,2
1613.png,7.0_2.0,3,27,31,55,28,28,2
16130.png,1.0_10.0,2,23,22,48,25,20,2
16131.png,2.0_4.0_3.0,3,22,25,53,31,22,3
16132.png,7.0_8.0,5,55,64,100,45,59,2
16133.png,3.0_8.0,6,33,32,66,33,26,2
16134.png,2.0_8.0,1,13,17,31,18,16,2
16135.png,1.0,9,33,24,37,4,15,1
16136.png,1.0_1.0,12,39,38,55,16,26,2
16137.png,8.0_9.0,7,60,72,122,62,65,2
16138.png,7.0_5.0,3,28,26,47,19,23,2
16139.png,2.0_6.0,6,25,34,64,39,28,2
1614.png,1.0_1.0,5,23,26,37,14,21,2
16140.png,9.0_6.0,10,34,36,57,23,26,2
16141.png,3.0_1.0,2,17,18,29,12,16,2
16142.png,2.0,2,21,16,29,8,14,1
16143.png,2.0_3.0,6,38,36,82,44,30,2
16144.png,3.0_10.0_1.0,22,99,44,134,35,22,3
16145.png,1.0_8.0,8,39,44,67,28,36,2
16146.png,2.0_7.0_8.0,1,18,23,46,28,22,3
16147.png,4.0_3.0,5,33,40,65,32,35,2
16148.png,2.0_6.0,19,68,78,108,40,59,2
16149.png,4.0_8.0,2,22,30,53,31,28,2
1615.png,1.0_7.0_4.0,12,65,68,115,50,56,3
16150.png,1.0_9.0,6,26,27,42,16,21,2
16151.png,1.0_3.0_2.0,8,51,45,88,37,37,3
16152.png,1.0,3,45,47,65,20,44,1
16153.png,1.0_1.0_1.0,6,37,35,75,38,29,3
16154.png,1.0_10.0_8.0,12,52,50,90,38,38,3
16155.png,4.0_9.0,12,32,33,53,21,21,2
16156.png,4.0_9.0_1.0,13,9,73,90,81,60,3
16157.png,9.0_5.0,28,97,89,142,45,61,2
16158.png,8.0,5,33,33,47,14,28,1
16159.png,2.0_10.0_5.0_10.0,1,19,18,53,34,17,4
1616.png,7.0_9.0,2,18,22,37,19,20,2
16160.png,3.0_1.0,10,40,40,71,31,30,2
16161.png,7.0_3.0,9,48,54,80,32,45,2
16162.png,1.0_6.0_5.0,6,8,37,48,40,31,3
16163.png,1.0_5.0_10.0,34,66,69,115,49,35,3
16164.png,1.0_10.0_9.0,2,21,23,52,31,21,3
16165.png,3.0,7,16,32,31,15,25,1
16166.png,1.0_7.0_5.0,7,39,46,87,48,39,3
16167.png,1.0_1.0,2,57,69,101,44,67,2
16168.png,1.0,17,137,95,185,48,78,1
16169.png,5.0,4,58,76,112,54,72,1
1617.png,1.0_6.0_7.0,9,31,32,56,25,23,3
16170.png,1.0_10.0_8.0,3,36,43,100,64,40,3
16171.png,7.0_10.0,1,32,46,84,52,45,2
16172.png,7.0,7,39,47,57,18,40,1
16173.png,1.0_10.0_3.0,18,90,88,181,91,70,3
16174.png,7.0_6.0,1,15,17,31,16,16,2
16175.png,2.0_6.0_7.0,7,26,22,43,17,15,3
16176.png,7.0,3,12,18,23,11,15,1
16177.png,9.0_10.0,15,30,53,58,28,38,2
16178.png,2.0_6.0_10.0,10,37,31,71,34,21,3
16179.png,3.0_3.0,16,75,84,143,68,68,2
1618.png,1.0_2.0_9.0,13,73,40,108,35,27,3
16180.png,3.0,3,29,30,45,16,27,1
16181.png,1.0_3.0_10.0,6,27,28,51,24,22,3
16182.png,2.0_8.0_6.0,6,24,28,54,30,22,3
16183.png,3.0,4,27,24,36,9,20,1
16184.png,5.0_1.0,4,24,28,38,14,24,2
16185.png,1.0_8.0_4.0,8,45,31,80,35,23,3
16186.png,7.0_2.0,5,27,34,53,26,29,2
16187.png,2.0_4.0,5,41,46,83,42,41,2
16188.png,2.0_6.0_4.0,22,76,52,115,39,30,3
16189.png,7.0_6.0,3,17,20,38,21,17,2
1619.png,1.0_4.0,7,41,50,95,54,43,2
16190.png,7.0_9.0,1,10,14,23,13,13,2
16191.png,6.0_2.0,1,25,27,55,30,26,2
16192.png,4.0_6.0_2.0,8,32,36,65,33,28,3
16193.png,3.0_3.0,8,36,40,66,30,32,2
16194.png,2.0_10.0_10.0,1,23,28,44,21,27,3
16195.png,5.0_8.0,5,43,68,120,77,63,2
16196.png,6.0_10.0,52,96,79,123,27,27,2
16197.png,7.0,9,39,29,53,14,20,1
16198.png,9.0_8.0,5,21,25,45,24,20,2
16199.png,6.0_5.0,13,58,53,91,33,40,2
162.png,3.0,1,32,37,53,21,36,1
1620.png,7.0_4.0,1,16,17,35,19,16,2
16200.png,8.0_6.0,1,42,64,104,62,63,2
16201.png,2.0_5.0_3.0,4,30,39,69,39,35,3
16202.png,1.0_7.0_3.0,5,27,32,57,30,27,3
16203.png,1.0,6,32,26,38,6,20,1
16204.png,4.0_2.0_3.0,11,46,40,89,43,29,3
16205.png,2.0_8.0_6.0,6,49,40,79,30,34,3
16206.png,7.0_1.0,15,61,42,82,21,27,2
16207.png,2.0_10.0,7,111,167,264,153,160,2
16208.png,8.0_5.0,2,26,34,50,24,32,2
16209.png,8.0_10.0,7,51,51,98,47,44,2
1621.png,4.0_1.0,5,53,66,115,62,61,2
16210.png,4.0_7.0_6.0_10.0,11,36,32,74,38,21,4
16211.png,4.0,52,248,226,338,90,174,1
16212.png,2.0_2.0_2.0,101,163,141,196,33,40,3
16213.png,1.0_6.0_5.0,3,41,55,79,38,52,3
16214.png,8.0_2.0,9,50,66,101,51,57,2
16215.png,4.0_9.0,2,23,24,47,24,22,2
16216.png,2.0_1.0,3,13,18,27,14,15,2
16217.png,1.0_6.0,1,17,24,37,20,23,2
16218.png,2.0_4.0,6,27,27,47,20,21,2
16219.png,1.0_10.0_3.0,14,71,88,134,63,74,3
1622.png,5.0_8.0,6,41,43,75,34,37,2
16220.png,2.0_6.0,1,26,36,60,34,35,2
16221.png,7.0_8.0,11,42,43,69,27,32,2
16222.png,7.0,14,54,59,74,20,45,1
16223.png,1.0_10.0_6.0,13,8,64,71,63,51,3
16224.png,3.0_3.0,5,19,22,34,15,17,2
16225.png,4.0_6.0,2,20,25,40,20,23,2
16226.png,1.0_2.0_10.0,4,30,30,61,31,26,3
16227.png,1.0_8.0_5.0,16,79,80,150,71,64,3
16228.png,5.0_8.0,10,64,64,126,62,54,2
16229.png,1.0_4.0,29,91,80,127,36,51,2
1623.png,2.0_3.0_9.0,12,43,30,75,32,18,3
16230.png,4.0_4.0,4,26,29,52,26,25,2
16231.png,7.0_10.0,1,22,26,37,15,25,2
16232.png,2.0_10.0_10.0,1,27,27,68,41,26,3
16233.png,4.0_7.0,5,28,33,65,37,28,2
16234.png,5.0_3.0,55,171,102,221,50,47,2
16235.png,7.0_8.0,7,32,37,68,36,30,2
16236.png,2.0_6.0_6.0,3,33,38,101,68,35,3
16237.png,5.0_5.0,6,25,31,54,29,25,2
16238.png,1.0_5.0_3.0,14,78,53,126,48,39,3
16239.png,3.0_4.0,2,11,14,29,18,12,2
1624.png,4.0_6.0,4,35,41,63,28,37,2
16240.png,1.0_8.0_9.0,4,40,49,101,61,45,3
16241.png,5.0_9.0_4.0,12,76,82,114,38,70,3
16242.png,4.0,3,17,19,30,13,16,1
16243.png,1.0_10.0_10.0,1,15,20,41,26,19,3
16244.png,3.0_1.0,25,91,85,136,45,60,2
16245.png,1.0_10.0,7,38,48,68,30,41,2
16246.png,1.0,5,33,35,47,14,30,1
16247.png,1.0_5.0,14,40,44,64,24,30,2
16248.png,2.0_6.0,9,40,39,62,22,30,2
16249.png,3.0_4.0_4.0,21,90,71,154,64,50,3
1625.png,1.0_10.0_6.0,1,14,18,31,17,17,3
16250.png,5.0_4.0,1,16,21,42,26,20,2
16251.png,1.0_7.0,20,83,93,154,71,73,2
16252.png,1.0_10.0,14,22,70,75,53,56,2
16253.png,1.0_5.0,3,41,47,72,31,44,2
16254.png,2.0_4.0_4.0_5.0,10,57,39,122,65,29,4
16255.png,1.0_2.0_5.0,6,39,34,82,43,28,3
16256.png,8.0,2,50,60,81,31,58,1
16257.png,6.0_1.0,1,18,20,35,17,19,2
16258.png,5.0_10.0_3.0,28,89,71,169,80,43,3
16259.png,5.0_1.0,11,40,38,69,29,27,2
1626.png,3.0_9.0,6,33,36,53,20,30,2
16260.png,3.0_2.0,3,18,21,34,16,18,2
16261.png,1.0_5.0,2,12,15,21,9,13,2
16262.png,2.0_10.0,3,16,27,40,24,24,2
16263.png,7.0,13,68,67,96,28,54,1
16264.png,5.0_1.0_6.0,7,49,45,100,51,38,3
16265.png,4.0_4.0,1,25,37,61,36,36,2
16266.png,1.0_1.0_3.0,15,89,115,257,168,100,3
16267.png,4.0_6.0,2,24,32,48,24,30,2
16268.png,5.0_5.0,2,40,59,86,46,57,2
16269.png,1.0_6.0_9.0,1,15,24,51,36,23,3
1627.png,4.0_8.0,52,104,81,132,28,29,2
16270.png,3.0_6.0,6,32,34,51,19,28,2
16271.png,2.0_6.0,14,156,120,229,73,106,2
16272.png,2.0_1.0_1.0_8.0,16,43,36,73,30,20,4
16273.png,8.0_6.0,6,31,29,60,29,23,2
16274.png,3.0_9.0_8.0,120,23,183,99,76,63,3
16275.png,7.0_3.0,7,31,43,61,30,36,2
16276.png,1.0_5.0,9,39,31,59,20,22,2
16277.png,5.0_6.0,9,33,35,49,16,26,2
16278.png,2.0_10.0_2.0_6.0,1,25,28,63,38,27,4
16279.png,2.0_3.0,2,16,15,27,11,13,2
1628.png,3.0_9.0_7.0,26,85,70,125,40,44,3
16280.png,3.0_3.0,6,27,29,39,12,23,2
16281.png,1.0_6.0_8.0,9,43,47,97,54,38,3
16282.png,2.0_1.0_7.0,19,120,93,192,72,74,3
16283.png,3.0,6,50,32,65,15,26,1
16284.png,8.0_6.0_2.0,13,58,51,111,53,38,3
16285.png,1.0_8.0,1,9,12,26,17,11,2
16286.png,3.0_2.0,8,41,47,83,42,39,2
16287.png,1.0_4.0_3.0,9,36,38,59,23,29,3
16288.png,1.0_5.0,15,105,150,188,83,135,2
16289.png,4.0,8,29,29,40,11,21,1
1629.png,1.0_10.0_3.0,7,34,43,78,44,36,3
16290.png,3.0_4.0,2,22,22,44,22,20,2
16291.png,2.0_2.0,1,17,23,47,30,22,2
16292.png,6.0_1.0,3,28,31,58,30,28,2
16293.png,5.0,15,65,63,89,24,48,1
16294.png,3.0_8.0,6,28,35,66,38,29,2
16295.png,7.0_2.0,43,66,84,109,43,41,2
16296.png,1.0_1.0_9.0,3,23,29,42,19,26,3
16297.png,2.0_5.0,17,80,86,197,117,69,2
16298.png,1.0_8.0_10.0,56,88,85,116,28,29,3
16299.png,1.0_10.0,10,38,38,63,25,28,2
163.png,5.0_6.0_10.0,46,148,85,209,61,39,3
1630.png,4.0_4.0,18,86,66,142,56,48,2
16300.png,4.0_4.0,4,36,39,84,48,35,2
16301.png,1.0_10.0,2,11,19,29,18,17,2
16302.png,4.0_7.0,14,67,78,112,45,64,2
16303.png,2.0_8.0_4.0,13,40,35,68,28,22,3
16304.png,9.0_9.0,5,34,53,84,50,48,2
16305.png,2.0_7.0_9.0,14,43,33,74,31,19,3
16306.png,1.0_2.0,2,18,21,35,17,19,2
16307.png,1.0_1.0_4.0,1,21,26,49,28,25,3
16308.png,1.0_5.0_10.0,4,27,27,44,17,23,3
16309.png,1.0,15,40,44,52,12,29,1
1631.png,1.0_10.0_6.0,3,9,17,36,27,14,3
16310.png,8.0_7.0,4,21,29,42,21,25,2
16311.png,9.0_2.0,3,20,25,39,19,22,2
16312.png,5.0_3.0,3,20,22,41,21,19,2
16313.png,3.0_5.0,1,17,18,31,14,17,2
16314.png,4.0_10.0,9,80,98,176,96,89,2
16315.png,2.0_4.0_1.0_9.0,1,13,15,46,33,14,4
16316.png,1.0_3.0_4.0_9.0,22,78,69,131,53,47,4
16317.png,6.0_2.0_2.0,30,83,70,124,41,40,3
16318.png,1.0_1.0_8.0,112,129,149,163,34,37,3
16319.png,7.0_5.0,20,102,108,161,59,88,2
1632.png,1.0_9.0_10.0_7.0,2,22,22,55,33,20,4
16320.png,3.0_3.0,4,40,51,91,51,47,2
16321.png,2.0,12,45,39,60,15,27,1
16322.png,1.0_7.0,8,39,40,66,27,32,2
16323.png,6.0_6.0,3,19,20,35,16,17,2
16324.png,6.0,13,61,45,81,20,32,1
16325.png,4.0_2.0,2,36,47,75,39,45,2
16326.png,5.0_2.0_4.0,1,30,35,58,28,34,3
16327.png,1.0_1.0,5,36,40,58,22,35,2
16328.png,4.0,3,22,24,31,9,21,1
16329.png,5.0_3.0,9,40,45,83,43,36,2
1633.png,3.0_9.0_4.0,14,58,55,106,48,41,3
16330.png,3.0_4.0,2,45,56,94,49,54,2
16331.png,1.0_4.0_2.0_4.0,2,16,16,37,21,14,4
16332.png,1.0_6.0,4,26,27,41,15,23,2
16333.png,2.0_6.0,1,23,22,41,18,21,2
16334.png,3.0,1,24,12,29,5,11,1
16335.png,5.0,16,78,54,97,19,38,1
16336.png,2.0_4.0_8.0,1,16,21,49,33,20,3
16337.png,3.0,13,32,29,40,8,16,1
16338.png,5.0,11,37,29,45,8,18,1
16339.png,1.0_1.0,7,28,26,38,10,19,2
1634.png,2.0_5.0,12,66,78,120,54,66,2
16340.png,7.0,3,39,51,57,18,48,1
16341.png,2.0,1,16,15,24,8,14,1
16342.png,2.0_3.0_7.0,12,41,31,62,21,19,3
16343.png,5.0_9.0,1,15,17,33,18,16,2
16344.png,1.0_6.0,4,20,24,31,11,20,2
16345.png,4.0_3.0,3,36,52,86,50,49,2
16346.png,7.0_8.0,1,12,19,31,19,18,2
16347.png,9.0_9.0,6,32,33,60,28,27,2
16348.png,1.0_2.0,4,66,91,135,69,87,2
16349.png,3.0_3.0,7,38,45,74,36,38,2
1635.png,5.0_8.0,2,37,43,81,44,41,2
16350.png,1.0_4.0,15,56,33,76,20,18,2
16351.png,4.0,11,46,49,61,15,38,1
16352.png,6.0,5,36,45,57,21,40,1
16353.png,1.0_8.0_3.0,3,20,20,81,61,17,3
16354.png,3.0_5.0,14,57,51,99,42,37,2
16355.png,2.0_8.0,2,21,23,44,23,21,2
16356.png,2.0,2,25,23,35,10,21,1
16357.png,3.0,6,25,31,41,16,25,1
16358.png,3.0_9.0,2,28,28,50,22,26,2
16359.png,1.0_8.0,4,40,57,82,42,53,2
1636.png,2.0_10.0_1.0,18,71,68,110,39,50,3
16360.png,9.0_7.0,6,31,33,56,25,27,2
16361.png,4.0_2.0_5.0,14,42,35,70,28,21,3
16362.png,5.0,4,20,19,28,8,15,1
16363.png,8.0_3.0,26,46,63,105,59,37,2
16364.png,9.0_4.0,9,28,29,51,23,20,2
16365.png,1.0_10.0,4,29,41,74,45,37,2
16366.png,6.0,5,19,19,27,8,14,1
16367.png,4.0_8.0_5.0,25,157,86,202,45,61,3
16368.png,3.0_8.0,1,23,26,49,26,25,2
16369.png,7.0_4.0,5,27,25,43,16,20,2
1637.png,10.0,4,35,26,47,12,22,1
16370.png,2.0_9.0_5.0,9,57,56,127,70,47,3
16371.png,3.0_9.0_3.0,7,25,27,45,20,20,3
16372.png,3.0_6.0,1,16,22,37,21,21,2
16373.png,3.0,5,24,24,36,12,19,1
16374.png,6.0_6.0,2,22,27,54,32,25,2
16375.png,1.0_7.0,5,20,20,33,13,15,2
16376.png,2.0_9.0_5.0,19,87,69,160,73,50,3
16377.png,3.0_3.0,14,44,43,69,25,29,2
16378.png,1.0_5.0_4.0,15,68,64,128,60,49,3
16379.png,1.0_9.0,3,37,52,78,41,49,2
1638.png,1.0_8.0,18,67,80,118,51,62,2
16380.png,7.0_6.0_3.0,9,56,104,170,114,95,3
16381.png,5.0_8.0,2,29,38,62,33,36,2
16382.png,1.0_6.0_3.0,3,27,30,69,42,27,3
16383.png,2.0_8.0,3,30,34,55,25,31,2
16384.png,9.0_10.0,9,45,47,106,61,38,2
16385.png,5.0_4.0,7,47,51,92,45,44,2
16386.png,1.0_5.0_7.0,4,20,32,58,38,28,3
16387.png,5.0_7.0,7,33,40,69,36,33,2
16388.png,8.0_3.0_1.0,46,83,83,138,55,37,3
16389.png,1.0_8.0,3,20,22,35,15,19,2
1639.png,3.0_8.0_7.0,19,66,49,103,37,30,3
16390.png,2.0_1.0,9,30,25,39,9,16,2
16391.png,1.0_2.0_10.0,5,35,33,69,34,28,3
16392.png,3.0_4.0,1,21,24,43,22,23,2
16393.png,1.0_9.0_10.0,19,117,48,168,51,29,3
16394.png,4.0,4,31,39,49,18,35,1
16395.png,2.0_2.0,8,57,72,147,90,64,2
16396.png,4.0,4,20,19,29,9,15,1
16397.png,2.0_5.0_10.0,6,23,22,50,27,16,3
16398.png,3.0_5.0,12,41,42,69,28,30,2
16399.png,9.0_3.0,4,39,45,82,43,41,2
164.png,5.0,10,57,67,81,24,57,1
1640.png,3.0_3.0,6,32,36,63,31,30,2
16400.png,2.0_1.0_3.0,25,101,83,159,58,58,3
16401.png,8.0_9.0,12,52,64,109,57,52,2
16402.png,1.0,7,42,33,48,6,26,1
16403.png,7.0,1,25,34,41,16,33,1
16404.png,3.0,5,29,29,44,15,24,1
16405.png,9.0_4.0_6.0,0,24,27,57,33,27,3
16406.png,3.0_1.0,7,30,35,66,36,28,2
16407.png,4.0,1,26,31,39,13,30,1
16408.png,8.0_4.0,12,54,53,87,33,41,2
16409.png,5.0_4.0,3,24,28,57,33,25,2
1641.png,1.0_5.0_4.0,6,60,66,144,84,60,3
16410.png,10.0_10.0,12,54,51,97,43,39,2
16411.png,1.0,4,36,29,51,15,25,1
16412.png,5.0_9.0,12,18,120,133,115,108,2
16413.png,3.0_4.0,5,25,26,45,20,21,2
16414.png,6.0,12,62,70,89,27,58,1
16415.png,1.0_7.0,3,26,27,39,13,24,2
16416.png,1.0_6.0,21,83,104,136,53,83,2
16417.png,8.0_1.0,3,25,30,47,22,27,2
16418.png,1.0,13,52,43,60,8,30,1
16419.png,9.0_9.0,9,29,32,49,20,23,2
1642.png,3.0_2.0,1,10,14,24,14,13,2
16420.png,1.0_2.0,2,29,39,63,34,37,2
16421.png,2.0_3.0_4.0_10.0,1,12,16,44,32,15,4
16422.png,2.0_1.0_9.0,29,71,67,131,60,38,3
16423.png,2.0_5.0_6.0,1,31,41,99,68,40,3
16424.png,6.0,1,12,12,18,6,11,1
16425.png,6.0_10.0,1,43,52,80,37,51,2
16426.png,6.0_3.0_5.0,16,55,38,91,36,22,3
16427.png,3.0_4.0,2,33,36,74,41,34,2
16428.png,2.0_5.0_5.0,8,37,37,84,47,29,3
16429.png,2.0_6.0,13,56,52,94,38,39,2
1643.png,4.0_4.0_4.0,5,30,35,64,34,30,3
16430.png,2.0_3.0,8,41,41,77,36,33,2
16431.png,2.0_4.0_9.0,4,25,35,66,41,31,3
16432.png,7.0_2.0,6,28,34,54,26,28,2
16433.png,5.0,3,35,45,48,13,42,1
16434.png,2.0_2.0_4.0,23,79,70,147,68,47,3
16435.png,1.0_3.0_6.0,5,36,44,75,39,39,3
16436.png,3.0_6.0,8,43,49,81,38,41,2
16437.png,5.0,9,12,42,25,13,33,1
16438.png,2.0_5.0_6.0,12,39,40,67,28,28,3
16439.png,2.0_2.0,3,38,57,111,73,54,2
1644.png,8.0_10.0,2,25,25,48,23,23,2
16440.png,7.0_10.0,2,24,31,45,21,29,2
16441.png,3.0_1.0,6,28,32,47,19,26,2
16442.png,2.0_4.0_4.0,3,22,24,51,29,21,3
16443.png,4.0_1.0,4,25,39,56,31,35,2
16444.png,7.0_1.0,23,109,100,174,65,77,2
16445.png,1.0_10.0_2.0,7,41,53,120,79,46,3
16446.png,1.0_6.0_2.0,16,65,66,110,45,50,3
16447.png,1.0_1.0_4.0,14,53,39,79,26,25,3
16448.png,8.0_8.0,5,25,24,43,18,19,2
16449.png,5.0,9,43,28,53,10,19,1
1645.png,3.0_10.0_9.0,4,62,65,108,46,61,3
16450.png,1.0_7.0_9.0_5.0,8,23,34,76,53,26,4
16451.png,2.0_10.0,7,37,44,55,18,37,2
16452.png,7.0_4.0,11,49,52,93,44,41,2
16453.png,2.0_5.0_7.0,1,22,25,54,32,24,3
16454.png,1.0_9.0,3,16,21,34,18,18,2
16455.png,2.0_10.0,8,57,54,93,36,46,2
16456.png,1.0_4.0,1,32,43,68,36,42,2
16457.png,8.0_4.0,3,14,18,32,18,15,2
16458.png,2.0_7.0_8.0,4,17,17,33,16,13,3
16459.png,2.0_6.0,1,15,15,32,17,14,2
1646.png,2.0_10.0,9,64,65,124,60,56,2
16460.png,1.0_9.0_7.0,1,48,77,168,120,76,3
16461.png,9.0_10.0,79,188,108,225,37,29,2
16462.png,4.0_9.0,19,157,64,197,40,45,2
16463.png,2.0_2.0,2,13,13,26,13,11,2
16464.png,2.0_4.0,16,51,50,99,48,34,2
16465.png,1.0_1.0,7,30,33,46,16,26,2
16466.png,1.0_5.0_7.0,28,153,74,203,50,46,3
16467.png,1.0_1.0_10.0,1,38,48,87,49,47,3
16468.png,2.0_8.0,3,26,29,48,22,26,2
16469.png,5.0_6.0,10,31,32,47,16,22,2
1647.png,1.0_3.0_1.0_4.0,3,20,20,49,29,17,4
16470.png,3.0_4.0,30,74,68,113,39,38,2
16471.png,2.0_1.0,8,65,72,127,62,64,2
16472.png,6.0_1.0,1,20,20,41,21,19,2
16473.png,8.0_2.0,9,116,96,183,67,87,2
16474.png,5.0_3.0,7,66,59,120,54,52,2
16475.png,6.0_8.0,3,34,27,51,17,24,2
16476.png,2.0_3.0_9.0,3,19,21,41,22,18,3
16477.png,4.0,1,25,26,37,12,25,1
16478.png,2.0_1.0,3,33,41,46,13,38,2
16479.png,3.0_1.0,1,22,25,47,25,24,2
1648.png,1.0_10.0_6.0,27,78,75,140,62,48,3
16480.png,1.0_8.0,9,43,59,106,63,50,2
16481.png,1.0_6.0_10.0,5,41,30,73,32,25,3
16482.png,1.0,6,40,40,57,17,34,1
16483.png,1.0_2.0_5.0,7,20,20,36,16,13,3
16484.png,3.0_2.0,1,64,82,145,81,81,2
16485.png,2.0_3.0_6.0_3.0,3,24,21,57,33,18,4
16486.png,1.0_10.0,10,43,56,79,36,46,2
16487.png,4.0_6.0,3,15,24,32,17,21,2
16488.png,4.0_3.0,20,78,82,167,89,62,2
16489.png,6.0,5,22,21,33,11,16,1
1649.png,8.0_6.0,18,58,55,99,41,37,2
16490.png,9.0,4,29,40,45,16,36,1
16491.png,8.0_7.0,15,40,37,67,27,22,2
16492.png,1.0_2.0_8.0,1,13,16,33,20,15,3
16493.png,5.0,7,23,28,33,10,21,1
16494.png,4.0_7.0,1,23,26,49,26,25,2
16495.png,2.0_9.0,16,49,52,92,43,36,2
16496.png,2.0_7.0_7.0,13,80,54,179,99,41,3
16497.png,3.0_8.0,12,107,129,280,173,117,2
16498.png,8.0_1.0,5,25,25,45,20,20,2
16499.png,1.0_7.0,8,53,73,103,50,65,2
165.png,1.0_7.0_6.0,12,45,54,101,56,42,3
1650.png,3.0_7.0_5.0,9,52,49,85,33,40,3
16500.png,5.0_4.0,4,28,27,53,25,23,2
16501.png,9.0_2.0,4,17,23,36,19,19,2
16502.png,1.0_7.0,3,23,33,47,24,30,2
16503.png,1.0_5.0_1.0,9,26,33,54,28,24,3
16504.png,9.0,2,24,33,43,19,31,1
16505.png,2.0_7.0,11,43,42,68,25,31,2
16506.png,8.0,8,30,39,48,18,31,1
16507.png,5.0,8,33,35,45,12,27,1
16508.png,3.0_10.0,21,155,71,197,42,50,2
16509.png,2.0_8.0,26,76,76,125,49,50,2
1651.png,3.0_1.0,3,24,26,41,17,23,2
16510.png,3.0_1.0,4,21,27,39,18,23,2
16511.png,1.0,8,54,49,79,25,41,1
16512.png,1.0_9.0,19,52,43,77,25,24,2
16513.png,7.0,1,25,22,35,10,21,1
16514.png,1.0_3.0,9,44,48,87,43,39,2
16515.png,3.0_8.0,1,16,22,32,16,21,2
16516.png,8.0_10.0,2,42,52,83,41,50,2
16517.png,2.0_4.0,11,36,32,57,21,21,2
16518.png,4.0_3.0_3.0,17,110,57,168,58,40,3
16519.png,4.0,12,43,52,71,28,40,1
1652.png,5.0_10.0_4.0,17,61,37,91,30,20,3
16520.png,1.0_1.0,3,24,22,38,14,19,2
16521.png,7.0_4.0_4.0,51,224,93,293,69,42,3
16522.png,4.0_9.0_2.0,14,46,36,80,34,22,3
16523.png,9.0_5.0,7,30,29,48,18,22,2
16524.png,1.0_7.0,3,27,39,53,26,36,2
16525.png,4.0,6,37,41,58,21,35,1
16526.png,2.0_7.0,2,17,21,36,19,19,2
16527.png,2.0_10.0,2,23,25,43,20,23,2
16528.png,2.0_7.0_1.0,8,38,35,78,40,27,3
16529.png,1.0_4.0,4,25,26,37,12,22,2
1653.png,3.0_1.0_7.0,7,28,27,47,19,20,3
16530.png,3.0_4.0,2,21,23,44,23,21,2
16531.png,1.0_1.0,9,39,31,52,13,22,2
16532.png,2.0_4.0_4.0,8,45,43,100,55,35,3
16533.png,1.0_1.0_7.0,40,76,90,135,59,50,3
16534.png,5.0,20,95,107,143,48,87,1
16535.png,1.0_3.0_6.0,1,25,30,60,35,29,3
16536.png,1.0_4.0,3,20,25,36,16,22,2
16537.png,2.0_2.0,2,25,32,57,32,30,2
16538.png,9.0,2,40,41,61,21,39,1
16539.png,1.0,7,50,65,83,33,58,1
1654.png,2.0_10.0,1,26,29,60,34,28,2
16540.png,3.0_5.0,1,27,32,53,26,31,2
16541.png,2.0,9,28,23,39,11,14,1
16542.png,1.0_1.0_8.0,6,35,32,63,28,26,3
16543.png,3.0_5.0,7,56,63,91,35,56,2
16544.png,2.0_5.0_9.0_4.0,8,30,31,73,43,23,4
16545.png,2.0_9.0_4.0,2,27,29,71,44,27,3
16546.png,3.0_9.0,3,30,35,54,24,32,2
16547.png,1.0_1.0_1.0,10,45,37,71,26,27,3
16548.png,3.0_5.0,3,19,21,37,18,18,2
16549.png,9.0_5.0,9,29,29,50,21,20,2
1655.png,2.0_10.0_8.0,85,163,119,214,51,34,3
16550.png,2.0_1.0_6.0,25,123,68,165,42,43,3
16551.png,5.0_6.0,14,144,83,209,65,69,2
16552.png,2.0_5.0_5.0,3,30,32,56,26,29,3
16553.png,2.0_10.0,5,50,50,95,45,45,2
16554.png,5.0_5.0_5.0,16,59,63,132,73,47,3
16555.png,7.0_3.0,4,23,27,47,24,23,2
16556.png,6.0,9,35,28,45,10,19,1
16557.png,5.0_1.0,4,33,39,53,20,35,2
16558.png,5.0_9.0,1,31,34,67,36,33,2
16559.png,1.0_1.0_6.0,8,43,41,90,47,33,3
1656.png,4.0,7,40,30,52,12,23,1
16560.png,4.0,8,25,25,34,9,17,1
16561.png,4.0_2.0,5,19,19,32,13,14,2
16562.png,4.0_9.0,15,50,58,95,45,43,2
16563.png,2.0_2.0,2,31,36,56,25,34,2
16564.png,1.0_3.0_5.0,1,28,37,78,50,36,3
16565.png,3.0,8,32,32,45,13,24,1
16566.png,5.0_7.0,7,28,33,49,21,26,2
16567.png,2.0_1.0,1,28,38,52,24,37,2
16568.png,4.0_3.0,1,30,46,82,52,45,2
16569.png,3.0,2,21,23,28,7,21,1
1657.png,7.0_6.0_7.0,23,46,108,143,97,85,3
16570.png,4.0_2.0_3.0,14,47,38,75,28,24,3
16571.png,7.0,1,15,19,26,11,18,1
16572.png,2.0_7.0_5.0,2,21,29,59,38,27,3
16573.png,4.0_3.0,1,16,19,35,19,18,2
16574.png,1.0_6.0_1.0,3,31,36,64,33,33,3
16575.png,1.0_1.0_3.0,15,75,66,105,30,51,3
16576.png,8.0_10.0,1,15,15,30,15,14,2
16577.png,3.0_4.0,3,29,24,50,21,21,2
16578.png,6.0_8.0,6,56,68,146,90,62,2
16579.png,4.0_3.0,13,48,48,71,23,35,2
1658.png,4.0_8.0,13,70,74,124,54,61,2
16580.png,1.0_9.0,1,40,55,95,55,54,2
16581.png,1.0_3.0,4,24,26,41,17,22,2
16582.png,4.0_7.0_3.0,1,16,16,39,23,15,3
16583.png,7.0_10.0,5,35,38,72,37,33,2
16584.png,1.0_9.0_6.0_9.0,4,21,30,51,30,26,4
16585.png,5.0,4,30,46,63,33,42,1
16586.png,3.0_7.0,4,22,25,45,23,21,2
16587.png,3.0_1.0_8.0,8,38,48,75,37,40,3
16588.png,1.0_10.0_10.0,66,35,89,69,34,23,3
16589.png,1.0_9.0_6.0_9.0,19,120,196,358,238,177,4
1659.png,4.0_9.0,2,25,27,50,25,25,2
16590.png,2.0_3.0,4,22,22,37,15,18,2
16591.png,1.0,14,60,70,79,19,56,1
16592.png,2.0_7.0_5.0,9,39,46,71,32,37,3
16593.png,5.0_5.0,1,28,33,55,27,32,2
16594.png,2.0,6,22,21,30,8,15,1
16595.png,3.0_2.0,3,13,17,26,13,14,2
16596.png,2.0_5.0_7.0,9,35,50,73,38,41,3
16597.png,5.0_1.0_9.0,15,62,47,93,31,32,3
16598.png,4.0_2.0_10.0,11,37,29,61,24,18,3
16599.png,4.0_8.0,3,23,23,38,15,20,2
166.png,7.0_5.0_4.0,7,40,45,93,53,38,3
1660.png,3.0_9.0,8,51,58,83,32,50,2
16600.png,2.0_1.0,5,16,20,34,18,15,2
16601.png,1.0_2.0,3,29,31,49,20,28,2
16602.png,2.0_3.0_5.0,16,47,34,71,24,18,3
16603.png,5.0_6.0_3.0_2.0,9,36,37,85,49,28,4
16604.png,4.0_8.0,4,28,30,47,19,26,2
16605.png,7.0,6,43,48,63,20,42,1
16606.png,7.0,7,35,42,53,18,35,1
16607.png,3.0_9.0,5,36,46,68,32,41,2
16608.png,9.0_7.0,6,32,40,63,31,34,2
16609.png,4.0_4.0_3.0,15,59,51,103,44,36,3
1661.png,10.0_6.0,19,81,74,118,37,55,2
16610.png,4.0_4.0,8,57,75,106,49,67,2
16611.png,1.0_7.0_8.0,8,30,27,59,29,19,3
16612.png,3.0_2.0,1,17,19,43,26,18,2
16613.png,7.0,6,40,39,54,14,33,1
16614.png,1.0_7.0,2,19,23,35,16,21,2
16615.png,3.0_1.0_8.0,1,40,51,100,60,50,3
16616.png,2.0_10.0,7,39,51,84,45,44,2
16617.png,1.0_4.0_3.0,8,46,60,90,44,52,3
16618.png,1.0_5.0_6.0,13,56,50,106,50,37,3
16619.png,1.0_5.0_10.0,15,58,54,97,39,39,3
1662.png,1.0_7.0_4.0,2,18,16,49,31,14,3
16620.png,3.0_10.0,16,69,56,123,54,40,2
16621.png,4.0,17,48,44,64,16,27,1
16622.png,3.0_4.0,8,120,90,197,77,82,2
16623.png,2.0_3.0,13,74,83,150,76,70,2
16624.png,1.0,11,48,38,57,9,27,1
16625.png,2.0,7,31,29,44,13,22,1
16626.png,4.0_7.0,4,24,23,42,18,19,2
16627.png,3.0,22,104,128,188,84,106,1
16628.png,1.0_3.0,11,48,55,78,30,44,2
16629.png,3.0,2,20,19,28,8,17,1
1663.png,6.0_1.0_10.0,35,127,98,209,82,63,3
16630.png,3.0,5,29,33,44,15,28,1
16631.png,6.0_4.0,1,20,23,37,17,22,2
16632.png,2.0_3.0_9.0_10.0,18,95,95,216,121,77,4
16633.png,2.0_3.0_10.0,20,66,61,107,41,41,3
16634.png,9.0,9,51,68,75,24,59,1
16635.png,5.0_3.0,10,36,26,53,17,16,2
16636.png,1.0_9.0,6,36,39,51,15,33,2
16637.png,1.0_5.0_3.0,1,41,56,121,80,55,3
16638.png,1.0_2.0,3,30,32,67,37,29,2
16639.png,2.0,3,45,62,82,37,59,1
1664.png,4.0_3.0_1.0,15,59,50,110,51,35,3
16640.png,5.0,8,61,76,98,37,68,1
16641.png,5.0_8.0,3,79,88,135,56,85,2
16642.png,4.0_7.0,4,39,41,71,32,37,2
16643.png,2.0,2,31,37,49,18,35,1
16644.png,1.0_1.0,1,20,26,35,15,25,2
16645.png,4.0_7.0,6,24,24,37,13,18,2
16646.png,8.0_6.0,10,61,77,149,88,67,2
16647.png,5.0_7.0,1,23,32,53,30,31,2
16648.png,3.0_6.0_9.0,20,75,63,142,67,43,3
16649.png,3.0_2.0,14,38,34,57,19,20,2
1665.png,1.0_8.0,1,12,14,27,15,13,2
16650.png,1.0_6.0_9.0,1,20,23,41,21,22,3
16651.png,2.0_9.0_10.0,4,26,28,68,42,24,3
16652.png,2.0_2.0,13,38,38,63,25,25,2
16653.png,7.0,2,19,20,31,12,18,1
16654.png,1.0_8.0,1,15,15,29,14,14,2
16655.png,1.0_3.0_3.0,1,12,16,28,16,15,3
16656.png,9.0_7.0,7,28,27,50,22,20,2
16657.png,7.0,3,27,34,43,16,31,1
16658.png,6.0_3.0,6,36,33,58,22,27,2
16659.png,1.0_3.0_8.0,23,90,83,151,61,60,3
1666.png,5.0_1.0,1,22,20,37,15,19,2
16660.png,7.0_5.0,8,49,54,80,31,46,2
16661.png,1.0_3.0,1,15,17,26,11,16,2
16662.png,7.0_9.0,10,65,76,162,97,66,2
16663.png,4.0_7.0,2,21,20,41,20,18,2
16664.png,1.0_1.0,9,74,63,140,66,54,2
16665.png,5.0_9.0,3,19,24,40,21,21,2
16666.png,7.0,4,24,25,34,10,21,1
16667.png,9.0_10.0,3,28,37,54,26,34,2
16668.png,2.0_10.0,5,26,25,45,19,20,2
16669.png,3.0_3.0_10.0_10.0,91,86,169,192,106,78,4
1667.png,6.0_4.0,4,22,23,44,22,19,2
16670.png,2.0,20,64,58,88,24,38,1
16671.png,1.0_4.0,1,19,18,34,15,17,2
16672.png,2.0_1.0_5.0,9,42,36,71,29,27,3
16673.png,1.0_7.0,1,30,35,52,22,34,2
16674.png,7.0_8.0,17,104,69,162,58,52,2
16675.png,9.0_6.0,3,21,23,38,17,20,2
16676.png,8.0,12,41,37,55,14,25,1
16677.png,3.0_8.0,1,40,48,76,36,47,2
16678.png,3.0_6.0_1.0,72,112,105,143,31,33,3
16679.png,1.0_4.0_7.0,7,52,66,93,41,59,3
1668.png,6.0_10.0,36,153,75,200,47,39,2
16680.png,1.0_6.0_6.0,18,87,87,173,86,69,3
16681.png,3.0_6.0,4,32,33,55,23,29,2
16682.png,2.0_2.0,67,224,222,384,160,155,2
16683.png,1.0,4,19,26,36,17,22,1
16684.png,4.0_8.0,4,24,32,50,26,28,2
16685.png,7.0_6.0,10,54,47,79,25,37,2
16686.png,3.0_1.0_2.0,1,17,19,42,25,18,3
16687.png,8.0,5,30,35,44,14,30,1
16688.png,5.0_5.0_8.0,16,69,69,143,74,53,3
16689.png,8.0,5,21,22,30,9,17,1
1669.png,1.0_3.0,1,13,19,35,22,18,2
16690.png,3.0_9.0,2,16,25,38,22,23,2
16691.png,3.0_3.0,9,39,43,85,46,34,2
16692.png,5.0,7,38,45,52,14,38,1
16693.png,4.0_4.0,16,63,57,117,54,41,2
16694.png,7.0_3.0,3,45,56,104,59,53,2
16695.png,2.0_6.0_2.0,4,21,22,50,29,18,3
16696.png,7.0,10,58,55,83,25,45,1
16697.png,1.0_10.0_2.0,16,69,72,141,72,56,3
16698.png,6.0_3.0_7.0,52,117,98,169,52,46,3
16699.png,4.0_1.0,10,59,72,110,51,62,2
167.png,1.0_5.0,8,30,23,46,16,15,2
1670.png,1.0_10.0_10.0,6,31,33,68,37,27,3
16700.png,1.0_1.0,7,32,29,51,19,22,2
16701.png,2.0_4.0,4,15,32,44,29,28,2
16702.png,1.0_7.0,20,97,62,134,37,42,2
16703.png,4.0_6.0,7,43,43,81,38,36,2
16704.png,3.0_9.0,1,24,29,53,29,28,2
16705.png,4.0_6.0,15,46,50,80,34,35,2
16706.png,2.0_3.0,6,56,78,119,63,72,2
16707.png,2.0_4.0,5,26,32,62,36,27,2
16708.png,1.0_4.0_8.0,1,18,27,46,28,26,3
16709.png,2.0_1.0_4.0,5,22,28,41,19,23,3
1671.png,2.0_2.0,14,49,36,77,28,22,2
16710.png,1.0_4.0_1.0,1,13,17,28,15,16,3
16711.png,1.0_10.0_4.0,3,24,28,50,26,25,3
16712.png,2.0_10.0_7.0,5,25,26,49,24,21,3
16713.png,3.0_10.0,7,56,73,138,82,66,2
16714.png,2.0_6.0_7.0,15,58,52,122,64,37,3
16715.png,9.0_4.0_6.0,1,55,55,109,54,54,3
16716.png,3.0_7.0,10,56,55,107,51,45,2
16717.png,4.0_9.0_9.0,12,72,69,124,52,57,3
16718.png,1.0_5.0,5,40,46,72,32,41,2
16719.png,4.0_9.0_4.0,9,34,34,70,36,25,3
1672.png,1.0_5.0_8.0,10,69,67,118,49,57,3
16720.png,1.0_2.0_7.0_2.0,12,46,46,88,42,34,4
16721.png,6.0_7.0,1,20,21,50,30,20,2
16722.png,2.0_3.0,2,20,23,35,15,21,2
16723.png,1.0_10.0,7,46,61,91,45,54,2
16724.png,9.0_7.0_5.0,5,40,46,81,41,41,3
16725.png,7.0,4,58,82,97,39,78,1
16726.png,7.0_8.0,12,71,93,121,50,81,2
16727.png,5.0_5.0,5,34,35,57,23,30,2
16728.png,8.0_5.0,26,106,104,180,74,78,2
16729.png,2.0_10.0,4,28,33,56,28,29,2
1673.png,9.0_6.0,21,85,66,141,56,45,2
16730.png,2.0_6.0_4.0,1,26,38,87,61,37,3
16731.png,1.0_9.0_1.0,12,46,34,75,29,22,3
16732.png,3.0_2.0,23,158,186,429,271,163,2
16733.png,4.0_4.0_5.0,21,179,71,223,44,50,3
16734.png,2.0_5.0_3.0,17,62,67,158,96,50,3
16735.png,2.0_1.0,14,47,53,75,28,39,2
16736.png,8.0_4.0,22,77,70,113,36,48,2
16737.png,5.0,3,29,29,44,15,26,1
16738.png,5.0_10.0,13,72,65,115,43,52,2
16739.png,6.0_9.0,6,48,69,109,61,63,2
1674.png,2.0_10.0,11,50,35,80,30,24,2
16740.png,1.0_7.0_7.0,18,48,49,85,37,31,3
16741.png,3.0_1.0,8,50,59,96,46,51,2
16742.png,3.0_5.0,4,30,35,67,37,31,2
16743.png,9.0_10.0,7,42,53,74,32,46,2
16744.png,1.0_7.0,4,21,21,31,10,17,2
16745.png,1.0_1.0_9.0,1,43,50,96,53,49,3
16746.png,2.0_7.0,17,56,57,72,16,40,2
16747.png,2.0_6.0,9,51,54,83,32,45,2
16748.png,3.0,4,16,17,24,8,13,1
16749.png,7.0_7.0,3,21,26,44,23,23,2
1675.png,3.0_4.0,10,39,41,69,30,31,2
16750.png,9.0_5.0,9,41,48,76,35,39,2
16751.png,5.0,1,28,37,45,17,36,1
16752.png,5.0_6.0,16,75,68,123,48,52,2
16753.png,2.0_3.0_10.0,15,50,37,88,38,22,3
16754.png,2.0,4,36,47,69,33,43,1
16755.png,2.0_10.0_10.0,2,17,15,34,17,13,3
16756.png,5.0_9.0,3,24,30,45,21,27,2
16757.png,5.0_10.0,8,35,49,76,41,41,2
16758.png,2.0_7.0,11,58,59,113,55,48,2
16759.png,3.0_1.0,26,99,92,168,69,66,2
1676.png,5.0_8.0,17,66,55,100,34,38,2
16760.png,1.0_5.0,14,48,42,66,18,28,2
16761.png,6.0,1,14,14,22,8,13,1
16762.png,2.0_4.0,1,15,20,37,22,19,2
16763.png,2.0_2.0_10.0,15,59,42,93,34,27,3
16764.png,1.0_3.0,3,36,47,69,33,44,2
16765.png,1.0_5.0_3.0_4.0,0,18,21,49,31,21,4
16766.png,2.0_4.0_10.0_7.0,5,26,34,84,58,29,4
16767.png,2.0_4.0_7.0,1,19,24,49,30,23,3
16768.png,2.0_10.0,3,26,30,53,27,27,2
16769.png,6.0,7,29,27,40,11,20,1
1677.png,1.0_2.0,11,54,63,99,45,52,2
16770.png,9.0,1,27,30,44,17,29,1
16771.png,8.0_7.0,1,39,59,100,61,58,2
16772.png,7.0_8.0,1,21,32,45,24,31,2
16773.png,1.0_8.0_8.0_2.0,1,8,13,34,26,12,4
16774.png,9.0_1.0_5.0,41,107,124,228,121,83,3
16775.png,2.0_3.0_7.0,7,79,40,112,33,33,3
16776.png,5.0,10,42,40,60,18,30,1
16777.png,3.0_6.0_1.0,5,26,32,55,29,27,3
16778.png,4.0_1.0,12,58,55,100,42,43,2
16779.png,8.0,15,59,51,79,20,36,1
1678.png,1.0_5.0_9.0_8.0,5,30,70,121,91,65,4
16780.png,6.0_8.0,8,61,75,131,70,67,2
16781.png,7.0_9.0,4,21,20,40,19,16,2
16782.png,4.0_1.0,12,54,71,110,56,59,2
16783.png,2.0_7.0,17,92,92,178,86,75,2
16784.png,1.0_1.0,1,12,16,26,14,15,2
16785.png,5.0_2.0,4,25,33,50,25,29,2
16786.png,3.0_4.0,5,35,42,65,30,37,2
16787.png,4.0_7.0_10.0,1,15,18,40,25,17,3
16788.png,1.0_1.0_1.0,67,124,154,232,108,87,3
16789.png,2.0_5.0_3.0,15,77,111,209,132,96,3
1679.png,5.0,3,24,29,35,11,26,1
16790.png,2.0_10.0,1,19,21,32,13,20,2
16791.png,2.0_7.0_8.0,5,34,36,74,40,31,3
16792.png,4.0_6.0,12,61,65,118,57,53,2
16793.png,1.0_8.0,30,151,65,182,31,35,2
16794.png,1.0_3.0_3.0,3,33,35,70,37,32,3
16795.png,4.0_3.0,8,37,39,65,28,31,2
16796.png,1.0_4.0,1,22,21,38,16,20,2
16797.png,1.0_3.0,4,35,38,64,29,34,2
16798.png,7.0_3.0_5.0,41,93,79,145,52,38,3
16799.png,5.0_10.0,4,32,41,72,40,37,2
168.png,2.0_8.0_2.0,8,30,33,50,20,25,3
1680.png,1.0_2.0,6,28,32,45,17,26,2
16800.png,1.0_6.0_10.0,8,40,41,75,35,33,3
16801.png,9.0_3.0,13,46,54,92,46,41,2
16802.png,7.0_4.0,2,19,18,32,13,16,2
16803.png,2.0_4.0_6.0,11,36,33,63,27,22,3
16804.png,4.0,8,24,25,34,10,17,1
16805.png,1.0,5,20,24,27,7,19,1
16806.png,8.0_4.0,1,18,18,32,14,17,2
16807.png,7.0,23,88,71,112,24,48,1
16808.png,1.0_10.0_10.0,16,50,55,87,37,39,3
16809.png,1.0_2.0_4.0,1,29,29,54,25,28,3
1681.png,3.0_5.0,13,1,74,75,74,61,2
16810.png,3.0,29,47,96,84,37,67,1
16811.png,2.0_3.0,18,28,40,56,28,22,2
16812.png,8.0_4.0,23,92,83,130,38,60,2
16813.png,3.0,3,38,30,60,22,27,1
16814.png,5.0_4.0,11,41,46,90,49,35,2
16815.png,2.0_3.0,2,27,32,49,22,30,2
16816.png,6.0,7,41,47,58,17,40,1
16817.png,5.0_10.0_9.0,12,49,43,94,45,31,3
16818.png,4.0_1.0,8,33,35,52,19,27,2
16819.png,4.0_5.0_1.0_4.0,2,41,56,143,102,54,4
1682.png,5.0_7.0,2,23,22,37,14,20,2
16820.png,4.0_7.0,1,22,26,49,27,25,2
16821.png,5.0_1.0,10,43,49,83,40,39,2
16822.png,4.0_8.0,2,25,25,44,19,23,2
16823.png,2.0_2.0,1,45,52,106,61,51,2
16824.png,1.0_9.0,26,190,91,230,40,65,2
16825.png,1.0_8.0,4,24,27,47,23,23,2
16826.png,9.0,21,129,128,177,48,107,1
16827.png,3.0_1.0,1,15,21,34,19,20,2
16828.png,1.0_6.0,17,149,55,187,38,38,2
16829.png,1.0_10.0,2,17,13,29,12,11,2
1683.png,3.0_2.0,2,22,20,36,14,18,2
16830.png,1.0,3,27,36,43,16,33,1
16831.png,3.0_6.0,6,35,31,61,26,25,2
16832.png,4.0_4.0,4,17,26,46,29,22,2
16833.png,2.0_10.0,7,31,41,62,31,34,2
16834.png,8.0_9.0,5,53,72,130,77,67,2
16835.png,1.0_2.0,4,17,25,37,20,21,2
16836.png,3.0_2.0,72,168,107,211,43,35,2
16837.png,2.0_9.0_2.0,4,26,36,78,52,32,3
16838.png,7.0_2.0,7,42,44,74,32,37,2
16839.png,1.0_4.0_7.0,43,129,83,170,41,40,3
1684.png,2.0_1.0,14,66,74,115,49,60,2
16840.png,2.0_6.0,1,24,30,61,37,29,2
16841.png,2.0_6.0_2.0,56,19,90,55,36,34,3
16842.png,7.0,10,74,88,115,41,78,1
16843.png,4.0_6.0,9,17,46,75,58,37,2
16844.png,3.0_3.0,1,16,18,36,20,17,2
16845.png,4.0,7,24,18,31,7,11,1
16846.png,1.0_10.0_9.0,4,21,23,39,18,19,3
16847.png,2.0_10.0,3,35,46,82,47,43,2
16848.png,9.0_9.0,3,23,26,48,25,23,2
16849.png,4.0,3,49,55,84,35,52,1
1685.png,5.0_1.0,13,79,104,177,98,91,2
16850.png,4.0_1.0_8.0,21,102,52,145,43,31,3
16851.png,1.0_8.0_7.0,9,38,35,74,36,26,3
16852.png,2.0_10.0_1.0,5,35,31,72,37,26,3
16853.png,2.0_7.0_5.0,9,26,27,56,30,18,3
16854.png,1.0_4.0,10,41,32,58,17,22,2
16855.png,5.0_9.0,1,23,26,46,23,25,2
16856.png,2.0_9.0,9,28,25,41,13,16,2
16857.png,1.0_1.0,4,26,33,45,19,29,2
16858.png,3.0_4.0,11,56,76,113,57,65,2
16859.png,9.0,17,56,42,77,21,25,1
1686.png,1.0_4.0,20,56,57,85,29,37,2
16860.png,1.0_9.0_1.0_1.0,15,54,40,80,26,25,4
16861.png,3.0,7,40,42,51,11,35,1
16862.png,2.0_8.0,9,38,41,64,26,32,2
16863.png,6.0_8.0,25,78,81,128,50,56,2
16864.png,2.0_3.0,2,30,39,61,31,37,2
16865.png,1.0_9.0_8.0_2.0,1,19,23,55,36,22,4
16866.png,1.0_2.0_4.0,1,20,23,42,22,22,3
16867.png,1.0_5.0_10.0,11,50,66,121,71,55,3
16868.png,8.0_3.0,6,38,47,68,30,41,2
16869.png,1.0_7.0_10.0,5,31,36,69,38,31,3
1687.png,9.0_10.0,33,66,52,90,24,19,2
16870.png,5.0_6.0,7,35,36,56,21,29,2
16871.png,7.0,12,70,88,113,43,76,1
16872.png,1.0_9.0_4.0,1,30,38,74,44,37,3
16873.png,1.0_2.0,10,50,62,104,54,52,2
16874.png,1.0,9,28,29,33,5,20,1
16875.png,1.0,6,36,40,50,14,34,1
16876.png,3.0_8.0,36,126,115,197,71,79,2
16877.png,3.0_1.0,6,51,59,97,46,53,2
16878.png,1.0_1.0,24,75,64,105,30,40,2
16879.png,3.0,10,42,43,65,23,33,1
1688.png,5.0_8.0,5,32,31,53,21,26,2
16880.png,2.0,9,45,34,63,18,25,1
16881.png,3.0_9.0,7,44,50,89,45,43,2
16882.png,3.0_2.0,1,33,42,59,26,41,2
16883.png,3.0,6,69,61,82,13,55,1
16884.png,8.0,10,69,77,106,37,67,1
16885.png,1.0_5.0_2.0_5.0,12,59,49,136,77,37,4
16886.png,1.0_4.0,11,51,55,76,25,44,2
16887.png,1.0_7.0,8,30,34,56,26,26,2
16888.png,4.0,2,31,28,43,12,26,1
16889.png,1.0_6.0_5.0,15,62,56,119,57,41,3
1689.png,1.0_9.0,9,41,30,64,23,21,2
16890.png,4.0_7.0,28,62,72,113,51,44,2
16891.png,2.0_4.0_9.0,0,23,29,55,32,29,3
16892.png,6.0_9.0,18,199,67,263,64,49,2
16893.png,2.0_7.0,1,12,14,25,13,13,2
16894.png,2.0_7.0,11,68,92,116,48,81,2
16895.png,6.0_7.0,2,19,21,33,14,19,2
16896.png,3.0_10.0,15,208,111,297,89,96,2
16897.png,1.0_8.0,16,88,56,107,19,40,2
16898.png,2.0_1.0_8.0,20,50,52,93,43,32,3
16899.png,1.0_10.0,42,134,134,231,97,92,2
169.png,4.0_2.0,3,26,36,61,35,33,2
1690.png,2.0_6.0,6,47,53,92,45,47,2
16900.png,3.0_4.0_2.0_3.0,8,45,41,121,76,33,4
16901.png,6.0_3.0_10.0_6.0,10,35,38,94,59,28,4
16902.png,9.0_9.0,12,49,57,100,51,45,2
16903.png,4.0_9.0_6.0,1,15,18,41,26,17,3
16904.png,9.0,9,56,57,86,30,48,1
16905.png,2.0_8.0,4,44,57,79,35,53,2
16906.png,1.0_9.0,4,27,29,42,15,25,2
16907.png,8.0,10,58,43,76,18,33,1
16908.png,2.0_9.0,6,26,25,38,12,19,2
16909.png,1.0_1.0,4,27,30,42,15,26,2
1691.png,1.0_10.0,8,34,33,53,19,25,2
16910.png,1.0,11,53,59,66,13,48,1
16911.png,8.0,8,46,50,69,23,42,1
16912.png,1.0_5.0,2,21,22,34,13,20,2
16913.png,1.0_9.0,4,16,23,31,15,19,2
16914.png,6.0_2.0,6,31,35,49,18,29,2
16915.png,1.0_1.0,8,41,45,67,26,37,2
16916.png,6.0_3.0_3.0,33,87,66,127,40,33,3
16917.png,8.0_7.0,2,29,39,71,42,37,2
16918.png,2.0_7.0_10.0,6,31,33,61,30,27,3
16919.png,2.0_10.0_5.0,13,58,56,102,44,43,3
1692.png,2.0_1.0,1,11,13,27,16,12,2
16920.png,1.0_2.0_2.0,13,83,69,153,70,56,3
16921.png,7.0_5.0,1,25,32,60,35,31,2
16922.png,8.0,47,147,132,200,53,85,1
16923.png,4.0_9.0,13,37,38,69,32,25,2
16924.png,3.0_3.0,4,30,31,55,25,27,2
16925.png,1.0_6.0_10.0,6,52,71,149,97,65,3
16926.png,2.0_9.0,1,24,28,51,27,27,2
16927.png,1.0_2.0_8.0,12,58,67,129,71,55,3
16928.png,7.0,4,26,30,38,12,26,1
16929.png,2.0_7.0_3.0,23,87,78,157,70,55,3
1693.png,4.0_3.0,7,58,54,100,42,47,2
16930.png,2.0_1.0_1.0,6,23,20,40,17,14,3
16931.png,3.0_3.0,2,13,15,22,9,13,2
16932.png,5.0_10.0,15,114,70,164,50,55,2
16933.png,4.0_3.0_1.0,7,74,104,178,104,97,3
16934.png,1.0_4.0_4.0,1,24,34,60,36,33,3
16935.png,4.0_10.0,9,53,65,120,67,56,2
16936.png,2.0_10.0_9.0,19,1,104,77,76,85,3
16937.png,4.0_10.0_2.0,15,82,88,152,70,73,3
16938.png,2.0_6.0_1.0,7,62,65,134,72,58,3
16939.png,4.0_4.0,4,25,25,41,16,21,2
1694.png,8.0_8.0,11,36,40,70,34,29,2
16940.png,4.0_7.0,21,69,47,102,33,26,2
16941.png,6.0_2.0,4,43,59,79,36,55,2
16942.png,6.0,6,35,38,56,21,32,1
16943.png,1.0_9.0,6,27,29,44,17,23,2
16944.png,1.0_10.0_4.0,1,16,17,41,25,16,3
16945.png,1.0_6.0,6,28,28,53,25,22,2
16946.png,3.0_5.0,12,54,53,88,34,41,2
16947.png,2.0_10.0,3,45,57,84,39,54,2
16948.png,1.0_10.0,6,27,23,43,16,17,2
16949.png,4.0_10.0_8.0,1,16,24,42,26,23,3
1695.png,10.0_8.0,3,36,28,61,25,25,2
16950.png,1.0_1.0,1,24,30,45,21,29,2
16951.png,5.0_3.0,4,30,40,75,45,36,2
16952.png,2.0_4.0,5,35,51,95,60,46,2
16953.png,4.0_4.0,2,45,61,103,58,59,2
16954.png,7.0_10.0,7,29,29,53,24,22,2
16955.png,3.0_7.0,1,25,24,43,18,23,2
16956.png,9.0_9.0,12,47,28,70,23,16,2
16957.png,2.0_2.0_9.0,50,211,87,257,46,37,3
16958.png,1.0_3.0_10.0_1.0,1,14,19,45,31,18,4
16959.png,8.0_1.0,11,42,36,63,21,25,2
1696.png,3.0_10.0,13,66,88,142,76,75,2
16960.png,3.0_7.0,2,21,19,33,12,17,2
16961.png,4.0_7.0_7.0,15,56,42,116,60,27,3
16962.png,1.0_5.0_5.0,4,26,34,59,33,30,3
16963.png,4.0_2.0,8,46,65,110,64,57,2
16964.png,1.0_8.0,5,55,52,75,20,47,2
16965.png,1.0_10.0_9.0,12,38,31,64,26,19,3
16966.png,1.0_7.0_10.0_2.0,17,96,129,220,124,112,4
16967.png,1.0_6.0_7.0,8,40,42,79,39,34,3
16968.png,4.0,4,30,27,42,12,23,1
16969.png,1.0_10.0_10.0,11,64,74,123,59,63,3
1697.png,8.0_7.0,3,43,55,96,53,52,2
16970.png,6.0_2.0,22,79,87,155,76,65,2
16971.png,2.0,5,30,37,51,21,32,1
16972.png,2.0_1.0,12,58,54,96,38,42,2
16973.png,9.0_7.0,6,32,31,67,35,25,2
16974.png,2.0_7.0,9,40,44,76,36,35,2
16975.png,5.0_3.0,6,23,24,41,18,18,2
16976.png,3.0_3.0,10,76,83,137,61,73,2
16977.png,8.0,12,50,65,79,29,53,1
16978.png,1.0_2.0_6.0,26,98,56,137,39,30,3
16979.png,6.0_10.0,11,33,31,58,25,20,2
1698.png,2.0,8,50,44,70,20,36,1
16980.png,5.0_7.0,1,27,34,57,30,33,2
16981.png,1.0_8.0,1,21,30,49,28,29,2
16982.png,2.0_8.0_5.0,5,27,32,62,35,27,3
16983.png,6.0_6.0,6,30,27,51,21,21,2
16984.png,7.0_3.0,3,19,24,38,19,21,2
16985.png,2.0_4.0_6.0,79,11,126,70,59,47,3
16986.png,8.0_6.0,1,26,30,54,28,29,2
16987.png,3.0_10.0_6.0,31,69,60,118,49,29,3
16988.png,5.0_6.0,1,25,33,50,25,32,2
16989.png,5.0_10.0,3,29,37,50,21,34,2
1699.png,3.0_10.0,1,20,22,40,20,21,2
16990.png,3.0_7.0_3.0,2,17,22,42,25,20,3
16991.png,3.0_3.0,9,48,37,79,31,28,2
16992.png,3.0_5.0,1,24,29,47,23,28,2
16993.png,5.0,29,106,91,138,32,62,1
16994.png,1.0_8.0,2,26,28,44,18,26,2
16995.png,3.0_5.0_10.0,31,100,87,178,78,56,3
16996.png,6.0_1.0_9.0,1,17,18,39,22,17,3
16997.png,5.0_10.0_5.0,1,20,25,45,25,24,3
16998.png,4.0_1.0,2,26,31,47,21,29,2
16999.png,6.0_7.0,15,77,83,137,60,68,2
17.png,7.0_9.0,4,23,26,47,24,22,2
170.png,7.0_6.0,4,30,36,57,27,32,2
1700.png,1.0_3.0_9.0,4,28,29,58,30,25,3
17000.png,8.0_10.0_5.0,4,24,28,55,31,24,3
17001.png,7.0,4,20,19,30,10,15,1
17002.png,2.0_4.0_2.0_1.0,3,11,15,37,26,12,4
17003.png,6.0_1.0,7,41,49,72,31,42,2
17004.png,3.0_7.0,4,45,63,91,46,59,2
17005.png,3.0,5,38,48,57,19,43,1
17006.png,3.0_4.0,11,58,63,105,47,52,2
17007.png,1.0_9.0_1.0,11,46,53,107,61,42,3
17008.png,1.0_1.0,11,38,29,54,16,18,2
17009.png,1.0_6.0,3,17,16,35,18,13,2
1701.png,2.0_10.0,13,50,52,100,50,39,2
17010.png,2.0_4.0,12,66,88,127,61,76,2
17011.png,1.0,3,40,30,45,5,27,1
17012.png,1.0_6.0,4,22,21,37,15,17,2
17013.png,2.0_6.0,1,14,15,31,17,14,2
17014.png,5.0_2.0_4.0,10,44,42,82,38,32,3
17015.png,1.0_6.0,1,12,17,26,14,16,2
17016.png,3.0,6,22,21,28,6,15,1
17017.png,3.0_8.0_7.0,0,25,69,95,70,69,3
17018.png,1.0_10.0,17,52,38,69,17,21,2
17019.png,2.0_2.0,12,38,34,56,18,22,2
1702.png,1.0_2.0_7.0,27,56,42,77,21,15,3
17020.png,1.0_3.0_1.0,5,28,23,48,20,18,3
17021.png,9.0_6.0,4,24,31,47,23,27,2
17022.png,8.0,6,36,40,50,14,34,1
17023.png,1.0_5.0,92,214,125,247,33,33,2
17024.png,1.0_2.0,9,50,67,110,60,58,2
17025.png,9.0_5.0_10.0,25,192,78,276,84,53,3
17026.png,4.0_8.0,42,147,97,206,59,55,2
17027.png,1.0_1.0_10.0_8.0,26,99,64,146,47,38,4
17028.png,4.0_7.0,4,28,32,46,18,28,2
17029.png,1.0_3.0_3.0,13,48,37,76,28,24,3
1703.png,6.0_10.0,4,23,30,49,26,26,2
17030.png,7.0_2.0,1,19,25,32,13,24,2
17031.png,2.0,4,36,44,60,24,40,1
17032.png,1.0_10.0_8.0,56,186,137,344,158,81,3
17033.png,4.0_10.0_7.0,23,90,80,188,98,57,3
17034.png,4.0_2.0,6,38,41,75,37,35,2
17035.png,2.0_4.0_7.0,7,70,83,183,113,76,3
17036.png,1.0_5.0_7.0,5,30,33,58,28,28,3
17037.png,8.0,7,36,44,58,22,37,1
17038.png,1.0_3.0_5.0_2.0,34,63,67,102,39,33,4
17039.png,1.0_10.0_3.0,10,62,64,116,54,54,3
1704.png,4.0_8.0,10,55,57,97,42,47,2
17040.png,6.0_10.0_2.0,27,116,76,163,47,49,3
17041.png,2.0_6.0_3.0,3,39,45,98,59,42,3
17042.png,4.0_2.0_6.0,7,65,36,103,38,29,3
17043.png,3.0,24,91,66,115,24,42,1
17044.png,3.0_5.0,11,84,116,187,103,105,2
17045.png,4.0_8.0,13,43,46,81,38,33,2
17046.png,2.0_1.0_8.0,13,45,42,77,32,29,3
17047.png,1.0_8.0,5,31,33,52,21,28,2
17048.png,1.0_8.0_9.0,1,19,19,47,28,18,3
17049.png,2.0_4.0_9.0,20,116,115,230,114,95,3
1705.png,3.0_10.0,7,34,32,62,28,25,2
17050.png,6.0_2.0_8.0,9,53,53,98,45,44,3
17051.png,1.0_2.0_5.0,21,95,72,155,60,51,3
17052.png,1.0_7.0_1.0,13,54,57,107,53,44,3
17053.png,3.0,6,57,74,78,21,68,1
17054.png,5.0_3.0,9,39,35,65,26,26,2
17055.png,2.0,2,23,25,36,13,23,1
17056.png,2.0_10.0,21,110,138,209,99,117,2
17057.png,6.0_3.0,2,18,22,32,14,20,2
17058.png,2.0_8.0,5,26,25,40,14,20,2
17059.png,6.0,9,59,40,76,17,31,1
1706.png,4.0_6.0,6,32,36,69,37,30,2
17060.png,9.0,2,21,28,34,13,26,1
17061.png,1.0_9.0_3.0_9.0,3,31,23,66,35,20,4
17062.png,5.0_7.0,4,29,38,63,34,34,2
17063.png,6.0,6,33,22,46,13,16,1
17064.png,3.0,2,14,17,23,9,15,1
17065.png,3.0,2,27,24,41,14,22,1
17066.png,2.0_10.0_7.0,16,56,31,78,22,15,3
17067.png,8.0_1.0,2,32,36,57,25,34,2
17068.png,2.0_6.0,5,21,27,38,17,22,2
17069.png,1.0_3.0_8.0_10.0,2,16,15,42,26,13,4
1707.png,4.0,11,53,43,71,18,32,1
17070.png,3.0,3,16,14,22,6,11,1
17071.png,2.0_10.0,2,19,22,36,17,20,2
17072.png,2.0_6.0,5,26,27,48,22,22,2
17073.png,8.0_6.0,4,23,28,45,22,24,2
17074.png,1.0_6.0_8.0_2.0,3,14,15,43,29,12,4
17075.png,4.0_7.0,4,31,36,66,35,32,2
17076.png,9.0_2.0,19,63,56,86,23,37,2
17077.png,1.0_9.0_9.0,14,6,53,49,43,39,3
17078.png,5.0,8,52,53,78,26,45,1
17079.png,2.0,2,17,26,32,15,24,1
1708.png,1.0_10.0_7.0,2,24,28,48,24,26,3
17080.png,6.0,6,36,44,51,15,38,1
17081.png,1.0_4.0,1,26,31,49,23,30,2
17082.png,4.0_1.0,6,35,41,63,28,35,2
17083.png,1.0_2.0,5,30,37,55,25,32,2
17084.png,5.0_2.0_8.0,3,59,66,113,54,63,3
17085.png,3.0_2.0,4,21,25,49,28,21,2
17086.png,7.0_4.0_5.0,10,44,48,102,58,38,3
17087.png,1.0_5.0,23,90,72,126,36,49,2
17088.png,2.0_5.0_8.0,23,127,58,180,53,35,3
17089.png,1.0_10.0_8.0,19,57,47,93,36,28,3
1709.png,1.0_3.0_8.0,4,27,34,55,28,30,3
17090.png,1.0_2.0_1.0_3.0,1,22,31,72,50,30,4
17091.png,5.0_5.0_1.0,12,43,36,74,31,24,3
17092.png,4.0_7.0,14,53,53,92,39,39,2
17093.png,1.0_10.0_2.0,15,192,79,261,69,64,3
17094.png,1.0_10.0,6,33,41,58,25,35,2
17095.png,4.0_4.0_7.0,16,63,53,127,64,37,3
17096.png,8.0,12,65,75,108,43,63,1
17097.png,5.0_7.0_5.0,95,118,124,165,47,29,3
17098.png,5.0,9,36,33,51,15,24,1
17099.png,8.0_7.0,2,18,16,29,11,14,2
171.png,4.0_1.0_9.0,13,53,56,120,67,43,3
1710.png,2.0_3.0_10.0,4,23,29,54,31,25,3
17100.png,3.0_8.0_7.0,1,11,37,56,45,36,3
17101.png,1.0_9.0,1,17,22,28,11,21,2
17102.png,1.0_4.0_10.0,18,50,35,81,31,17,3
17103.png,2.0_5.0_8.0,21,71,51,111,40,30,3
17104.png,4.0_1.0,8,36,48,72,36,40,2
17105.png,1.0_2.0_6.0,5,27,35,65,38,30,3
17106.png,6.0,1,24,31,45,21,30,1
17107.png,1.0_3.0,3,31,31,59,28,28,2
17108.png,1.0_5.0,3,35,39,61,26,36,2
17109.png,8.0_2.0,5,50,63,94,44,58,2
1711.png,2.0_8.0_6.0,13,36,39,66,30,26,3
17110.png,1.0_8.0_7.0,2,20,22,43,23,20,3
17111.png,2.0_6.0_1.0,16,68,57,110,42,41,3
17112.png,4.0,22,118,112,172,54,90,1
17113.png,1.0,9,39,38,50,11,29,1
17114.png,6.0,2,23,31,39,16,29,1
17115.png,1.0_1.0,1,15,19,30,15,18,2
17116.png,3.0,28,113,88,145,32,60,1
17117.png,1.0_6.0_1.0,1,17,20,37,20,19,3
17118.png,6.0_3.0,3,24,27,44,20,24,2
17119.png,5.0_9.0,1,24,23,45,21,22,2
1712.png,4.0_5.0,1,18,24,47,29,23,2
17120.png,2.0_7.0_7.0,10,14,46,78,64,36,3
17121.png,2.0_2.0_6.0,19,49,48,90,41,29,3
17122.png,2.0_5.0_5.0,22,99,101,198,99,79,3
17123.png,2.0_1.0_3.0,6,26,24,48,22,18,3
17124.png,1.0_3.0,3,23,23,39,16,20,2
17125.png,1.0,12,54,43,63,9,31,1
17126.png,2.0,8,37,45,53,16,37,1
17127.png,1.0_6.0_5.0,52,233,95,276,43,43,3
17128.png,6.0,2,24,29,38,14,27,1
17129.png,2.0_6.0_5.0,49,131,103,202,71,54,3
1713.png,9.0_1.0,4,25,30,42,17,26,2
17130.png,8.0_6.0,1,17,22,35,18,21,2
17131.png,2.0,12,49,42,71,22,30,1
17132.png,2.0_3.0,5,31,33,60,29,28,2
17133.png,4.0_3.0,6,33,32,53,20,26,2
17134.png,1.0_4.0,4,30,44,70,40,40,2
17135.png,2.0_1.0_1.0,5,28,28,48,20,23,3
17136.png,2.0_1.0,8,33,36,60,27,28,2
17137.png,2.0_1.0_10.0,2,19,24,45,26,22,3
17138.png,6.0_8.0_8.0,11,37,37,74,37,26,3
17139.png,7.0_9.0,3,14,16,28,14,13,2
1714.png,4.0_9.0,1,15,21,38,23,20,2
17140.png,2.0_8.0,4,34,37,69,35,33,2
17141.png,1.0_10.0_2.0,1,20,24,48,28,23,3
17142.png,4.0_1.0,31,135,130,215,80,99,2
17143.png,7.0_4.0,9,52,55,90,38,46,2
17144.png,4.0_10.0,5,34,44,58,24,39,2
17145.png,7.0,11,63,54,84,21,43,1
17146.png,1.0_10.0,2,19,23,35,16,21,2
17147.png,4.0_3.0,5,24,21,39,15,16,2
17148.png,5.0,5,23,28,33,10,23,1
17149.png,2.0_9.0,8,34,32,50,16,24,2
1715.png,1.0_2.0_6.0,8,25,25,49,24,17,3
17150.png,2.0_6.0,18,64,59,119,55,41,2
17151.png,7.0_8.0,22,96,90,183,87,68,2
17152.png,2.0_10.0,9,10,38,42,32,29,2
17153.png,7.0_1.0,7,51,62,94,43,55,2
17154.png,9.0_6.0_8.0,13,51,45,108,57,32,3
17155.png,1.0_2.0,7,40,45,69,29,38,2
17156.png,1.0_1.0,6,35,42,58,23,36,2
17157.png,1.0_5.0,10,51,61,88,37,51,2
17158.png,4.0_10.0,6,67,82,161,94,76,2
17159.png,2.0_8.0,30,100,99,170,70,69,2
1716.png,3.0_10.0,22,60,59,95,35,37,2
17160.png,1.0_2.0_3.0,14,59,61,104,45,47,3
17161.png,8.0_9.0_10.0,217,130,251,173,43,34,3
17162.png,3.0_2.0,5,25,22,46,21,17,2
17163.png,7.0_6.0,6,44,45,76,32,39,2
17164.png,4.0_8.0,3,37,42,77,40,39,2
17165.png,1.0_3.0,5,29,33,45,16,28,2
17166.png,5.0,7,42,49,63,21,42,1
17167.png,2.0_2.0,1,39,50,86,47,49,2
17168.png,2.0_2.0_5.0,12,62,48,115,53,36,3
17169.png,2.0_1.0,5,18,17,31,13,12,2
1717.png,4.0_1.0_9.0,18,84,57,130,46,39,3
17170.png,7.0,5,21,24,33,12,19,1
17171.png,4.0,28,140,198,252,112,170,1
17172.png,3.0_10.0,3,20,21,37,17,18,2
17173.png,5.0_4.0,3,23,27,57,34,24,2
17174.png,1.0_5.0,16,57,59,93,36,43,2
17175.png,2.0_10.0,8,45,38,85,40,30,2
17176.png,1.0_6.0,4,47,61,98,51,57,2
17177.png,1.0_2.0_3.0_5.0,5,33,47,105,72,42,4
17178.png,7.0_3.0,3,18,23,37,19,20,2
17179.png,7.0_6.0,16,121,62,153,32,46,2
1718.png,5.0,13,39,49,57,18,36,1
17180.png,3.0,3,29,36,45,16,33,1
17181.png,4.0,6,30,37,49,19,31,1
17182.png,1.0_9.0,17,117,163,274,157,146,2
17183.png,2.0,8,50,58,72,22,50,1
17184.png,1.0_6.0_2.0,2,31,37,76,45,35,3
17185.png,3.0_2.0_1.0,9,31,37,60,29,28,3
17186.png,3.0_2.0_8.0,93,137,134,210,73,41,3
17187.png,1.0_3.0,1,15,17,28,13,16,2
17188.png,7.0,1,22,35,69,47,34,1
17189.png,2.0_10.0_2.0,2,22,27,57,35,25,3
1719.png,7.0_9.0,19,86,88,145,59,69,2
17190.png,5.0_1.0,6,48,59,79,31,53,2
17191.png,6.0_4.0,16,95,112,192,97,96,2
17192.png,8.0_8.0,5,44,55,90,46,50,2
17193.png,2.0_10.0,3,34,55,91,57,52,2
17194.png,2.0_10.0_1.0_10.0,22,116,104,258,142,82,4
17195.png,1.0_7.0,8,25,24,42,17,16,2
17196.png,3.0_7.0,7,36,40,64,28,33,2
17197.png,1.0_9.0_8.0,1,16,13,34,18,12,3
17198.png,6.0_8.0,19,64,63,103,39,44,2
17199.png,1.0_1.0_6.0,7,46,54,97,51,47,3
172.png,2.0_1.0,6,31,32,49,18,26,2
1720.png,9.0_3.0,9,42,32,68,26,23,2
17200.png,4.0_5.0,1,21,20,37,16,19,2
17201.png,1.0_9.0_2.0_3.0,1,12,16,47,35,15,4
17202.png,1.0_1.0,6,23,27,48,25,21,2
17203.png,7.0_9.0,20,63,45,93,30,25,2
17204.png,4.0,3,34,25,47,13,22,1
17205.png,6.0,1,30,39,48,18,38,1
17206.png,2.0,5,27,29,46,19,24,1
17207.png,3.0_7.0,1,25,26,41,16,25,2
17208.png,5.0_10.0_9.0,1,47,76,135,88,75,3
17209.png,5.0_8.0,7,22,23,32,10,16,2
1721.png,2.0_6.0_6.0,1,33,42,92,59,41,3
17210.png,6.0,9,52,59,86,34,50,1
17211.png,1.0_3.0,12,37,31,56,19,19,2
17212.png,4.0_9.0,3,28,29,45,17,26,2
17213.png,7.0_6.0,14,81,79,128,47,65,2
17214.png,1.0_9.0,5,33,33,53,20,28,2
17215.png,2.0_7.0,1,18,14,29,11,13,2
17216.png,7.0,5,31,31,46,15,26,1
17217.png,6.0,21,110,104,143,33,83,1
17218.png,1.0_10.0_10.0,2,30,40,68,38,38,3
17219.png,3.0_2.0,4,19,23,44,25,19,2
1722.png,7.0_8.0,21,78,90,153,75,69,2
17220.png,3.0_2.0,2,21,28,37,16,26,2
17221.png,2.0_9.0_6.0,0,18,25,38,20,25,3
17222.png,1.0_10.0_4.0,2,32,41,74,42,39,3
17223.png,3.0_8.0,1,25,27,48,23,26,2
17224.png,2.0_5.0_9.0,3,29,31,63,34,28,3
17225.png,3.0_3.0,4,31,37,57,26,33,2
17226.png,2.0_4.0_6.0,4,22,29,46,24,25,3
17227.png,1.0_10.0_8.0,1,16,21,33,17,20,3
17228.png,3.0_9.0,15,106,109,185,79,94,2
17229.png,1.0_6.0_4.0,29,68,56,93,25,27,3
1723.png,1.0_1.0,1,17,24,38,21,23,2
17230.png,6.0,3,32,37,46,14,34,1
17231.png,1.0_1.0,5,22,23,35,13,18,2
17232.png,6.0_5.0,15,63,45,96,33,30,2
17233.png,1.0_3.0_1.0,15,60,66,113,53,51,3
17234.png,6.0,11,46,54,65,19,43,1
17235.png,5.0_6.0,14,50,46,72,22,32,2
17236.png,1.0_3.0,6,24,30,45,21,24,2
17237.png,2.0_4.0,8,44,43,76,32,35,2
17238.png,1.0_10.0,2,13,20,25,12,18,2
17239.png,2.0_6.0_1.0_9.0,1,25,26,69,44,25,4
1724.png,4.0_5.0_4.0,58,112,99,180,68,41,3
17240.png,1.0_4.0_10.0_7.0,13,52,45,101,49,32,4
17241.png,2.0_2.0_5.0_7.0,2,12,16,47,35,14,4
17242.png,1.0_1.0_10.0,1,14,13,28,14,12,3
17243.png,5.0_4.0,9,50,53,86,36,44,2
17244.png,1.0_6.0,1,19,22,40,21,21,2
17245.png,3.0_1.0_1.0,14,54,60,84,30,46,3
17246.png,6.0_8.0_8.0,15,54,42,100,46,27,3
17247.png,1.0_5.0_8.0,4,34,37,67,33,33,3
17248.png,3.0,10,64,89,121,57,79,1
17249.png,1.0_10.0_5.0,9,55,58,142,87,49,3
1725.png,3.0_5.0,3,26,27,48,22,24,2
17250.png,2.0_10.0_6.0,7,39,43,96,57,36,3
17251.png,1.0_1.0_9.0_9.0,11,73,70,168,95,59,4
17252.png,3.0_8.0,4,28,33,58,30,29,2
17253.png,6.0_3.0,8,26,27,40,14,19,2
17254.png,1.0_5.0,6,23,26,41,18,20,2
17255.png,5.0_10.0,6,30,30,62,32,24,2
17256.png,2.0_8.0_5.0,2,22,24,47,25,22,3
17257.png,7.0_10.0,7,32,33,46,14,26,2
17258.png,3.0_2.0,2,22,22,42,20,20,2
17259.png,8.0_3.0,13,54,55,105,51,42,2
1726.png,3.0_1.0_6.0,47,77,92,139,62,45,3
17260.png,2.0,4,25,27,37,12,23,1
17261.png,3.0_5.0,2,22,31,52,30,29,2
17262.png,2.0_10.0_3.0,3,14,21,44,30,18,3
17263.png,4.0_5.0,2,19,22,45,26,20,2
17264.png,4.0_7.0,9,33,44,69,36,35,2
17265.png,6.0,8,35,32,48,13,24,1
17266.png,7.0,4,28,14,40,12,10,1
17267.png,1.0_9.0,17,57,68,106,49,51,2
17268.png,1.0_10.0_2.0,11,38,38,62,24,27,3
17269.png,8.0,2,27,29,41,14,27,1
1727.png,3.0_2.0,5,29,29,46,17,24,2
17270.png,1.0_2.0,5,27,30,57,30,25,2
17271.png,2.0_7.0_2.0,3,21,23,40,19,20,3
17272.png,1.0_2.0,12,49,54,85,36,42,2
17273.png,3.0_3.0,4,55,71,123,68,67,2
17274.png,1.0_2.0,5,23,22,45,22,17,2
17275.png,2.0_3.0_1.0,28,102,61,150,48,33,3
17276.png,4.0_4.0,6,26,29,40,14,23,2
17277.png,1.0_4.0_5.0,23,80,45,111,31,22,3
17278.png,5.0_9.0,16,85,86,157,72,70,2
17279.png,5.0_10.0_3.0_9.0,30,118,73,195,77,43,4
1728.png,3.0_10.0,14,103,121,190,87,107,2
17280.png,1.0_1.0_6.0,6,22,21,38,16,15,3
17281.png,2.0_4.0_2.0_6.0,2,27,40,88,61,38,4
17282.png,6.0_7.0,1,21,31,57,36,30,2
17283.png,5.0_6.0,5,26,34,56,30,29,2
17284.png,5.0_4.0_4.0,1,16,18,42,26,17,3
17285.png,1.0_10.0,7,51,59,95,44,52,2
17286.png,5.0,3,24,26,39,15,23,1
17287.png,3.0_4.0_10.0,24,87,93,190,103,69,3
17288.png,1.0_5.0_1.0,91,217,118,249,32,27,3
17289.png,1.0_3.0_10.0,13,45,50,88,43,37,3
1729.png,1.0,8,39,43,48,9,35,1
17290.png,8.0,2,17,15,26,9,13,1
17291.png,9.0_6.0,10,46,58,78,32,48,2
17292.png,4.0_6.0,9,70,79,140,70,70,2
17293.png,9.0_4.0,3,9,24,28,19,21,2
17294.png,2.0_5.0_6.0_6.0,4,28,34,79,51,30,4
17295.png,7.0_9.0,2,19,24,34,15,22,2
17296.png,1.0_10.0,9,50,63,86,36,54,2
17297.png,1.0_7.0,4,32,39,57,25,35,2
17298.png,1.0_10.0,9,97,134,240,143,125,2
17299.png,3.0_10.0_3.0,22,66,39,98,32,17,3
173.png,1.0_1.0,4,17,21,30,13,17,2
1730.png,2.0_9.0,12,50,49,75,25,37,2
17300.png,2.0_2.0_4.0_6.0,1,16,16,45,29,15,4
17301.png,1.0_3.0,6,40,51,83,43,45,2
17302.png,1.0_3.0,6,46,54,69,23,48,2
17303.png,2.0_3.0_7.0_4.0,22,66,57,128,62,35,4
17304.png,2.0_5.0_10.0_6.0,3,20,23,55,35,20,4
17305.png,3.0_6.0,5,26,37,54,28,32,2
17306.png,1.0_1.0,5,27,28,41,14,23,2
17307.png,5.0_7.0,6,14,37,63,49,31,2
17308.png,8.0_6.0,7,40,43,76,36,36,2
17309.png,4.0_1.0,5,45,45,70,25,40,2
1731.png,1.0_8.0,2,32,39,65,33,37,2
17310.png,4.0_5.0,16,44,42,58,14,26,2
17311.png,2.0_6.0,14,72,88,143,71,74,2
17312.png,5.0_4.0,5,26,27,41,15,22,2
17313.png,3.0,3,21,21,29,8,18,1
17314.png,1.0_6.0_3.0,3,32,41,89,57,38,3
17315.png,3.0,3,34,39,54,20,36,1
17316.png,4.0_2.0,5,34,42,74,40,37,2
17317.png,1.0_9.0_7.0,2,25,26,55,30,24,3
17318.png,2.0_1.0,4,32,29,47,15,25,2
17319.png,3.0,1,16,14,21,5,13,1
1732.png,3.0_8.0,9,69,87,109,40,78,2
17320.png,4.0_10.0_9.0,36,115,104,189,74,68,3
17321.png,4.0,1,15,16,21,6,15,1
17322.png,1.0_7.0_4.0,9,33,28,62,29,19,3
17323.png,1.0_1.0_5.0,9,49,51,103,54,42,3
17324.png,9.0_4.0,4,20,28,45,25,24,2
17325.png,1.0_10.0_3.0,15,63,74,128,65,59,3
17326.png,2.0_10.0,14,49,43,75,26,29,2
17327.png,4.0_8.0,11,58,59,97,39,48,2
17328.png,1.0_5.0_9.0,146,152,194,205,53,48,3
17329.png,1.0_6.0,4,26,32,47,21,28,2
1733.png,1.0_1.0_6.0_8.0,121,142,174,194,52,53,4
17330.png,8.0,4,23,27,34,11,23,1
17331.png,6.0,7,35,29,53,18,22,1
17332.png,1.0_3.0_5.0,13,74,72,134,60,59,3
17333.png,3.0_7.0,2,25,23,38,13,21,2
17334.png,1.0_10.0,5,27,29,45,18,24,2
17335.png,2.0_7.0,4,28,34,58,30,30,2
17336.png,7.0_5.0,5,22,18,35,13,13,2
17337.png,1.0_9.0,1,13,13,25,12,12,2
17338.png,3.0_1.0,11,61,68,102,41,57,2
17339.png,1.0_1.0_2.0,4,42,64,122,80,60,3
1734.png,3.0_3.0,22,96,56,124,28,34,2
17340.png,4.0_3.0,18,50,42,77,27,24,2
17341.png,3.0_7.0,1,12,12,27,15,11,2
17342.png,9.0_8.0_8.0,9,40,37,80,40,28,3
17343.png,7.0_6.0,2,18,18,32,14,16,2
17344.png,9.0_4.0,3,20,24,40,20,21,2
17345.png,6.0_3.0,1,21,27,53,32,26,2
17346.png,2.0_2.0_3.0,1,20,25,53,33,24,3
17347.png,1.0_6.0_8.0,6,7,31,46,39,25,3
17348.png,1.0_5.0_1.0,5,26,30,47,21,25,3
17349.png,1.0_6.0_7.0,13,66,64,136,70,51,3
1735.png,4.0_9.0,19,73,75,144,71,56,2
17350.png,6.0_8.0,1,15,18,30,15,17,2
17351.png,5.0,11,45,51,69,24,40,1
17352.png,1.0_1.0,8,24,22,36,12,14,2
17353.png,5.0_4.0_7.0,13,49,46,109,60,33,3
17354.png,1.0_6.0_6.0,4,27,26,70,43,22,3
17355.png,1.0_5.0,6,22,30,45,23,24,2
17356.png,1.0_10.0,1,22,27,57,35,26,2
17357.png,1.0_7.0,8,47,44,72,25,36,2
17358.png,4.0,9,48,59,84,36,50,1
17359.png,2.0_5.0_3.0,3,36,46,90,54,43,3
1736.png,1.0_6.0,7,30,36,55,25,29,2
17360.png,4.0_1.0,1,21,23,38,17,22,2
17361.png,2.0_6.0_1.0,1,27,35,62,35,34,3
17362.png,1.0_4.0,1,24,31,57,33,30,2
17363.png,7.0_2.0,2,17,26,43,26,24,2
17364.png,9.0_1.0,27,115,100,164,49,73,2
17365.png,2.0_3.0,29,80,48,107,27,19,2
17366.png,4.0_1.0,9,38,38,55,17,29,2
17367.png,6.0_2.0,1,18,21,35,17,20,2
17368.png,1.0_6.0_2.0,1,15,15,35,20,14,3
17369.png,2.0_10.0_6.0,86,136,121,166,30,35,3
1737.png,2.0_2.0_2.0_7.0,3,17,15,48,31,12,4
17370.png,4.0_8.0,7,41,53,102,61,46,2
17371.png,1.0_3.0,23,147,189,271,124,166,2
17372.png,1.0_8.0_2.0,12,46,34,80,34,22,3
17373.png,4.0_7.0_7.0,4,26,28,50,24,24,3
17374.png,4.0_3.0,2,22,23,49,27,21,2
17375.png,7.0_10.0_6.0,20,70,67,128,58,47,3
17376.png,3.0_4.0,1,27,18,42,15,17,2
17377.png,4.0_2.0,4,20,29,45,25,25,2
17378.png,6.0_5.0,1,21,22,43,22,21,2
17379.png,2.0_6.0_7.0,20,81,76,158,77,56,3
1738.png,3.0_1.0,1,26,28,51,25,27,2
17380.png,2.0_9.0,7,36,45,65,29,38,2
17381.png,3.0_6.0,1,19,25,43,24,24,2
17382.png,5.0_10.0,27,125,119,234,109,92,2
17383.png,3.0_7.0_1.0,7,57,69,166,109,62,3
17384.png,7.0_6.0,2,48,64,113,65,62,2
17385.png,8.0,5,31,39,55,24,34,1
17386.png,5.0,10,40,44,61,21,34,1
17387.png,2.0_1.0,3,26,30,49,23,27,2
17388.png,9.0_4.0,11,47,44,84,37,33,2
17389.png,3.0_5.0,21,96,99,165,69,78,2
1739.png,1.0_8.0,27,125,80,170,45,53,2
17390.png,1.0_7.0_5.0,16,60,63,129,69,47,3
17391.png,3.0_10.0,14,59,56,93,34,42,2
17392.png,6.0,11,48,50,75,27,39,1
17393.png,2.0_1.0_7.0,2,56,72,106,50,70,3
17394.png,1.0_3.0_8.0,2,19,24,44,25,22,3
17395.png,1.0_2.0_5.0,22,92,53,131,39,31,3
17396.png,4.0_3.0,1,18,22,39,21,21,2
17397.png,9.0_3.0,3,19,23,43,24,20,2
17398.png,5.0_2.0,8,41,54,95,54,46,2
17399.png,1.0_4.0,14,83,102,150,67,88,2
174.png,5.0_9.0,4,31,31,58,27,27,2
1740.png,1.0_4.0,2,9,24,32,23,22,2
17400.png,4.0_8.0,4,21,23,36,15,19,2
17401.png,2.0,13,43,37,53,10,24,1
17402.png,1.0_4.0,8,39,38,64,25,30,2
17403.png,1.0_4.0,11,55,59,101,46,48,2
17404.png,4.0_7.0,1,24,32,50,26,31,2
17405.png,7.0_4.0_8.0,29,89,85,162,73,56,3
17406.png,9.0_2.0,4,34,35,71,37,31,2
17407.png,8.0_10.0,14,63,72,117,54,58,2
17408.png,1.0_8.0,2,20,22,33,13,20,2
17409.png,2.0,13,85,61,113,28,48,1
1741.png,9.0_7.0,35,109,76,149,40,41,2
17410.png,3.0_4.0,1,17,23,41,24,22,2
17411.png,1.0_7.0_2.0,9,39,33,67,28,24,3
17412.png,4.0_1.0,1,13,15,26,13,14,2
17413.png,1.0_1.0_9.0,26,99,101,195,96,75,3
17414.png,1.0_9.0,5,29,33,59,30,28,2
17415.png,1.0_10.0,8,47,63,97,50,55,2
17416.png,4.0_1.0,8,55,65,88,33,57,2
17417.png,2.0_6.0,24,53,61,83,30,37,2
17418.png,1.0_2.0_9.0,6,76,73,167,91,67,3
17419.png,3.0_1.0,11,70,69,119,49,58,2
1742.png,2.0,22,101,94,140,39,72,1
17420.png,3.0_9.0_1.0,21,176,63,227,51,42,3
17421.png,2.0_4.0_10.0,62,111,103,175,64,41,3
17422.png,4.0_6.0,11,38,40,72,34,29,2
17423.png,8.0,12,61,62,90,29,50,1
17424.png,8.0_3.0,6,38,32,54,16,26,2
17425.png,4.0_1.0,9,70,73,116,46,64,2
17426.png,2.0_4.0,1,24,35,59,35,34,2
17427.png,8.0_7.0_3.0,14,72,56,128,56,42,3
17428.png,3.0_3.0_2.0,11,74,52,119,45,41,3
17429.png,1.0_7.0,1,14,19,37,23,18,2
1743.png,1.0_3.0_1.0,1,20,24,46,26,23,3
17430.png,8.0,5,43,43,66,23,38,1
17431.png,2.0,12,49,60,74,25,48,1
17432.png,3.0_7.0_8.0,17,67,40,99,32,23,3
17433.png,1.0_8.0,2,19,23,33,14,21,2
17434.png,9.0_6.0,4,21,24,43,22,20,2
17435.png,2.0,9,78,97,127,49,88,1
17436.png,1.0_2.0_8.0,4,38,46,83,45,42,3
17437.png,2.0,8,24,19,32,8,11,1
17438.png,1.0_9.0,6,115,151,261,146,145,2
17439.png,4.0_4.0_9.0,2,20,19,40,20,17,3
1744.png,2.0_8.0_1.0,12,57,72,171,114,60,3
17440.png,7.0_10.0,8,45,43,67,22,35,2
17441.png,5.0_4.0,1,16,25,40,24,24,2
17442.png,2.0_5.0,6,41,39,71,30,33,2
17443.png,3.0_7.0,3,21,21,33,12,18,2
17444.png,2.0_8.0,2,78,107,199,121,105,2
17445.png,1.0_6.0,7,31,25,58,27,18,2
17446.png,1.0_9.0,2,15,18,31,16,16,2
17447.png,5.0_8.0,24,78,55,107,29,31,2
17448.png,2.0_3.0,3,22,20,34,12,17,2
17449.png,2.0_5.0,3,31,42,53,22,39,2
1745.png,6.0,7,28,31,43,15,24,1
17450.png,1.0_10.0,14,72,79,124,52,65,2
17451.png,6.0_10.0,8,47,52,93,46,44,2
17452.png,1.0_6.0,7,26,27,43,17,20,2
17453.png,7.0,3,48,59,86,38,56,1
17454.png,1.0_6.0_7.0,2,17,21,34,17,19,3
17455.png,3.0_9.0,4,30,35,55,25,31,2
17456.png,3.0_9.0_6.0,11,42,51,90,48,40,3
17457.png,5.0_6.0,0,41,67,117,76,67,2
17458.png,6.0_5.0,1,19,22,40,21,21,2
17459.png,3.0_8.0,6,45,49,97,52,43,2
1746.png,5.0_6.0,1,30,38,57,27,37,2
17460.png,5.0,1,18,24,32,14,23,1
17461.png,3.0_9.0,3,15,27,43,28,24,2
17462.png,4.0,4,60,65,99,39,61,1
17463.png,2.0_1.0,1,25,28,40,15,27,2
17464.png,2.0_10.0,15,42,45,64,22,30,2
17465.png,5.0,10,44,34,56,12,24,1
17466.png,5.0_9.0,12,58,63,112,54,51,2
17467.png,6.0_5.0,14,55,47,67,12,33,2
17468.png,1.0_6.0_7.0_1.0,1,16,18,42,26,17,4
17469.png,7.0,2,23,28,35,12,26,1
1747.png,8.0_6.0,13,42,37,73,31,24,2
17470.png,3.0,5,62,84,128,66,79,1
17471.png,1.0_9.0_1.0,3,31,26,53,22,23,3
17472.png,6.0_5.0,6,46,61,101,55,55,2
17473.png,3.0_6.0,14,55,57,86,31,43,2
17474.png,7.0_3.0,4,26,31,51,25,27,2
17475.png,6.0_8.0,2,24,22,44,20,20,2
17476.png,1.0_8.0,8,30,26,40,10,18,2
17477.png,1.0_1.0,8,35,44,68,33,36,2
17478.png,4.0_7.0,6,34,38,65,31,32,2
17479.png,2.0_3.0,8,50,60,95,45,52,2
1748.png,4.0,10,92,120,160,68,110,1
17480.png,3.0,7,38,50,56,18,43,1
17481.png,1.0_6.0,12,56,65,93,37,53,2
17482.png,3.0_7.0,1,16,20,34,18,19,2
17483.png,4.0_4.0_3.0,45,103,98,155,52,53,3
17484.png,3.0,3,38,32,54,16,29,1
17485.png,2.0_7.0,6,40,36,63,23,30,2
17486.png,2.0_5.0_2.0,2,23,31,66,43,29,3
17487.png,4.0_10.0,20,93,91,171,78,71,2
17488.png,2.0_5.0,14,178,71,224,46,57,2
17489.png,5.0_5.0,10,58,61,118,60,51,2
1749.png,2.0_10.0,6,46,63,125,79,57,2
17490.png,2.0_2.0_4.0,15,66,65,119,53,50,3
17491.png,2.0_7.0_9.0,7,29,24,53,24,17,3
17492.png,2.0_2.0,1,13,17,26,13,16,2
17493.png,1.0_8.0_8.0,1,59,51,95,36,50,3
17494.png,2.0_5.0_2.0,1,13,15,35,22,14,3
17495.png,1.0_4.0,12,59,58,96,37,46,2
17496.png,3.0_10.0,11,40,44,84,44,33,2
17497.png,1.0_5.0_7.0,2,17,18,35,18,16,3
17498.png,2.0_1.0_3.0_4.0,3,24,29,77,53,26,4
17499.png,2.0_2.0,12,48,50,75,27,38,2
175.png,5.0_6.0_8.0,8,28,36,67,39,28,3
1750.png,4.0_1.0_4.0,4,40,66,92,52,62,3
17500.png,6.0,10,44,47,73,29,37,1
17501.png,4.0_6.0_8.0,2,19,23,60,41,21,3
17502.png,2.0_9.0_2.0,4,22,26,57,35,22,3
17503.png,1.0_10.0_3.0,1,28,36,62,34,35,3
17504.png,4.0_3.0,3,15,20,30,15,17,2
17505.png,3.0_6.0,8,44,42,77,33,34,2
17506.png,2.0,4,30,37,49,19,33,1
17507.png,4.0,27,120,132,181,61,105,1
17508.png,1.0_4.0,4,26,25,50,24,21,2
17509.png,2.0_9.0_1.0,4,19,22,35,16,18,3
1751.png,3.0_5.0,8,32,44,65,33,36,2
17510.png,6.0,9,46,46,61,15,37,1
17511.png,1.0_3.0,3,23,26,38,15,23,2
17512.png,1.0_1.0,2,40,52,78,38,50,2
17513.png,1.0_2.0,6,9,63,58,49,57,2
17514.png,6.0_2.0,38,168,77,203,35,39,2
17515.png,3.0_7.0,27,93,84,131,38,57,2
17516.png,1.0_5.0,14,44,38,63,19,24,2
17517.png,9.0_9.0_5.0,4,32,30,73,41,26,3
17518.png,8.0_4.0,15,74,49,101,27,34,2
17519.png,1.0_9.0_4.0,18,98,78,154,56,60,3
1752.png,2.0_4.0,3,28,35,54,26,32,2
17520.png,4.0_7.0,17,75,79,144,69,62,2
17521.png,1.0_4.0,1,27,36,59,32,35,2
17522.png,8.0_10.0_10.0,41,152,93,254,102,52,3
17523.png,2.0_4.0_2.0_10.0,11,59,68,113,54,57,4
17524.png,5.0,2,22,26,34,12,24,1
17525.png,3.0_2.0_2.0,7,19,41,55,36,34,3
17526.png,1.0,1,11,13,16,5,12,1
17527.png,3.0_3.0,50,183,163,287,104,113,2
17528.png,2.0_6.0,1,15,50,75,60,49,2
17529.png,4.0,7,44,49,75,31,42,1
1753.png,6.0_4.0,5,24,26,41,17,21,2
17530.png,1.0_3.0_2.0,2,42,50,62,20,48,3
17531.png,4.0_1.0,4,35,37,66,31,33,2
17532.png,1.0,3,19,18,25,6,15,1
17533.png,3.0,12,41,32,52,11,20,1
17534.png,1.0_10.0,16,71,84,129,58,68,2
17535.png,3.0_1.0,1,27,39,64,37,38,2
17536.png,2.0_7.0_3.0,33,165,123,258,93,90,3
17537.png,1.0_3.0_9.0,32,90,67,124,34,35,3
17538.png,2.0_2.0_2.0,42,105,69,135,30,27,3
17539.png,1.0_1.0_3.0_2.0,25,166,77,222,56,52,4
1754.png,2.0_2.0,12,60,83,126,66,71,2
17540.png,4.0_10.0,11,43,30,61,18,19,2
17541.png,5.0_1.0_2.0,35,66,69,102,36,34,3
17542.png,4.0_4.0,8,40,42,72,32,34,2
17543.png,1.0_8.0,4,29,36,57,28,32,2
17544.png,4.0,27,76,68,95,19,41,1
17545.png,5.0_3.0,3,23,25,52,29,22,2
17546.png,4.0_3.0,16,66,72,91,25,56,2
17547.png,4.0,7,38,42,63,25,35,1
17548.png,1.0_10.0_3.0,2,19,19,39,20,17,3
17549.png,1.0_4.0_10.0_7.0,3,22,27,68,46,24,4
1755.png,8.0_9.0,7,25,30,40,15,23,2
17550.png,6.0,5,43,47,72,29,42,1
17551.png,9.0,8,42,26,50,8,18,1
17552.png,5.0_3.0,8,53,62,123,70,54,2
17553.png,3.0_6.0_5.0,11,73,76,161,88,65,3
17554.png,7.0_4.0_1.0,12,65,64,123,58,52,3
17555.png,2.0_8.0,3,25,37,68,43,34,2
17556.png,1.0_1.0_5.0,2,18,31,44,26,29,3
17557.png,1.0,47,151,107,167,16,60,1
17558.png,2.0_2.0,14,46,43,74,28,29,2
17559.png,8.0_2.0,1,19,20,32,13,19,2
1756.png,4.0,4,29,29,42,13,25,1
17560.png,2.0_6.0,4,15,22,34,19,18,2
17561.png,1.0_2.0_2.0,36,136,130,237,101,94,3
17562.png,5.0_4.0,12,37,39,53,16,27,2
17563.png,6.0,7,26,28,38,12,21,1
17564.png,2.0_2.0_6.0,13,50,46,95,45,33,3
17565.png,3.0_6.0_5.0,11,39,27,65,26,16,3
17566.png,5.0_7.0,4,25,30,52,27,26,2
17567.png,1.0_4.0_3.0,5,27,28,56,29,23,3
17568.png,2.0_8.0,5,41,44,70,29,39,2
17569.png,5.0_7.0,1,27,34,52,25,33,2
1757.png,2.0_5.0_7.0,5,20,20,44,24,15,3
17570.png,5.0_6.0,22,94,77,150,56,55,2
17571.png,3.0_10.0,6,29,37,62,33,31,2
17572.png,3.0_10.0,1,22,26,43,21,25,2
17573.png,8.0_7.0,9,53,42,84,31,33,2
17574.png,7.0,17,53,49,70,17,32,1
17575.png,6.0_2.0_6.0,8,41,35,90,49,27,3
17576.png,1.0_6.0,1,35,50,73,38,49,2
17577.png,2.0_4.0_3.0,19,116,131,249,133,112,3
17578.png,3.0_5.0,2,21,27,54,33,25,2
17579.png,1.0_2.0_10.0,22,93,88,183,90,66,3
1758.png,2.0_5.0,10,61,82,127,66,72,2
17580.png,1.0,8,34,42,49,15,34,1
17581.png,2.0_1.0,3,28,30,58,30,27,2
17582.png,3.0_10.0,5,14,18,28,14,13,2
17583.png,5.0_1.0,1,16,19,29,13,18,2
17584.png,4.0_5.0,10,32,33,43,11,23,2
17585.png,8.0_10.0,37,159,148,248,89,111,2
17586.png,3.0_3.0_1.0,9,42,40,69,27,31,3
17587.png,4.0_5.0,17,52,51,96,44,34,2
17588.png,2.0_9.0_1.0,4,26,30,55,29,26,3
17589.png,1.0_6.0,6,42,37,70,28,31,2
1759.png,1.0_4.0,2,31,34,59,28,32,2
17590.png,3.0_8.0_9.0,38,202,75,251,49,37,3
17591.png,3.0_7.0,5,41,47,82,41,42,2
17592.png,4.0,1,10,13,17,7,12,1
17593.png,2.0,9,0,83,44,44,74,1
17594.png,3.0_8.0,1,13,14,28,15,13,2
17595.png,1.0_5.0_5.0_4.0,1,16,18,47,31,17,4
17596.png,1.0_9.0_8.0,2,19,21,40,21,19,3
17597.png,2.0_7.0_8.0_6.0,1,26,23,54,28,22,4
17598.png,1.0_2.0_4.0,11,50,57,98,48,46,3
17599.png,4.0_10.0,1,22,20,45,23,19,2
176.png,5.0,15,82,65,115,33,50,1
1760.png,9.0_9.0,7,45,51,105,60,44,2
17600.png,7.0,6,15,22,24,9,16,1
17601.png,2.0_8.0,10,49,63,117,68,53,2
17602.png,5.0_8.0,11,76,75,135,59,64,2
17603.png,6.0_4.0_8.0,91,126,137,180,54,46,3
17604.png,2.0_8.0_1.0,9,60,60,136,76,51,3
17605.png,1.0_6.0_3.0,4,22,29,44,22,25,3
17606.png,1.0_4.0_8.0,4,31,30,58,27,26,3
17607.png,2.0_2.0,10,34,43,62,28,33,2
17608.png,3.0_10.0_3.0,27,151,72,198,47,45,3
17609.png,7.0_5.0,2,15,15,32,17,13,2
1761.png,2.0_7.0,6,31,39,52,21,33,2
17610.png,6.0,6,42,46,63,21,40,1
17611.png,5.0,3,32,36,44,12,33,1
17612.png,1.0_8.0,3,27,35,49,22,32,2
17613.png,1.0_2.0_3.0,3,20,17,32,12,14,3
17614.png,3.0_1.0_2.0,4,44,51,93,49,47,3
17615.png,1.0_1.0_8.0,1,19,19,36,17,18,3
17616.png,1.0_9.0,13,51,47,82,31,34,2
17617.png,1.0_8.0_1.0,7,49,66,138,89,59,3
17618.png,3.0_7.0_2.0,6,22,61,91,69,55,3
17619.png,2.0_4.0_7.0,8,48,48,110,62,40,3
1762.png,6.0_3.0,4,24,27,42,18,23,2
17620.png,1.0_4.0_6.0,13,79,104,180,101,91,3
17621.png,2.0_10.0_6.0,14,66,80,144,78,66,3
17622.png,2.0_7.0_10.0,4,16,21,41,25,17,3
17623.png,7.0_10.0_5.0,17,75,89,169,94,72,3
17624.png,4.0_1.0,9,33,29,56,23,20,2
17625.png,2.0_3.0,81,156,118,188,32,37,2
17626.png,6.0_10.0,4,25,25,43,18,21,2
17627.png,1.0_5.0_5.0,36,108,87,188,80,51,3
17628.png,2.0_8.0,4,17,15,29,12,11,2
17629.png,1.0,21,69,45,83,14,24,1
1763.png,1.0_7.0,2,24,28,41,17,26,2
17630.png,1.0_3.0_8.0,22,87,76,173,86,54,3
17631.png,4.0_1.0,13,58,59,100,42,46,2
17632.png,1.0_7.0_4.0,1,13,12,29,16,11,3
17633.png,5.0_1.0,9,47,49,80,33,40,2
17634.png,8.0,4,31,26,43,12,22,1
17635.png,4.0_8.0,2,24,29,52,28,27,2
17636.png,1.0,17,50,46,64,14,29,1
17637.png,1.0,2,36,30,45,9,28,1
17638.png,8.0_5.0,9,72,90,149,77,81,2
17639.png,6.0,8,41,43,66,25,35,1
1764.png,3.0_1.0,4,23,28,41,18,24,2
17640.png,3.0_2.0,4,22,27,44,22,23,2
17641.png,1.0_10.0_9.0,12,45,51,84,39,39,3
17642.png,4.0_4.0,4,32,38,70,38,34,2
17643.png,1.0_7.0,11,51,62,92,41,51,2
17644.png,1.0_3.0,6,48,50,91,43,44,2
17645.png,1.0_5.0_6.0_6.0,1,14,14,46,32,13,4
17646.png,6.0_8.0,10,45,47,68,23,37,2
17647.png,1.0_6.0_3.0,16,194,94,268,74,78,3
17648.png,3.0,13,83,76,112,29,63,1
17649.png,3.0,3,17,25,27,10,22,1
1765.png,9.0_2.0,2,20,23,38,18,21,2
17650.png,1.0,17,62,56,89,27,39,1
17651.png,1.0_8.0_9.0,15,69,71,109,40,56,3
17652.png,6.0_7.0,57,184,161,268,84,104,2
17653.png,5.0_6.0,4,41,47,100,59,43,2
17654.png,3.0_9.0,2,24,28,52,28,26,2
17655.png,1.0_8.0,5,29,28,51,22,23,2
17656.png,2.0_10.0_10.0_6.0,4,27,23,51,24,19,4
17657.png,6.0_5.0,3,41,47,87,46,44,2
17658.png,1.0_3.0,1,17,19,33,16,18,2
17659.png,4.0_3.0,16,66,62,120,54,46,2
1766.png,1.0,2,32,44,52,20,42,1
17660.png,3.0_7.0_9.0,50,152,123,252,100,73,3
17661.png,9.0,11,41,41,63,22,30,1
17662.png,2.0_3.0_5.0,8,33,26,61,28,18,3
17663.png,3.0_2.0_7.0,12,61,79,117,56,67,3
17664.png,2.0,8,37,28,44,7,20,1
17665.png,4.0_10.0,18,101,41,121,20,23,2
17666.png,1.0_2.0_9.0,1,23,34,62,39,33,3
17667.png,6.0,9,61,42,78,17,33,1
17668.png,1.0_10.0_2.0,8,36,40,79,43,32,3
17669.png,4.0_5.0,34,192,110,265,73,76,2
1767.png,2.0_2.0,6,28,28,51,23,22,2
17670.png,2.0_7.0_10.0,1,14,14,42,28,13,3
17671.png,5.0_10.0,9,36,36,66,30,27,2
17672.png,2.0_1.0_6.0,1,14,19,36,22,18,3
17673.png,1.0_6.0_6.0_8.0,1,16,23,58,42,22,4
17674.png,1.0_6.0,1,15,15,26,11,14,2
17675.png,2.0_7.0,7,34,39,63,29,32,2
17676.png,1.0_9.0_1.0_4.0,5,35,51,90,55,46,4
17677.png,5.0,1,34,27,52,18,26,1
17678.png,8.0_10.0,6,53,74,128,75,68,2
17679.png,3.0_10.0_2.0,5,33,42,80,47,37,3
1768.png,1.0_10.0_7.0,11,31,33,56,25,22,3
17680.png,2.0,11,47,58,70,23,47,1
17681.png,8.0_1.0,1,18,17,29,11,16,2
17682.png,6.0_8.0,7,39,46,73,34,39,2
17683.png,2.0_1.0,16,85,94,160,75,78,2
17684.png,2.0,9,28,29,40,12,20,1
17685.png,1.0_3.0,9,57,68,82,25,59,2
17686.png,1.0_4.0,7,0,65,49,49,58,2
17687.png,2.0_6.0_5.0,7,31,37,79,48,30,3
17688.png,1.0_5.0,6,33,37,60,27,31,2
17689.png,5.0_8.0,14,56,60,83,27,46,2
1769.png,1.0_10.0_5.0,10,38,35,73,35,25,3
17690.png,4.0_6.0_2.0,13,68,66,124,56,53,3
17691.png,2.0_8.0,24,71,64,111,40,40,2
17692.png,9.0_10.0,2,16,16,26,10,14,2
17693.png,1.0_1.0_5.0,16,56,38,89,33,22,3
17694.png,8.0_3.0,37,118,124,221,103,87,2
17695.png,2.0_1.0,11,33,31,49,16,20,2
17696.png,4.0_9.0,5,29,31,51,22,26,2
17697.png,1.0_5.0_2.0,1,27,30,76,49,29,3
17698.png,1.0_9.0,19,90,115,153,63,96,2
17699.png,3.0_10.0,6,41,53,109,68,47,2
177.png,1.0_5.0_8.0,45,125,101,192,67,56,3
1770.png,2.0_1.0,6,46,55,93,47,49,2
17700.png,9.0_2.0_9.0,39,82,75,130,48,36,3
17701.png,1.0,5,31,33,39,8,28,1
17702.png,4.0,9,50,60,92,42,51,1
17703.png,1.0_1.0_7.0,48,95,76,140,45,28,3
17704.png,1.0_1.0,12,66,82,122,56,70,2
17705.png,4.0,8,36,31,49,13,23,1
17706.png,1.0_3.0,12,61,76,113,52,64,2
17707.png,1.0_9.0,0,11,20,27,16,20,2
17708.png,9.0_10.0_8.0,25,69,50,117,48,25,3
17709.png,2.0,24,98,117,172,74,93,1
1771.png,1.0_1.0,6,34,43,57,23,37,2
17710.png,2.0_4.0_9.0,8,40,37,93,53,29,3
17711.png,5.0_10.0,19,50,48,76,26,29,2
17712.png,3.0_6.0,1,16,25,42,26,24,2
17713.png,4.0_10.0_10.0,15,41,35,66,25,20,3
17714.png,7.0_3.0,4,32,33,50,18,29,2
17715.png,5.0_1.0,9,33,35,52,19,26,2
17716.png,8.0,6,29,28,43,14,22,1
17717.png,2.0_10.0_8.0,6,34,38,76,42,32,3
17718.png,8.0_3.0,19,148,173,425,277,154,2
17719.png,4.0_7.0_10.0,41,155,95,238,83,54,3
1772.png,4.0_8.0,8,72,75,149,77,67,2
17720.png,3.0_9.0,6,28,37,53,25,31,2
17721.png,7.0,5,22,27,37,15,22,1
17722.png,4.0_6.0,11,51,39,74,23,28,2
17723.png,8.0,12,80,108,125,45,96,1
17724.png,8.0_1.0,8,46,68,110,64,60,2
17725.png,3.0_3.0,4,28,40,65,37,36,2
17726.png,7.0_10.0,4,32,34,62,30,30,2
17727.png,1.0_10.0_7.0,46,139,93,192,53,47,3
17728.png,3.0_7.0,4,21,24,38,17,20,2
17729.png,8.0_9.0_1.0_1.0,13,142,66,190,48,53,4
1773.png,1.0_4.0_8.0,7,37,39,81,44,32,3
17730.png,8.0_8.0,6,56,64,109,53,58,2
17731.png,7.0_5.0,4,41,42,71,30,38,2
17732.png,6.0_6.0,14,79,95,152,73,81,2
17733.png,8.0_1.0,38,102,77,132,30,39,2
17734.png,2.0,8,63,63,94,31,55,1
17735.png,4.0_4.0,11,51,62,104,53,51,2
17736.png,4.0_10.0,1,9,18,26,17,17,2
17737.png,9.0_10.0,1,18,21,38,20,20,2
17738.png,2.0_8.0,6,25,22,42,17,16,2
17739.png,5.0_2.0_1.0,7,27,29,61,34,22,3
1774.png,10.0,6,61,52,86,25,46,1
17740.png,2.0_4.0_6.0,3,11,23,42,31,20,3
17741.png,2.0_2.0,6,58,76,144,86,70,2
17742.png,3.0_3.0,10,45,43,82,37,33,2
17743.png,4.0_1.0_8.0,4,27,26,63,36,22,3
17744.png,1.0_9.0_10.0,5,50,47,89,39,42,3
17745.png,1.0,3,36,37,50,14,34,1
17746.png,2.0_9.0,11,63,70,120,57,59,2
17747.png,2.0_1.0_10.0,37,164,134,260,96,97,3
17748.png,6.0_2.0,3,22,30,55,33,27,2
17749.png,1.0_1.0_10.0,13,47,33,72,25,20,3
1775.png,3.0_4.0,1,16,18,35,19,17,2
17750.png,1.0_5.0_6.0_6.0,1,16,16,48,32,15,4
17751.png,1.0_4.0,6,40,49,71,31,43,2
17752.png,1.0_1.0_4.0,29,176,79,232,56,50,3
17753.png,2.0_10.0_9.0,2,21,22,42,21,20,3
17754.png,1.0_10.0,8,44,55,88,44,47,2
17755.png,4.0_9.0,6,71,87,152,81,81,2
17756.png,3.0_9.0_9.0,7,59,41,93,34,34,3
17757.png,1.0,16,46,40,58,12,24,1
17758.png,6.0_4.0,5,34,40,69,35,35,2
17759.png,5.0,3,23,24,35,12,21,1
1776.png,4.0_10.0,3,25,23,44,19,20,2
17760.png,5.0_5.0_5.0,58,135,96,193,58,38,3
17761.png,1.0_3.0,14,54,39,82,28,25,2
17762.png,1.0,1,16,15,20,4,14,1
17763.png,6.0_3.0,8,40,34,74,34,26,2
17764.png,1.0_5.0,5,14,19,30,16,14,2
17765.png,2.0,13,44,43,64,20,30,1
17766.png,3.0_2.0,5,24,26,39,15,21,2
17767.png,1.0_8.0,1,19,24,34,15,23,2
17768.png,2.0_6.0_8.0,17,91,103,149,58,86,3
17769.png,5.0_10.0,2,30,35,69,39,33,2
1777.png,2.0_9.0,13,56,69,95,39,56,2
17770.png,1.0_6.0_6.0,10,47,46,79,32,36,3
17771.png,1.0_1.0,31,98,102,143,45,71,2
17772.png,2.0_7.0,29,82,77,127,45,48,2
17773.png,6.0_3.0,3,30,32,51,21,29,2
17774.png,7.0_3.0,1,25,31,60,35,30,2
17775.png,6.0_1.0,5,26,38,50,24,33,2
17776.png,1.0,2,25,29,33,8,27,1
17777.png,8.0_2.0,7,30,25,47,17,18,2
17778.png,1.0_10.0_9.0,15,59,56,93,34,41,3
17779.png,9.0_5.0,14,55,56,74,19,42,2
1778.png,2.0_1.0,5,29,35,48,19,30,2
17780.png,5.0_2.0,24,57,61,123,66,37,2
17781.png,1.0_2.0_7.0,12,46,56,94,48,44,3
17782.png,1.0_10.0_10.0,4,86,104,203,117,100,3
17783.png,5.0_3.0,2,37,48,94,57,46,2
17784.png,2.0_7.0_7.0,15,67,55,101,34,40,3
17785.png,4.0_1.0,1,29,32,45,16,31,2
17786.png,1.0_6.0_8.0,1,24,32,74,50,31,3
17787.png,1.0_5.0_2.0,7,31,40,71,40,33,3
17788.png,3.0,1,18,21,30,12,20,1
17789.png,1.0_9.0,11,47,49,87,40,38,2
1779.png,1.0_4.0,5,44,54,83,39,49,2
17790.png,8.0_1.0,96,219,150,265,46,54,2
17791.png,3.0_2.0,4,29,41,59,30,37,2
17792.png,3.0_3.0,7,56,61,98,42,54,2
17793.png,1.0_8.0,3,36,40,69,33,37,2
17794.png,6.0_4.0,2,17,21,37,20,19,2
17795.png,7.0,10,44,56,69,25,46,1
17796.png,9.0_9.0,7,37,50,81,44,43,2
17797.png,1.0_1.0_4.0,18,103,78,178,75,60,3
17798.png,1.0_10.0,5,24,31,44,20,26,2
17799.png,5.0_5.0,11,41,42,74,33,31,2
178.png,2.0_1.0,5,31,31,48,17,26,2
1780.png,1.0_5.0_6.0,4,19,23,39,20,19,3
17800.png,8.0,12,36,27,45,9,15,1
17801.png,3.0,38,145,91,179,34,53,1
17802.png,2.0_7.0_8.0,1,15,16,30,15,15,3
17803.png,5.0_4.0,8,34,35,72,38,27,2
17804.png,2.0_2.0_5.0,13,69,73,171,102,60,3
17805.png,2.0_7.0_4.0,11,41,43,95,54,32,3
17806.png,1.0_10.0,1,15,13,31,16,12,2
17807.png,6.0_6.0,6,33,30,49,16,24,2
17808.png,3.0_3.0,1,33,46,72,39,45,2
17809.png,4.0_5.0,4,22,25,41,19,21,2
1781.png,1.0_7.0,1,22,29,43,21,28,2
17810.png,2.0_8.0_3.0,1,16,16,33,17,15,3
17811.png,1.0_3.0_6.0,4,29,34,68,39,30,3
17812.png,4.0_5.0,8,55,69,121,66,61,2
17813.png,2.0_9.0,7,30,27,54,24,20,2
17814.png,2.0_7.0,2,20,18,34,14,16,2
17815.png,7.0,6,23,31,36,13,25,1
17816.png,7.0_3.0_8.0,12,29,43,57,28,31,3
17817.png,5.0,11,53,58,81,28,47,1
17818.png,4.0_2.0,7,34,33,61,27,26,2
17819.png,2.0_6.0,3,26,26,50,24,23,2
1782.png,1.0,1,21,24,30,9,23,1
17820.png,2.0_2.0,4,22,28,43,21,24,2
17821.png,3.0_7.0_10.0_2.0,4,19,24,64,45,20,4
17822.png,2.0_1.0,8,45,54,101,56,46,2
17823.png,5.0_4.0_6.0,20,73,66,125,52,46,3
17824.png,1.0_5.0,2,26,31,51,25,29,2
17825.png,9.0_7.0,3,23,26,39,16,23,2
17826.png,10.0,7,45,27,57,12,20,1
17827.png,1.0_3.0_10.0,1,17,22,49,32,21,3
17828.png,3.0_1.0_4.0,7,36,48,86,50,41,3
17829.png,1.0_7.0_10.0_7.0,1,17,18,44,27,17,4
1783.png,9.0_3.0,5,38,31,70,32,26,2
17830.png,9.0,3,26,27,36,10,24,1
17831.png,1.0_2.0_10.0,24,110,52,145,35,28,3
17832.png,3.0,1,24,35,44,20,34,1
17833.png,5.0_6.0,5,24,27,43,19,22,2
17834.png,6.0_7.0,6,41,38,68,27,32,2
17835.png,5.0_1.0_4.0,0,28,58,64,36,58,3
17836.png,6.0_5.0,7,16,33,42,26,26,2
17837.png,1.0_1.0_1.0,2,19,26,57,38,24,3
17838.png,3.0,10,44,51,59,15,41,1
17839.png,2.0_8.0,5,49,57,78,29,52,2
1784.png,3.0_1.0_8.0,15,49,34,76,27,19,3
17840.png,1.0_7.0_4.0,16,50,37,88,38,21,3
17841.png,2.0_7.0_4.0_2.0,1,15,18,49,34,17,4
17842.png,1.0_10.0_2.0,7,30,31,57,27,24,3
17843.png,5.0_1.0,12,60,66,101,41,54,2
17844.png,3.0,3,31,22,39,8,19,1
17845.png,3.0_6.0,4,43,46,68,25,42,2
17846.png,3.0_8.0,2,22,25,42,20,23,2
17847.png,8.0_4.0,1,19,27,43,24,26,2
17848.png,7.0_5.0,5,42,51,93,51,46,2
17849.png,5.0_2.0,3,26,31,51,25,28,2
1785.png,1.0_4.0_10.0,10,42,38,71,29,28,3
17850.png,1.0_3.0,2,16,17,30,14,15,2
17851.png,6.0_6.0,2,40,54,103,63,52,2
17852.png,7.0_5.0,3,22,19,35,13,16,2
17853.png,1.0_5.0_7.0,13,75,49,122,47,36,3
17854.png,2.0,5,27,32,38,11,27,1
17855.png,1.0_9.0,4,27,30,40,13,26,2
17856.png,3.0_10.0_10.0,8,34,29,78,44,21,3
17857.png,2.0_10.0_10.0,15,61,65,120,59,50,3
17858.png,5.0_7.0,3,28,39,62,34,36,2
17859.png,1.0_6.0_3.0,13,57,62,89,32,49,3
1786.png,2.0_1.0_7.0,10,57,35,81,24,25,3
17860.png,1.0_5.0_1.0,6,35,43,75,40,37,3
17861.png,5.0_2.0,4,17,16,27,10,12,2
17862.png,5.0_9.0,12,63,69,125,62,57,2
17863.png,4.0_1.0_6.0,12,45,43,75,30,31,3
17864.png,4.0,2,19,23,36,17,21,1
17865.png,5.0_2.0_10.0,9,35,40,83,48,31,3
17866.png,3.0,12,64,57,82,18,45,1
17867.png,1.0_5.0,6,64,83,127,63,77,2
17868.png,3.0_3.0,3,33,41,68,35,38,2
17869.png,9.0_1.0,6,32,33,66,34,27,2
1787.png,8.0,61,114,91,132,18,30,1
17870.png,1.0,4,22,22,29,7,18,1
17871.png,1.0_7.0,12,102,118,181,79,106,2
17872.png,2.0_1.0,3,28,32,51,23,29,2
17873.png,1.0_2.0_4.0,7,31,31,59,28,24,3
17874.png,2.0_9.0_7.0,6,69,50,104,35,44,3
17875.png,4.0_8.0,40,85,77,117,32,37,2
17876.png,1.0_4.0_8.0,21,97,85,155,58,64,3
17877.png,1.0,16,87,114,124,37,98,1
17878.png,2.0_1.0_5.0,25,122,79,160,38,54,3
17879.png,2.0_7.0_10.0,4,106,61,168,62,57,3
1788.png,1.0,3,17,14,20,3,11,1
17880.png,2.0,5,27,23,38,11,18,1
17881.png,1.0_1.0_2.0,1,14,16,38,24,15,3
17882.png,7.0_8.0_9.0,39,64,57,90,26,18,3
17883.png,6.0_7.0,10,29,27,45,16,17,2
17884.png,5.0_3.0,17,72,74,121,49,57,2
17885.png,9.0,6,51,43,72,21,37,1
17886.png,2.0_4.0_8.0,4,34,49,94,60,45,3
17887.png,2.0_5.0_1.0,4,23,27,47,24,23,3
17888.png,8.0,9,23,21,32,9,12,1
17889.png,1.0_1.0_1.0,15,58,49,104,46,34,3
1789.png,1.0_8.0,10,59,73,113,54,63,2
17890.png,1.0_4.0_10.0,1,32,39,58,26,38,3
17891.png,2.0_10.0,5,30,39,81,51,34,2
17892.png,2.0_5.0,2,28,41,71,43,39,2
17893.png,9.0_2.0,13,50,49,87,37,36,2
17894.png,1.0,7,42,39,52,10,32,1
17895.png,6.0_1.0,4,18,24,34,16,20,2
17896.png,1.0_2.0,5,22,27,40,18,22,2
17897.png,1.0,9,102,55,119,17,46,1
17898.png,1.0_5.0,6,47,63,100,53,57,2
17899.png,1.0_8.0,1,37,39,70,33,38,2
179.png,2.0_5.0,1,33,32,53,20,31,2
1790.png,2.0_1.0_2.0_7.0,22,96,64,161,65,42,4
17900.png,2.0_10.0,11,52,42,70,18,31,2
17901.png,4.0_5.0,31,110,55,125,15,24,2
17902.png,7.0,4,61,64,100,39,60,1
17903.png,1.0_1.0,5,19,19,31,12,14,2
17904.png,1.0_6.0_2.0,10,36,45,77,41,35,3
17905.png,6.0_5.0,10,41,36,63,22,26,2
17906.png,5.0_6.0,6,32,36,56,24,30,2
17907.png,1.0_2.0_1.0,17,55,52,110,55,35,3
17908.png,6.0_1.0,15,63,67,150,87,52,2
17909.png,1.0_1.0_3.0,22,114,111,194,80,89,3
1791.png,5.0_5.0_10.0,20,156,59,207,51,39,3
17910.png,1.0_2.0,4,35,36,57,22,32,2
17911.png,5.0_7.0,5,44,56,116,72,51,2
17912.png,2.0,11,51,48,71,20,37,1
17913.png,6.0_3.0,12,60,58,108,48,46,2
17914.png,6.0_8.0,10,33,34,55,22,24,2
17915.png,1.0_6.0,6,22,28,41,19,22,2
17916.png,1.0_3.0_10.0,1,19,21,40,21,20,3
17917.png,2.0,2,71,42,97,26,40,1
17918.png,6.0,12,50,34,61,11,22,1
17919.png,3.0_3.0_8.0,19,47,57,108,61,38,3
1792.png,1.0_1.0_1.0,1,22,25,42,20,24,3
17920.png,1.0_7.0_7.0_6.0,15,68,57,118,50,42,4
17921.png,9.0_8.0,2,17,22,33,16,20,2
17922.png,7.0_9.0,4,32,35,65,33,31,2
17923.png,6.0,10,50,46,67,17,36,1
17924.png,5.0,7,23,27,32,9,20,1
17925.png,3.0,18,59,76,97,38,58,1
17926.png,4.0,5,32,29,49,17,24,1
17927.png,4.0,5,27,30,40,13,25,1
17928.png,2.0,2,16,14,20,4,12,1
17929.png,4.0_4.0,4,45,53,78,33,49,2
1793.png,1.0_3.0,14,54,54,77,23,40,2
17930.png,3.0_10.0,10,38,38,63,25,28,2
17931.png,1.0_10.0_10.0,9,47,44,80,33,35,3
17932.png,5.0_4.0_8.0,46,121,97,174,53,51,3
17933.png,2.0,10,32,27,39,7,17,1
17934.png,6.0_5.0,5,33,35,57,24,30,2
17935.png,6.0_6.0,5,25,21,44,19,16,2
17936.png,1.0_9.0_9.0_4.0,1,16,15,51,35,14,4
17937.png,1.0_2.0,9,28,36,56,28,27,2
17938.png,2.0_7.0_10.0_1.0,1,22,23,57,35,22,4
17939.png,2.0,5,34,38,57,23,33,1
1794.png,1.0_10.0_4.0,18,87,76,163,76,58,3
17940.png,1.0_1.0_1.0,3,24,25,44,20,22,3
17941.png,1.0_2.0_5.0_8.0,1,15,18,57,42,17,4
17942.png,2.0_4.0,74,107,133,174,67,59,2
17943.png,1.0_10.0_3.0,10,37,40,66,29,30,3
17944.png,2.0_5.0,8,47,65,112,65,57,2
17945.png,1.0_3.0_10.0,2,25,32,52,27,30,3
17946.png,2.0_1.0_7.0,17,68,73,119,51,56,3
17947.png,1.0_10.0,5,30,26,42,12,21,2
17948.png,3.0_2.0,8,29,31,46,17,23,2
17949.png,4.0_3.0_1.0,4,36,35,80,44,31,3
1795.png,9.0_5.0_8.0,40,88,83,140,52,43,3
17950.png,6.0_3.0_7.0,9,50,58,111,61,49,3
17951.png,1.0_4.0,1,22,29,42,20,28,2
17952.png,2.0_3.0_2.0,5,29,54,80,51,49,3
17953.png,1.0,6,30,31,39,9,25,1
17954.png,9.0_7.0,1,14,17,28,14,16,2
17955.png,6.0,12,59,71,100,41,59,1
17956.png,6.0,13,41,34,52,11,21,1
17957.png,7.0,5,38,40,52,14,35,1
17958.png,6.0_2.0,6,34,38,66,32,32,2
17959.png,2.0,6,60,59,102,42,53,1
1796.png,8.0_1.0_9.0_7.0,10,55,53,119,64,43,4
17960.png,1.0,8,47,29,55,8,21,1
17961.png,5.0_6.0,6,21,24,34,13,18,2
17962.png,8.0_9.0,1,24,35,68,44,34,2
17963.png,3.0_8.0,11,36,39,62,26,28,2
17964.png,7.0_5.0,1,21,25,49,28,24,2
17965.png,3.0_7.0,12,49,61,95,46,49,2
17966.png,3.0_10.0,5,22,31,67,45,26,2
17967.png,3.0_10.0,4,31,34,61,30,30,2
17968.png,1.0_6.0,12,67,70,116,49,58,2
17969.png,5.0_7.0_1.0,9,45,28,67,22,19,3
1797.png,4.0_4.0,1,26,36,47,21,35,2
17970.png,2.0_2.0_1.0_1.0,1,14,17,45,31,16,4
17971.png,1.0_3.0_1.0,26,109,126,275,166,100,3
17972.png,4.0_8.0_5.0,16,61,51,116,55,35,3
17973.png,3.0,6,30,35,42,12,29,1
17974.png,3.0_4.0_9.0,4,40,42,99,59,38,3
17975.png,3.0_3.0,4,32,40,55,23,36,2
17976.png,8.0,55,201,125,256,55,70,1
17977.png,3.0_1.0,3,24,29,44,20,26,2
17978.png,8.0_4.0,1,16,18,35,19,17,2
17979.png,2.0_5.0,1,16,17,31,15,16,2
1798.png,4.0_5.0,12,74,65,125,51,53,2
17980.png,2.0_4.0,2,29,39,59,30,37,2
17981.png,9.0_9.0,1,14,17,26,12,16,2
17982.png,3.0_6.0,3,34,42,61,27,39,2
17983.png,9.0_9.0_5.0,9,35,43,90,55,34,3
17984.png,1.0_4.0,1,18,24,43,25,23,2
17985.png,1.0_8.0_10.0_5.0,40,90,80,136,46,40,4
17986.png,3.0,4,23,27,36,13,23,1
17987.png,2.0_2.0_8.0,11,37,31,58,21,20,3
17988.png,2.0,4,17,17,26,9,13,1
17989.png,4.0,15,41,33,51,10,18,1
1799.png,4.0_5.0,12,56,47,82,26,35,2
17990.png,6.0,13,76,68,108,32,55,1
17991.png,1.0_7.0_6.0_6.0,2,20,20,46,26,18,4
17992.png,7.0_3.0,6,30,35,61,31,29,2
17993.png,2.0_8.0,6,38,42,80,42,36,2
17994.png,2.0_8.0_8.0,9,70,51,107,37,42,3
17995.png,2.0_7.0_10.0,5,42,51,112,70,46,3
17996.png,2.0_5.0,2,17,17,28,11,15,2
17997.png,6.0_3.0,1,19,25,47,28,24,2
17998.png,2.0_1.0,1,67,90,131,64,89,2
17999.png,1.0_3.0_6.0,30,97,77,176,79,47,3
18.png,5.0_3.0,12,52,58,101,49,46,2
180.png,1.0_7.0_4.0_2.0,4,16,22,50,34,18,4
1800.png,3.0_10.0_9.0,4,33,34,73,40,30,3
18000.png,5.0_6.0,4,23,22,44,21,18,2
18001.png,2.0_7.0_3.0,8,36,29,63,27,21,3
18002.png,4.0_2.0,5,36,38,75,39,33,2
18003.png,4.0_3.0_9.0,4,16,16,35,19,12,3
18004.png,2.0_3.0,4,25,28,48,23,24,2
18005.png,7.0_4.0,2,84,100,182,98,98,2
18006.png,4.0_8.0_10.0,4,40,40,84,44,36,3
18007.png,8.0,15,60,65,90,30,50,1
18008.png,1.0_10.0_6.0,1,23,27,72,49,26,3
18009.png,1.0_3.0_3.0,3,27,27,48,21,24,3
1801.png,8.0_10.0,15,64,83,148,84,68,2
18010.png,9.0_1.0,5,33,35,64,31,30,2
18011.png,1.0_3.0,3,67,101,145,78,98,2
18012.png,2.0_10.0_3.0,2,35,46,113,78,44,3
18013.png,3.0_10.0_10.0_1.0,18,140,55,190,50,37,4
18014.png,2.0_7.0,15,48,44,86,38,29,2
18015.png,2.0_2.0,13,44,38,63,19,25,2
18016.png,4.0_3.0_10.0,12,40,38,81,41,26,3
18017.png,9.0,1,14,13,23,9,12,1
18018.png,3.0_7.0,2,29,30,49,20,28,2
18019.png,3.0_5.0,13,64,87,133,69,74,2
1802.png,4.0_1.0,19,92,95,171,79,76,2
18020.png,6.0_5.0,2,24,29,47,23,27,2
18021.png,3.0,2,29,36,46,17,34,1
18022.png,4.0_8.0,2,36,47,67,31,45,2
18023.png,5.0_4.0,2,24,27,46,22,25,2
18024.png,5.0_1.0_4.0,72,94,118,135,41,46,3
18025.png,1.0,1,23,21,32,9,20,1
18026.png,1.0_10.0,1,25,39,56,31,38,2
18027.png,2.0_10.0_3.0,3,45,53,108,63,50,3
18028.png,1.0,15,47,48,56,9,33,1
18029.png,8.0_6.0,1,16,16,30,14,15,2
1803.png,2.0_6.0_2.0,2,17,22,35,18,20,3
18030.png,4.0_3.0_4.0,8,32,38,73,41,30,3
18031.png,6.0,4,41,32,60,19,28,1
18032.png,4.0_10.0,12,47,45,73,26,33,2
18033.png,4.0_4.0,10,42,38,76,34,28,2
18034.png,4.0_4.0,8,30,28,48,18,20,2
18035.png,4.0_7.0_7.0,53,94,100,142,48,47,3
18036.png,1.0_5.0_2.0,18,99,79,172,73,61,3
18037.png,2.0_9.0,6,34,43,70,36,37,2
18038.png,1.0_3.0,14,41,45,69,28,31,2
18039.png,1.0_10.0_4.0,7,42,48,77,35,41,3
1804.png,2.0,4,54,43,77,23,39,1
18040.png,6.0_3.0_5.0,10,16,28,37,21,18,3
18041.png,7.0,6,27,28,38,11,22,1
18042.png,5.0_6.0,7,57,52,96,39,45,2
18043.png,2.0_8.0,12,57,48,83,26,36,2
18044.png,1.0,11,46,44,62,16,33,1
18045.png,7.0_3.0,9,35,36,63,28,27,2
18046.png,8.0_5.0,1,21,28,48,27,27,2
18047.png,5.0_2.0_3.0,25,92,55,127,35,30,3
18048.png,2.0_1.0,4,24,22,34,10,18,2
18049.png,6.0_4.0,11,34,39,57,23,28,2
1805.png,4.0_7.0,5,42,44,73,31,39,2
18050.png,3.0,49,281,395,465,184,346,1
18051.png,1.0_10.0_8.0,10,39,35,71,32,25,3
18052.png,1.0_2.0_7.0,6,30,51,56,26,45,3
18053.png,5.0_8.0,1,2,44,47,45,43,2
18054.png,9.0_4.0,2,33,42,61,28,40,2
18055.png,1.0_8.0_2.0,20,56,58,82,26,38,3
18056.png,2.0_6.0,28,76,66,134,58,38,2
18057.png,3.0_9.0,10,50,56,94,44,46,2
18058.png,1.0_6.0_7.0,14,56,59,82,26,45,3
18059.png,1.0_5.0_3.0,6,35,41,76,41,35,3
1806.png,3.0_8.0,9,83,94,146,63,85,2
18060.png,1.0_8.0_4.0,9,45,49,100,55,40,3
18061.png,2.0_6.0,6,37,49,82,45,43,2
18062.png,6.0_8.0,2,23,27,49,26,25,2
18063.png,2.0,2,11,14,16,5,12,1
18064.png,1.0_6.0,21,126,113,183,57,92,2
18065.png,1.0_7.0_5.0,3,22,22,42,20,19,3
18066.png,4.0_5.0,9,71,71,135,64,62,2
18067.png,5.0_1.0,5,39,50,76,37,45,2
18068.png,2.0_6.0,14,47,49,79,32,35,2
18069.png,3.0_2.0_6.0,5,25,28,49,24,23,3
1807.png,5.0_6.0_8.0,11,48,36,78,30,25,3
18070.png,1.0_7.0_3.0_2.0,42,143,97,206,63,55,4
18071.png,1.0_9.0,6,42,46,72,30,40,2
18072.png,9.0_8.0,47,149,108,202,53,61,2
18073.png,2.0_2.0,26,97,55,133,36,29,2
18074.png,2.0_8.0,9,41,48,80,39,39,2
18075.png,1.0_1.0,7,58,71,101,43,64,2
18076.png,3.0_9.0,8,27,32,60,33,24,2
18077.png,4.0_10.0,8,42,50,68,26,42,2
18078.png,2.0_1.0,1,15,18,37,22,17,2
18079.png,3.0_3.0,8,45,42,67,22,34,2
1808.png,1.0_6.0_3.0_3.0,10,50,53,125,75,43,4
18080.png,1.0_1.0_2.0,1,18,20,38,20,19,3
18081.png,6.0_4.0,1,15,17,33,18,16,2
18082.png,9.0_1.0,5,35,39,69,34,34,2
18083.png,4.0_3.0,16,41,63,75,34,47,2
18084.png,2.0_1.0,5,22,24,36,14,19,2
18085.png,1.0_7.0,10,44,44,70,26,34,2
18086.png,1.0_5.0,2,12,14,24,12,12,2
18087.png,1.0_3.0_4.0,7,26,26,50,24,19,3
18088.png,9.0_5.0,5,45,46,81,36,41,2
18089.png,2.0_10.0_5.0,12,66,82,197,131,70,3
1809.png,1.0_6.0_1.0,45,174,116,250,76,71,3
18090.png,1.0_9.0,2,22,24,49,27,22,2
18091.png,1.0_2.0,6,31,37,58,27,31,2
18092.png,1.0_2.0_2.0,95,241,144,291,50,49,3
18093.png,3.0_2.0,15,46,46,85,39,31,2
18094.png,3.0,21,84,60,99,15,39,1
18095.png,2.0_2.0,16,66,68,125,59,52,2
18096.png,1.0_5.0,12,50,61,92,42,49,2
18097.png,3.0_3.0_3.0,2,21,22,40,19,20,3
18098.png,1.0_7.0,5,21,20,31,10,15,2
18099.png,2.0_7.0_8.0,21,31,96,110,79,75,3
181.png,3.0_7.0,6,45,49,82,37,43,2
1810.png,5.0_9.0_5.0,10,36,37,86,50,27,3
18100.png,5.0,4,32,36,48,16,32,1
18101.png,1.0_8.0_10.0,9,41,36,76,35,27,3
18102.png,1.0_3.0_6.0,19,90,53,146,56,34,3
18103.png,4.0_10.0,3,25,28,44,19,25,2
18104.png,1.0_6.0,7,32,39,76,44,32,2
18105.png,1.0_3.0,2,3,15,17,14,13,2
18106.png,4.0_10.0,4,22,23,39,17,19,2
18107.png,5.0_6.0,9,53,55,85,32,46,2
18108.png,5.0,8,49,49,75,26,41,1
18109.png,1.0_4.0_8.0,30,122,106,207,85,76,3
1811.png,3.0_8.0,6,27,27,52,25,21,2
18110.png,9.0,11,52,62,92,40,51,1
18111.png,6.0_2.0,2,20,26,42,22,24,2
18112.png,2.0_1.0_2.0,16,89,67,152,63,51,3
18113.png,8.0_10.0,3,14,14,24,10,11,2
18114.png,4.0_5.0,34,137,136,251,114,102,2
18115.png,1.0_5.0_2.0,16,50,41,89,39,25,3
18116.png,4.0_4.0,1,19,25,37,18,24,2
18117.png,1.0,6,32,30,39,7,24,1
18118.png,2.0_3.0_1.0_10.0,3,20,18,53,33,15,4
18119.png,1.0_7.0_6.0,4,19,18,43,24,14,3
1812.png,3.0_9.0,10,48,53,90,42,43,2
18120.png,3.0_7.0,2,22,25,42,20,23,2
18121.png,5.0_1.0_4.0,10,72,64,157,85,54,3
18122.png,1.0_8.0,3,29,33,54,25,30,2
18123.png,5.0,33,149,103,179,30,70,1
18124.png,1.0_3.0,5,23,27,36,13,22,2
18125.png,1.0,8,25,24,31,6,16,1
18126.png,1.0_1.0_5.0,13,56,57,94,38,44,3
18127.png,3.0_7.0_7.0,11,51,53,89,38,42,3
18128.png,10.0_9.0,49,123,78,152,29,29,2
18129.png,3.0_4.0,4,26,39,63,37,35,2
1813.png,8.0_2.0,6,31,34,64,33,28,2
18130.png,6.0_4.0,1,26,42,70,44,41,2
18131.png,9.0_7.0,3,23,31,48,25,28,2
18132.png,2.0_5.0_3.0,14,68,53,103,35,39,3
18133.png,8.0,6,0,31,17,17,25,1
18134.png,4.0,1,29,19,39,10,18,1
18135.png,1.0_10.0_2.0,4,24,28,48,24,24,3
18136.png,5.0_1.0_7.0,5,26,25,55,29,20,3
18137.png,1.0_10.0_10.0,9,72,90,155,83,81,3
18138.png,1.0_5.0_4.0,17,85,122,222,137,105,3
18139.png,1.0_9.0,13,56,52,92,36,39,2
1814.png,1.0_3.0,1,9,12,28,19,11,2
18140.png,1.0_7.0,11,64,63,118,54,52,2
18141.png,2.0_6.0_1.0,11,52,46,107,55,35,3
18142.png,3.0_3.0,1,20,23,32,12,22,2
18143.png,3.0_8.0,2,28,25,48,20,23,2
18144.png,2.0_8.0_9.0,1,23,33,62,39,32,3
18145.png,5.0_4.0,20,90,86,147,57,66,2
18146.png,5.0,7,43,57,73,30,50,1
18147.png,8.0,4,37,44,61,24,40,1
18148.png,2.0,5,40,59,75,35,54,1
18149.png,2.0_8.0,10,54,63,118,64,53,2
1815.png,2.0_7.0,1,21,25,49,28,24,2
18150.png,2.0_6.0_2.0_2.0,1,16,17,50,34,16,4
18151.png,5.0_10.0,8,60,72,119,59,64,2
18152.png,1.0_4.0_10.0,13,42,50,89,47,37,3
18153.png,1.0,5,40,32,55,15,27,1
18154.png,5.0_3.0,10,34,38,63,29,28,2
18155.png,1.0,10,45,33,54,9,23,1
18156.png,9.0_6.0_3.0,22,139,88,207,68,66,3
18157.png,1.0_5.0,8,32,30,43,11,22,2
18158.png,5.0,4,23,30,40,17,26,1
18159.png,3.0_9.0,20,70,65,129,59,45,2
1816.png,2.0_5.0,1,35,41,87,52,40,2
18160.png,2.0_5.0,3,33,41,61,28,38,2
18161.png,7.0,4,48,61,68,20,57,1
18162.png,4.0,1,20,14,32,12,13,1
18163.png,1.0,6,21,20,25,4,14,1
18164.png,4.0_3.0,5,47,53,95,48,48,2
18165.png,4.0,2,27,29,44,17,27,1
18166.png,3.0_10.0,19,61,69,113,52,50,2
18167.png,2.0_1.0_2.0,21,94,91,204,110,70,3
18168.png,3.0_4.0,21,100,50,126,26,29,2
18169.png,6.0_9.0,4,25,27,52,27,23,2
1817.png,2.0,7,41,44,59,18,37,1
18170.png,1.0_4.0,9,38,34,61,23,25,2
18171.png,1.0_1.0,12,53,63,93,40,51,2
18172.png,2.0_9.0,2,65,77,143,78,75,2
18173.png,1.0_4.0,3,35,35,58,23,32,2
18174.png,1.0_5.0,3,24,28,48,24,25,2
18175.png,6.0_10.0,1,20,29,47,27,28,2
18176.png,4.0_1.0,3,36,44,63,27,41,2
18177.png,1.0_3.0,9,60,60,102,42,51,2
18178.png,1.0_7.0,10,38,33,53,15,23,2
18179.png,1.0_1.0,3,24,26,34,10,23,2
1818.png,1.0_8.0,2,26,31,52,26,29,2
18180.png,1.0_3.0,1,18,24,42,24,23,2
18181.png,1.0,3,32,34,47,15,31,1
18182.png,9.0_4.0,9,58,71,97,39,62,2
18183.png,1.0_1.0,5,23,26,39,16,21,2
18184.png,6.0_10.0,2,25,33,48,23,31,2
18185.png,9.0_4.0_3.0,6,101,133,197,96,127,3
18186.png,2.0_3.0_4.0_2.0,2,14,17,44,30,15,4
18187.png,6.0,1,15,14,22,7,13,1
18188.png,6.0,3,26,30,40,14,27,1
18189.png,9.0_3.0,33,240,72,275,35,39,2
1819.png,1.0_2.0_6.0,1,46,56,115,69,55,3
18190.png,6.0_8.0_10.0,1,18,20,41,23,19,3
18191.png,3.0,3,32,20,43,11,17,1
18192.png,3.0_6.0_9.0,4,66,72,135,69,68,3
18193.png,1.0,1,27,20,35,8,19,1
18194.png,3.0_1.0,5,30,29,52,22,24,2
18195.png,8.0_8.0,11,78,96,159,81,85,2
18196.png,1.0_1.0,3,26,29,46,20,26,2
18197.png,1.0_1.0,7,41,44,88,47,37,2
18198.png,9.0,5,28,26,41,13,21,1
18199.png,7.0_1.0,1,21,31,47,26,30,2
182.png,3.0_4.0,1,29,43,77,48,42,2
1820.png,6.0,7,43,39,60,17,32,1
18200.png,2.0,10,48,62,89,41,52,1
18201.png,3.0_8.0,4,29,30,47,18,26,2
18202.png,2.0,6,30,31,40,10,25,1
18203.png,1.0_5.0_10.0,16,72,67,159,87,51,3
18204.png,7.0_6.0,26,147,86,217,70,60,2
18205.png,2.0_4.0_5.0,14,47,47,68,21,33,3
18206.png,1.0_3.0_8.0_3.0,4,21,19,54,33,15,4
18207.png,6.0_9.0,12,64,47,83,19,35,2
18208.png,5.0_5.0_2.0,11,47,46,92,45,35,3
18209.png,1.0_10.0_7.0,2,30,34,57,27,32,3
1821.png,1.0_8.0_10.0,2,17,22,38,21,20,3
18210.png,5.0,2,19,21,28,9,19,1
18211.png,8.0,6,26,30,44,18,24,1
18212.png,2.0_5.0,2,22,22,39,17,20,2
18213.png,1.0_7.0,5,37,49,73,36,44,2
18214.png,1.0_9.0,4,31,27,44,13,23,2
18215.png,5.0,4,22,26,34,12,22,1
18216.png,6.0_5.0,4,29,28,55,26,24,2
18217.png,1.0_7.0,3,31,36,51,20,33,2
18218.png,6.0,5,54,64,92,38,59,1
18219.png,1.0_1.0_4.0,10,38,66,101,63,56,3
1822.png,8.0,2,19,19,30,11,17,1
18220.png,1.0_3.0_2.0,16,69,75,143,74,59,3
18221.png,7.0,11,77,93,128,51,82,1
18222.png,2.0_4.0_6.0,4,25,30,66,41,26,3
18223.png,10.0,2,53,34,65,12,32,1
18224.png,4.0,1,17,19,27,10,18,1
18225.png,2.0_8.0_9.0,6,53,65,97,44,59,3
18226.png,9.0,4,21,23,29,8,19,1
18227.png,2.0,11,59,48,82,23,37,1
18228.png,2.0_6.0_8.0,7,36,43,99,63,36,3
18229.png,1.0_3.0_1.0,5,28,36,92,64,31,3
1823.png,2.0_1.0_10.0,8,36,42,75,39,34,3
18230.png,3.0_6.0_4.0,22,104,94,264,160,72,3
18231.png,2.0_2.0,11,82,109,172,90,98,2
18232.png,2.0_3.0,8,46,49,98,52,41,2
18233.png,2.0_3.0,5,17,16,31,14,11,2
18234.png,1.0_5.0,9,40,34,60,20,25,2
18235.png,3.0_9.0_9.0,1,15,18,34,19,17,3
18236.png,2.0_3.0,7,31,26,52,21,19,2
18237.png,9.0_1.0,1,20,22,37,17,21,2
18238.png,4.0_3.0,1,21,26,42,21,25,2
18239.png,1.0_10.0_4.0,11,37,36,63,26,25,3
1824.png,2.0_1.0_8.0,8,28,23,44,16,15,3
18240.png,1.0_1.0_10.0,5,34,45,82,48,40,3
18241.png,4.0,3,39,35,59,20,32,1
18242.png,4.0_7.0,2,24,28,47,23,26,2
18243.png,6.0_7.0,10,39,41,59,20,31,2
18244.png,1.0_10.0_2.0,59,248,145,321,73,86,3
18245.png,2.0,16,51,48,64,13,32,1
18246.png,7.0_1.0,5,26,28,52,26,23,2
18247.png,1.0_2.0_8.0,2,17,17,39,22,15,3
18248.png,1.0_3.0,4,23,29,50,27,25,2
18249.png,3.0_1.0,8,51,51,84,33,43,2
1825.png,1.0_3.0_10.0,1,19,24,40,21,23,3
18250.png,2.0_5.0_7.0,11,48,59,86,38,48,3
18251.png,4.0_9.0,9,39,39,68,29,30,2
18252.png,2.0_9.0_3.0,2,28,41,91,63,39,3
18253.png,1.0_10.0_5.0,14,51,69,83,32,55,3
18254.png,1.0_1.0,19,91,89,149,58,70,2
18255.png,3.0_6.0,11,46,38,70,24,27,2
18256.png,5.0_3.0,29,133,74,193,60,45,2
18257.png,6.0,1,24,32,46,22,31,1
18258.png,5.0_10.0_1.0,100,159,160,244,85,60,3
18259.png,2.0_1.0,0,14,22,34,20,22,2
1826.png,6.0,7,36,27,51,15,20,1
18260.png,2.0_7.0,7,35,35,60,25,28,2
18261.png,1.0_3.0_1.0,9,31,32,52,21,23,3
18262.png,1.0_5.0,4,23,26,39,16,22,2
18263.png,1.0_10.0_1.0_9.0_1.0,56,176,136,285,109,80,5
18264.png,9.0_1.0,15,66,65,130,64,50,2
18265.png,1.0_7.0,4,67,92,144,77,88,2
18266.png,5.0_8.0,4,33,43,73,40,39,2
18267.png,1.0_5.0,10,47,58,86,39,48,2
18268.png,1.0_4.0,0,15,22,32,17,22,2
18269.png,7.0,4,47,45,71,24,41,1
1827.png,5.0_10.0,7,49,57,107,58,50,2
18270.png,1.0,4,18,19,25,7,15,1
18271.png,4.0,66,192,205,288,96,139,1
18272.png,1.0,8,51,48,68,17,40,1
18273.png,3.0_7.0,3,27,25,46,19,22,2
18274.png,2.0_9.0_2.0,10,43,51,79,36,41,3
18275.png,1.0_10.0_6.0,20,1,124,94,93,104,3
18276.png,7.0_4.0,2,28,33,53,25,31,2
18277.png,1.0_1.0,44,0,113,33,33,69,2
18278.png,2.0_7.0,15,52,57,91,39,42,2
18279.png,2.0_3.0_6.0,4,26,33,61,35,29,3
1828.png,2.0,8,58,64,84,26,56,1
18280.png,6.0_2.0,1,17,18,30,13,17,2
18281.png,4.0_2.0,13,50,63,101,51,50,2
18282.png,1.0_2.0_5.0,2,24,28,51,27,26,3
18283.png,1.0_9.0_3.0,23,146,92,212,66,69,3
18284.png,7.0,7,30,35,44,14,28,1
18285.png,2.0_8.0_1.0,22,71,77,144,73,55,3
18286.png,3.0_7.0_9.0,1,23,29,62,39,28,3
18287.png,6.0_4.0,4,27,28,52,25,24,2
18288.png,3.0_5.0,6,30,28,59,29,22,2
18289.png,5.0_5.0_2.0,1,50,55,118,68,54,3
1829.png,3.0_10.0,6,26,33,51,25,27,2
18290.png,2.0_6.0,1,30,37,68,38,36,2
18291.png,2.0_5.0_8.0,9,56,61,108,52,52,3
18292.png,2.0_7.0,7,28,30,51,23,23,2
18293.png,8.0_4.0,2,20,21,44,24,19,2
18294.png,3.0_1.0,7,35,29,54,19,22,2
18295.png,6.0_9.0,13,56,53,98,42,40,2
18296.png,4.0_10.0_3.0,24,133,60,181,48,36,3
18297.png,3.0_2.0,4,23,30,48,25,26,2
18298.png,1.0_7.0,1,34,40,77,43,39,2
18299.png,3.0_2.0_7.0,2,17,24,55,38,22,3
183.png,2.0_1.0,2,22,26,40,18,24,2
1830.png,1.0_1.0,9,56,65,97,41,56,2
18300.png,1.0_6.0,2,26,28,46,20,26,2
18301.png,1.0_6.0,5,58,74,129,71,69,2
18302.png,3.0_3.0,2,20,21,34,14,19,2
18303.png,1.0_8.0_10.0,12,70,64,142,72,52,3
18304.png,6.0_8.0_4.0,5,27,38,82,55,33,3
18305.png,3.0_4.0,3,32,46,93,61,43,2
18306.png,9.0_5.0,1,15,20,32,17,19,2
18307.png,3.0_9.0,10,42,44,69,27,34,2
18308.png,2.0_8.0_3.0,13,43,45,75,32,32,3
18309.png,2.0_7.0_3.0,3,27,28,65,38,25,3
1831.png,1.0_6.0,13,173,89,231,58,76,2
18310.png,4.0_7.0,3,29,26,49,20,23,2
18311.png,2.0_3.0,11,59,72,111,52,61,2
18312.png,1.0_8.0,5,41,48,88,47,43,2
18313.png,1.0_2.0,24,100,84,153,53,60,2
18314.png,2.0_9.0,10,74,88,155,81,78,2
18315.png,3.0_4.0_5.0,23,87,80,148,61,57,3
18316.png,1.0_7.0,6,17,24,31,14,18,2
18317.png,2.0,4,29,29,43,14,25,1
18318.png,1.0_5.0_6.0,43,197,230,242,45,187,3
18319.png,5.0_3.0,8,24,27,50,26,19,2
1832.png,6.0,1,14,14,24,10,13,1
18320.png,3.0_9.0,7,20,20,30,10,13,2
18321.png,1.0_9.0_3.0_8.0,10,32,34,63,31,24,4
18322.png,2.0_6.0,7,28,38,49,21,31,2
18323.png,5.0_6.0,6,28,34,55,27,28,2
18324.png,3.0_10.0,4,40,38,78,38,34,2
18325.png,4.0_8.0_6.0,16,46,45,85,39,29,3
18326.png,1.0_8.0,4,16,24,38,22,20,2
18327.png,3.0_4.0,1,35,45,81,46,44,2
18328.png,3.0,16,74,84,124,50,68,1
18329.png,3.0_4.0,3,19,20,32,13,17,2
1833.png,1.0_6.0_5.0,3,45,46,81,36,43,3
18330.png,3.0_6.0_1.0,27,85,67,132,47,40,3
18331.png,3.0_1.0_1.0,4,33,36,62,29,32,3
18332.png,1.0_10.0_4.0,1,36,43,88,52,42,3
18333.png,1.0,7,24,19,29,5,12,1
18334.png,1.0_2.0_8.0_2.0,1,13,13,42,29,12,4
18335.png,3.0_7.0,4,19,22,30,11,18,2
18336.png,6.0,4,30,41,54,24,37,1
18337.png,5.0_4.0,10,60,60,124,64,50,2
18338.png,1.0_2.0_2.0_6.0,33,94,71,152,58,38,4
18339.png,5.0_8.0,2,15,16,33,18,14,2
1834.png,5.0_3.0,11,31,35,53,22,24,2
18340.png,2.0_4.0,11,50,48,86,36,37,2
18341.png,1.0,5,26,30,35,9,25,1
18342.png,1.0_3.0_8.0,5,78,94,168,90,89,3
18343.png,6.0,12,41,40,63,22,28,1
18344.png,3.0_6.0,18,86,90,166,80,72,2
18345.png,3.0_7.0,6,25,28,47,22,22,2
18346.png,2.0_2.0,6,37,47,76,39,41,2
18347.png,1.0_2.0,1,19,19,37,18,18,2
18348.png,7.0_3.0,9,35,42,68,33,33,2
18349.png,5.0_2.0,1,54,60,99,45,59,2
1835.png,1.0_10.0_1.0,23,87,73,144,57,50,3
18350.png,4.0_7.0,6,32,36,51,19,30,2
18351.png,1.0,4,25,27,32,7,23,1
18352.png,3.0_6.0_3.0,16,50,41,85,35,25,3
18353.png,2.0_8.0_7.0,65,153,123,263,110,58,3
18354.png,4.0_1.0,18,58,59,86,28,41,2
18355.png,5.0,1,30,43,49,19,42,1
18356.png,2.0_1.0_10.0,12,30,25,53,23,13,3
18357.png,1.0_1.0_8.0,24,84,63,119,35,39,3
18358.png,5.0_2.0,18,82,80,141,59,62,2
18359.png,3.0_3.0_2.0,17,84,65,133,49,48,3
1836.png,3.0_4.0,12,75,86,138,63,74,2
18360.png,3.0_5.0,62,159,107,202,43,45,2
18361.png,6.0_4.0_1.0,1,22,22,50,28,21,3
18362.png,4.0_1.0,9,46,52,72,26,43,2
18363.png,2.0_5.0,32,91,71,120,29,39,2
18364.png,4.0_4.0_2.0,4,29,41,79,50,37,3
18365.png,6.0_8.0,5,41,49,73,32,44,2
18366.png,1.0,9,35,46,45,10,37,1
18367.png,5.0,27,84,67,111,27,40,1
18368.png,2.0_10.0_8.0_2.0,5,31,40,94,63,35,4
18369.png,1.0_4.0,5,40,28,67,27,23,2
1837.png,5.0_7.0_7.0,12,43,38,78,35,26,3
18370.png,2.0_10.0,3,23,23,47,24,20,2
18371.png,3.0_10.0,1,13,13,32,19,12,2
18372.png,4.0_9.0,4,32,32,51,19,28,2
18373.png,5.0_4.0,12,49,65,106,57,53,2
18374.png,2.0_8.0,1,28,33,65,37,32,2
18375.png,3.0_9.0,108,132,163,239,107,55,2
18376.png,1.0_1.0_9.0,26,101,109,159,58,83,3
18377.png,9.0_1.0,9,36,35,56,20,26,2
18378.png,3.0_7.0_7.0,11,36,40,75,39,29,3
18379.png,4.0_3.0,8,52,65,107,55,57,2
1838.png,7.0_8.0,3,29,32,49,20,29,2
18380.png,4.0,5,37,34,58,21,29,1
18381.png,3.0_6.0,5,50,57,96,46,52,2
18382.png,3.0_4.0,13,63,73,120,57,60,2
18383.png,2.0_2.0_7.0,13,56,54,107,51,41,3
18384.png,7.0_8.0,12,51,51,82,31,39,2
18385.png,2.0_4.0_8.0,1,14,18,35,21,17,3
18386.png,5.0,25,82,95,135,53,70,1
18387.png,2.0_3.0_7.0,7,43,58,102,59,51,3
18388.png,3.0_9.0,4,23,17,33,10,13,2
18389.png,1.0_7.0_10.0,6,32,43,67,35,37,3
1839.png,3.0_8.0,2,17,22,31,14,20,2
18390.png,1.0_1.0,4,24,29,39,15,25,2
18391.png,7.0_5.0,17,138,170,295,157,153,2
18392.png,1.0_8.0_7.0_3.0,20,87,90,155,68,70,4
18393.png,3.0_1.0,5,0,36,20,20,31,2
18394.png,3.0_1.0,13,46,46,80,34,33,2
18395.png,1.0_5.0,3,25,22,45,20,19,2
18396.png,8.0_9.0_10.0,35,147,93,242,95,58,3
18397.png,2.0_1.0,16,55,48,91,36,32,2
18398.png,2.0,5,35,41,54,19,36,1
18399.png,2.0,9,89,140,158,69,131,1
184.png,2.0_8.0_10.0_10.0,28,53,67,138,85,39,4
1840.png,9.0_5.0,1,14,18,30,16,17,2
18400.png,4.0_3.0,5,29,34,60,31,29,2
18401.png,1.0_1.0,4,23,29,39,16,25,2
18402.png,2.0_10.0_8.0_1.0,6,20,22,55,35,16,4
18403.png,1.0,5,30,32,38,8,27,1
18404.png,1.0_1.0_7.0,9,29,34,64,35,25,3
18405.png,2.0_3.0,6,28,34,51,23,28,2
18406.png,4.0_1.0,12,51,46,76,25,34,2
18407.png,7.0,3,22,25,34,12,22,1
18408.png,3.0_9.0,3,28,34,58,30,31,2
18409.png,4.0_8.0_1.0,49,143,92,219,76,43,3
1841.png,1.0_3.0_1.0,32,80,63,116,36,31,3
18410.png,2.0,3,22,25,33,11,22,1
18411.png,1.0_3.0,9,49,43,76,27,34,2
18412.png,1.0_6.0_4.0,37,141,189,244,103,152,3
18413.png,2.0,5,39,32,50,11,27,1
18414.png,1.0_4.0_3.0,13,155,73,203,48,60,3
18415.png,1.0_7.0_3.0_4.0,1,18,25,67,49,24,4
18416.png,2.0_10.0_3.0,18,84,80,194,110,62,3
18417.png,1.0_5.0,7,28,34,52,24,27,2
18418.png,1.0_10.0_3.0,6,35,54,89,54,48,3
18419.png,1.0_7.0,7,35,46,65,30,39,2
1842.png,1.0_7.0_7.0,29,92,70,140,48,41,3
18420.png,9.0_8.0,5,30,33,66,36,28,2
18421.png,3.0_1.0_7.0_9.0,28,84,63,143,59,35,4
18422.png,1.0_10.0_7.0,5,31,33,72,41,28,3
18423.png,2.0_7.0_5.0,27,94,73,147,53,46,3
18424.png,1.0_4.0_6.0_7.0,1,21,28,81,60,27,4
18425.png,1.0_5.0,13,60,81,120,60,68,2
18426.png,2.0_3.0,11,37,33,57,20,22,2
18427.png,1.0_4.0,6,44,42,69,25,36,2
18428.png,1.0_10.0_9.0,9,50,57,103,53,48,3
18429.png,2.0_7.0_10.0_2.0,10,51,55,133,82,45,4
1843.png,1.0_7.0,8,26,26,40,14,18,2
18430.png,3.0_7.0,2,23,29,41,18,27,2
18431.png,7.0_8.0,1,16,18,32,16,17,2
18432.png,5.0_5.0,1,17,21,40,23,20,2
18433.png,2.0_6.0,7,29,27,49,20,20,2
18434.png,1.0_1.0_7.0_5.0,8,45,48,117,72,40,4
18435.png,1.0_7.0,11,58,76,110,52,65,2
18436.png,9.0_7.0,6,38,38,58,20,32,2
18437.png,5.0_4.0,24,78,71,146,68,47,2
18438.png,3.0,7,33,35,47,14,28,1
18439.png,1.0_5.0,6,45,59,83,38,53,2
1844.png,8.0_3.0,11,32,26,56,24,15,2
18440.png,1.0,9,50,52,65,15,43,1
18441.png,3.0,10,42,38,70,28,28,1
18442.png,1.0_10.0,9,49,52,98,49,43,2
18443.png,1.0_1.0_6.0,3,45,56,100,55,53,3
18444.png,1.0_8.0,18,90,87,150,60,69,2
18445.png,3.0_8.0_9.0,4,26,25,47,21,21,3
18446.png,2.0_1.0_10.0_10.0,13,36,27,64,28,14,4
18447.png,7.0_2.0,1,28,31,48,20,30,2
18448.png,2.0_8.0,10,48,54,71,23,44,2
18449.png,4.0,12,43,35,53,10,23,1
1845.png,1.0_6.0_8.0,2,17,15,39,22,13,3
18450.png,1.0_9.0,9,39,48,66,27,39,2
18451.png,9.0_1.0,1,32,37,54,22,36,2
18452.png,1.0_6.0_4.0,66,108,101,142,34,35,3
18453.png,1.0_2.0_3.0,3,26,32,67,41,29,3
18454.png,1.0_2.0,1,30,42,69,39,41,2
18455.png,1.0_7.0_6.0_6.0,3,13,20,41,28,17,4
18456.png,4.0_10.0,4,22,24,38,16,20,2
18457.png,9.0_6.0,3,20,23,37,17,20,2
18458.png,1.0_10.0_3.0_2.0,12,51,46,99,48,34,4
18459.png,3.0_9.0,5,32,36,61,29,31,2
1846.png,2.0_6.0_1.0,19,72,60,102,30,41,3
18460.png,8.0_4.0,33,66,59,87,21,26,2
18461.png,7.0,3,35,20,46,11,17,1
18462.png,1.0_6.0,9,41,47,76,35,38,2
18463.png,2.0_5.0,4,18,23,35,17,19,2
18464.png,8.0_4.0_1.0,10,43,31,70,27,21,3
18465.png,1.0,5,55,34,64,9,29,1
18466.png,6.0,6,34,31,48,14,25,1
18467.png,5.0_6.0,3,37,42,89,52,39,2
18468.png,2.0_4.0,21,225,59,261,36,38,2
18469.png,1.0_4.0_10.0,3,25,23,47,22,20,3
1847.png,2.0_6.0,1,20,20,38,18,19,2
18470.png,1.0,5,38,39,50,12,34,1
18471.png,2.0_8.0_1.0,5,30,32,64,34,27,3
18472.png,2.0_4.0,4,33,25,48,15,21,2
18473.png,4.0_3.0,14,75,77,119,44,63,2
18474.png,1.0,2,15,13,18,3,11,1
18475.png,4.0,6,31,31,47,16,25,1
18476.png,4.0_9.0,5,37,36,68,31,31,2
18477.png,3.0_2.0,5,27,27,49,22,22,2
18478.png,8.0,10,51,65,86,35,55,1
18479.png,5.0_9.0_6.0,49,176,128,270,94,79,3
1848.png,1.0_4.0,5,24,29,46,22,24,2
18480.png,3.0_9.0_5.0,72,82,110,117,35,38,3
18481.png,2.0_1.0,8,44,48,71,27,40,2
18482.png,1.0_4.0_3.0,13,57,63,120,63,50,3
18483.png,5.0,4,21,25,34,13,21,1
18484.png,3.0_3.0,13,64,62,115,51,49,2
18485.png,8.0_6.0,9,38,47,72,34,38,2
18486.png,3.0_5.0,2,40,64,114,74,62,2
18487.png,6.0_2.0,1,25,30,52,27,29,2
18488.png,4.0_10.0_7.0,8,42,32,68,26,24,3
18489.png,1.0_8.0,5,28,28,53,25,23,2
1849.png,2.0_7.0,1,39,54,90,51,53,2
18490.png,2.0_8.0,8,56,72,109,53,64,2
18491.png,2.0_6.0_2.0,7,115,93,174,59,86,3
18492.png,3.0_6.0,4,39,48,96,57,44,2
18493.png,5.0_4.0,8,49,61,89,40,53,2
18494.png,4.0_2.0_5.0,55,118,103,173,55,48,3
18495.png,3.0,5,33,40,46,13,35,1
18496.png,1.0_1.0_9.0,8,153,55,189,36,47,3
18497.png,7.0,5,25,21,32,7,16,1
18498.png,2.0_10.0_3.0,17,75,69,118,43,52,3
18499.png,3.0_10.0,1,18,20,41,23,19,2
185.png,2.0_5.0_6.0,1,10,13,28,18,12,3
1850.png,1.0_5.0,4,39,30,70,31,26,2
18500.png,1.0,2,27,26,33,6,24,1
18501.png,7.0_2.0,2,31,34,58,27,32,2
18502.png,3.0_6.0_3.0,18,45,42,87,42,24,3
18503.png,9.0,21,64,72,99,35,51,1
18504.png,4.0_3.0,18,53,50,95,42,32,2
18505.png,2.0_2.0_5.0,2,31,50,83,52,48,3
18506.png,2.0_9.0,2,15,16,27,12,14,2
18507.png,4.0_3.0,6,31,33,63,32,27,2
18508.png,2.0_3.0,18,19,50,56,37,32,2
18509.png,2.0_2.0,12,40,36,67,27,24,2
1851.png,7.0_2.0,6,18,24,38,20,18,2
18510.png,9.0_5.0,7,38,48,69,31,41,2
18511.png,3.0_10.0,7,24,30,53,29,23,2
18512.png,2.0_2.0,1,25,29,44,19,28,2
18513.png,9.0_1.0,2,19,22,34,15,20,2
18514.png,4.0,11,55,59,69,14,48,1
18515.png,1.0_5.0_7.0_10.0,25,76,56,125,49,31,4
18516.png,1.0_2.0_8.0,4,28,46,88,60,42,3
18517.png,5.0_7.0,8,41,38,69,28,30,2
18518.png,8.0_9.0,4,30,38,67,37,34,2
18519.png,7.0_7.0,9,47,51,102,55,42,2
1852.png,1.0_10.0_1.0,4,18,18,34,16,14,3
18520.png,5.0_3.0,4,45,58,96,51,54,2
18521.png,5.0_4.0,4,31,38,59,28,34,2
18522.png,3.0,6,39,33,50,11,27,1
18523.png,4.0_8.0,24,71,62,104,33,38,2
18524.png,4.0_2.0,1,24,24,40,16,23,2
18525.png,2.0_1.0_8.0,5,30,31,56,26,26,3
18526.png,2.0_6.0_7.0_1.0,1,15,14,43,28,13,4
18527.png,3.0_8.0,10,48,61,88,40,51,2
18528.png,6.0_5.0,16,0,56,33,33,40,2
18529.png,7.0_4.0_3.0,7,86,45,127,41,38,3
1853.png,4.0_7.0_9.0,10,65,60,117,52,50,3
18530.png,2.0_10.0_7.0,9,53,91,150,97,82,3
18531.png,2.0_3.0,16,53,57,89,36,41,2
18532.png,1.0_10.0,1,16,21,32,16,20,2
18533.png,4.0_10.0,27,91,84,163,72,57,2
18534.png,4.0_10.0,8,15,88,103,88,80,2
18535.png,2.0_10.0,5,24,27,43,19,22,2
18536.png,8.0_5.0,3,17,24,32,15,21,2
18537.png,5.0_8.0_10.0,14,51,38,79,28,24,3
18538.png,2.0_1.0_9.0,69,189,107,245,56,38,3
18539.png,1.0_1.0,7,54,65,103,49,58,2
1854.png,3.0,8,36,37,48,12,29,1
18540.png,2.0_3.0_1.0_9.0,21,87,89,159,72,68,4
18541.png,4.0_1.0,6,31,40,57,26,34,2
18542.png,1.0_1.0_7.0,1,21,26,43,22,25,3
18543.png,1.0_4.0,77,191,109,219,28,32,2
18544.png,2.0_7.0,6,31,32,63,32,26,2
18545.png,1.0_6.0,25,88,85,142,54,60,2
18546.png,3.0_2.0,5,23,25,41,18,20,2
18547.png,6.0_4.0,4,26,29,60,34,25,2
18548.png,2.0_10.0,1,31,44,77,46,43,2
18549.png,3.0_10.0,2,20,27,51,31,25,2
1855.png,1.0_7.0,16,61,44,84,23,28,2
18550.png,2.0,5,18,21,24,6,16,1
18551.png,7.0_8.0,20,107,108,172,65,88,2
18552.png,5.0_1.0,6,35,38,59,24,32,2
18553.png,3.0_10.0_10.0,3,42,50,86,44,47,3
18554.png,3.0_4.0_10.0,25,104,69,192,88,44,3
18555.png,4.0_8.0_2.0,1,15,34,63,48,33,3
18556.png,2.0_2.0_10.0,2,33,29,56,23,27,3
18557.png,7.0,3,20,24,29,9,21,1
18558.png,3.0_4.0,19,274,66,324,50,47,2
18559.png,4.0_6.0,18,63,66,120,57,48,2
1856.png,7.0,12,47,51,74,27,39,1
18560.png,2.0_1.0,8,61,72,150,89,64,2
18561.png,1.0_7.0,4,27,35,52,25,31,2
18562.png,3.0_1.0_6.0,2,15,25,41,26,23,3
18563.png,2.0,3,30,40,68,38,37,1
18564.png,3.0_1.0_10.0,24,54,53,94,40,29,3
18565.png,4.0,4,35,45,60,25,41,1
18566.png,6.0_3.0,3,26,26,67,41,23,2
18567.png,1.0_5.0,22,131,139,225,94,117,2
18568.png,1.0_2.0_6.0,14,54,37,78,24,23,3
18569.png,2.0_1.0,56,113,154,185,72,98,2
1857.png,4.0_6.0,21,106,96,190,84,75,2
18570.png,1.0_7.0_6.0,2,31,42,81,50,40,3
18571.png,2.0_5.0,1,28,37,60,32,36,2
18572.png,8.0,4,14,20,26,12,16,1
18573.png,4.0_1.0,22,69,59,102,33,37,2
18574.png,1.0_5.0_7.0_9.0,4,21,20,64,43,16,4
18575.png,4.0_7.0,8,35,43,58,23,35,2
18576.png,3.0_3.0_8.0,24,80,57,119,39,33,3
18577.png,9.0,10,48,52,76,28,42,1
18578.png,2.0_7.0,8,43,52,81,38,44,2
18579.png,10.0,9,90,48,116,26,39,1
1858.png,1.0_10.0_6.0,20,59,61,113,54,41,3
18580.png,2.0_10.0_5.0,4,38,41,74,36,37,3
18581.png,2.0_2.0,1,24,32,51,27,31,2
18582.png,4.0_3.0,8,27,25,43,16,17,2
18583.png,3.0_3.0,6,47,59,113,66,53,2
18584.png,5.0_1.0,9,29,32,46,17,23,2
18585.png,1.0_5.0_5.0,36,99,79,142,43,43,3
18586.png,6.0,9,31,27,38,7,18,1
18587.png,3.0_4.0,6,41,52,90,49,46,2
18588.png,6.0_7.0,3,26,36,59,33,33,2
18589.png,1.0_8.0_5.0,3,25,29,57,32,26,3
1859.png,2.0_9.0,15,65,73,146,81,58,2
18590.png,5.0_10.0,5,26,33,42,16,28,2
18591.png,3.0_7.0,2,16,16,23,7,14,2
18592.png,4.0,16,65,59,95,30,43,1
18593.png,3.0_3.0_1.0,8,52,58,110,58,50,3
18594.png,6.0_6.0,12,79,85,167,88,73,2
18595.png,1.0_9.0,40,147,121,247,100,81,2
18596.png,9.0_7.0,1,16,23,35,19,22,2
18597.png,5.0,14,62,75,94,32,61,1
18598.png,5.0_10.0,22,154,95,208,54,73,2
18599.png,8.0,7,38,25,49,11,18,1
186.png,1.0_3.0_10.0,8,34,59,101,67,51,3
1860.png,2.0_10.0,6,52,69,127,75,63,2
18600.png,2.0_2.0_7.0,8,51,38,85,34,30,3
18601.png,8.0_9.0,1,34,49,86,52,48,2
18602.png,9.0,2,50,60,74,24,58,1
18603.png,4.0_10.0,5,74,94,195,121,89,2
18604.png,5.0,9,41,50,64,23,41,1
18605.png,7.0_10.0_4.0,12,40,38,86,46,26,3
18606.png,5.0,6,29,30,41,12,24,1
18607.png,4.0,2,21,23,34,13,21,1
18608.png,1.0_7.0,2,11,14,22,11,12,2
18609.png,1.0_1.0,1,16,19,28,12,18,2
1861.png,2.0_9.0,3,29,36,64,35,33,2
18610.png,1.0_2.0,5,19,24,35,16,19,2
18611.png,1.0_3.0,7,44,47,70,26,40,2
18612.png,2.0_3.0,7,27,31,53,26,24,2
18613.png,6.0_10.0,8,45,58,83,38,50,2
18614.png,2.0_10.0,21,73,62,109,36,41,2
18615.png,3.0_8.0,27,83,72,110,27,45,2
18616.png,3.0_1.0_6.0,13,55,57,112,57,44,3
18617.png,1.0_1.0_1.0,8,43,39,68,25,31,3
18618.png,3.0,5,15,18,23,8,13,1
18619.png,2.0_3.0_3.0,2,32,34,60,28,32,3
1862.png,4.0_3.0,3,14,21,33,19,18,2
18620.png,5.0_1.0,7,41,42,79,38,35,2
18621.png,4.0_6.0,5,27,30,55,28,25,2
18622.png,7.0_6.0,9,35,46,78,43,37,2
18623.png,6.0,16,59,55,79,20,39,1
18624.png,8.0_8.0_1.0,10,46,41,84,38,31,3
18625.png,4.0,8,36,42,56,20,34,1
18626.png,1.0_3.0_9.0,13,53,49,95,42,36,3
18627.png,6.0,7,34,35,46,12,28,1
18628.png,1.0_2.0_5.0,2,24,28,55,31,26,3
18629.png,6.0_6.0,18,68,64,113,45,46,2
1863.png,3.0_10.0_5.0,7,54,54,110,56,47,3
18630.png,8.0_6.0,4,25,27,48,23,23,2
18631.png,4.0,4,21,23,29,8,19,1
18632.png,1.0_8.0_3.0_9.0,6,21,25,53,32,19,4
18633.png,4.0_8.0,14,66,89,160,94,75,2
18634.png,4.0_2.0,5,16,19,31,15,14,2
18635.png,5.0_9.0,3,44,66,103,59,63,2
18636.png,6.0_1.0,6,37,42,72,35,36,2
18637.png,8.0,4,35,38,56,21,34,1
18638.png,4.0_3.0,4,19,30,44,25,26,2
18639.png,1.0_2.0_8.0,4,33,40,77,44,36,3
1864.png,4.0_9.0,8,34,37,56,22,29,2
18640.png,9.0_1.0_4.0,17,57,51,107,50,34,3
18641.png,4.0_4.0,7,34,32,57,23,25,2
18642.png,1.0_4.0,4,18,16,31,13,12,2
18643.png,2.0,6,25,31,44,19,25,1
18644.png,1.0_4.0_2.0,3,25,28,58,33,25,3
18645.png,1.0_4.0_10.0,63,156,98,196,40,35,3
18646.png,1.0_3.0_1.0,10,45,41,95,50,31,3
18647.png,4.0_8.0,4,32,32,52,20,28,2
18648.png,5.0_6.0,13,41,41,61,20,28,2
18649.png,4.0_6.0,21,106,42,133,27,21,2
1865.png,2.0_7.0_8.0,7,55,67,140,85,60,3
18650.png,8.0,6,27,25,34,7,19,1
18651.png,1.0_1.0_3.0,7,29,33,64,35,26,3
18652.png,4.0,8,32,29,39,7,21,1
18653.png,5.0_2.0,4,28,28,49,21,24,2
18654.png,5.0_10.0_1.0,1,15,18,43,28,17,3
18655.png,1.0_5.0_4.0_2.0,2,15,17,47,32,15,4
18656.png,9.0_1.0,15,87,79,138,51,64,2
18657.png,3.0_8.0,6,33,43,67,34,37,2
18658.png,1.0_1.0_6.0,3,26,28,53,27,25,3
18659.png,6.0_1.0,11,37,33,55,18,22,2
1866.png,5.0_1.0_7.0,17,67,51,98,31,34,3
18660.png,9.0_2.0,9,52,66,104,52,57,2
18661.png,1.0,6,50,53,63,13,47,1
18662.png,8.0,15,95,121,125,30,106,1
18663.png,1.0_6.0_2.0_2.0,1,22,21,69,47,20,4
18664.png,3.0_6.0_3.0,17,139,51,175,36,34,3
18665.png,3.0_4.0_10.0,5,31,33,71,40,28,3
18666.png,1.0_5.0,1,23,22,42,19,21,2
18667.png,1.0_2.0_10.0,17,69,76,111,42,59,3
18668.png,1.0_2.0_8.0_10.0,4,19,19,55,36,15,4
18669.png,3.0_8.0,1,11,14,28,17,13,2
1867.png,2.0,9,23,26,32,9,17,1
18670.png,1.0_2.0,9,75,98,182,107,89,2
18671.png,5.0_6.0,21,142,50,172,30,29,2
18672.png,1.0_5.0_9.0,17,75,61,121,46,44,3
18673.png,1.0_10.0,35,146,147,254,108,112,2
18674.png,3.0,10,39,38,53,14,28,1
18675.png,4.0_1.0_6.0,39,70,77,125,55,38,3
18676.png,1.0_9.0_6.0,13,52,45,101,49,32,3
18677.png,2.0_6.0_2.0_6.0,2,19,29,62,43,27,4
18678.png,5.0_2.0,1,14,20,34,20,19,2
18679.png,4.0_1.0,17,51,47,79,28,30,2
1868.png,3.0_6.0,2,31,37,62,31,35,2
18680.png,7.0_6.0,13,63,67,103,40,54,2
18681.png,10.0,10,37,33,46,9,23,1
18682.png,4.0_3.0,4,32,44,72,40,40,2
18683.png,7.0,4,22,24,32,10,20,1
18684.png,5.0_1.0_2.0,2,19,27,69,50,25,3
18685.png,6.0,26,96,81,125,29,55,1
18686.png,2.0_7.0,4,19,22,33,14,18,2
18687.png,1.0_7.0_5.0,2,20,18,39,19,16,3
18688.png,4.0_3.0,1,19,21,41,22,20,2
18689.png,2.0_7.0_5.0,2,32,34,70,38,32,3
1869.png,2.0_6.0,16,62,71,84,22,55,2
18690.png,1.0_3.0,13,44,47,81,37,34,2
18691.png,1.0_10.0,12,65,91,151,86,79,2
18692.png,3.0,4,45,36,61,16,32,1
18693.png,2.0_3.0,2,17,17,32,15,15,2
18694.png,6.0_4.0,5,25,30,51,26,25,2
18695.png,7.0,7,33,29,44,11,22,1
18696.png,1.0_5.0,4,31,32,47,16,28,2
18697.png,1.0_2.0_8.0_10.0,27,20,61,71,51,34,4
18698.png,4.0_1.0,2,18,14,32,14,12,2
18699.png,3.0_8.0,11,36,56,81,45,45,2
187.png,1.0_9.0,1,20,27,49,29,26,2
1870.png,2.0_10.0,4,27,36,60,33,32,2
18700.png,2.0_8.0,18,89,76,147,58,58,2
18701.png,3.0_1.0_4.0,20,58,57,90,32,37,3
18702.png,5.0_2.0_4.0,6,33,35,61,28,29,3
18703.png,2.0_7.0,12,61,75,133,72,63,2
18704.png,2.0_3.0,16,72,73,127,55,57,2
18705.png,5.0_8.0,5,37,45,68,31,40,2
18706.png,8.0_10.0,1,14,13,22,8,12,2
18707.png,8.0,8,50,53,66,16,45,1
18708.png,4.0_1.0,27,164,246,359,195,219,2
18709.png,7.0,7,41,44,67,26,37,1
1871.png,1.0_10.0,3,38,50,74,36,47,2
18710.png,1.0_7.0,8,32,37,55,23,29,2
18711.png,4.0_6.0,3,20,24,40,20,21,2
18712.png,3.0_3.0,2,22,25,42,20,23,2
18713.png,3.0_8.0,15,67,73,120,53,58,2
18714.png,3.0_3.0,96,177,141,209,32,45,2
18715.png,1.0,5,40,43,58,18,38,1
18716.png,1.0_9.0,6,32,39,50,18,33,2
18717.png,5.0_5.0,3,38,55,89,51,52,2
18718.png,1.0_4.0,3,31,33,52,21,30,2
18719.png,4.0_1.0,9,35,41,61,26,32,2
1872.png,1.0_4.0_2.0,1,19,16,35,16,15,3
18720.png,4.0_5.0,14,39,46,65,26,32,2
18721.png,1.0_3.0_8.0,6,37,37,66,29,31,3
18722.png,4.0_4.0_3.0,1,17,21,39,22,20,3
18723.png,2.0_4.0,1,20,27,45,25,26,2
18724.png,1.0_6.0,7,32,42,57,25,35,2
18725.png,9.0_2.0,8,40,46,69,29,38,2
18726.png,7.0_3.0,4,25,31,56,31,27,2
18727.png,4.0,8,30,27,42,12,19,1
18728.png,1.0_2.0,2,15,17,30,15,15,2
18729.png,1.0_1.0_7.0,4,40,37,71,31,33,3
1873.png,9.0_9.0,7,48,53,69,21,46,2
18730.png,1.0_5.0,3,59,87,131,72,84,2
18731.png,2.0_10.0,4,31,37,67,36,33,2
18732.png,5.0_2.0,21,60,65,99,39,44,2
18733.png,7.0_1.0,24,84,56,124,40,32,2
18734.png,4.0_8.0,1,25,35,55,30,34,2
18735.png,6.0_10.0,13,74,109,179,105,96,2
18736.png,1.0_6.0,15,80,72,161,81,57,2
18737.png,4.0_6.0,3,22,22,41,19,19,2
18738.png,9.0,1,21,22,32,11,21,1
18739.png,1.0_5.0_10.0,1,31,28,87,56,27,3
1874.png,3.0_4.0,1,16,15,26,10,14,2
18740.png,4.0_1.0,1,15,17,27,12,16,2
18741.png,9.0_2.0,2,21,21,38,17,19,2
18742.png,2.0,4,97,128,199,102,124,1
18743.png,1.0,10,37,40,67,30,30,1
18744.png,7.0_2.0,24,64,61,104,40,37,2
18745.png,3.0,9,48,45,69,21,36,1
18746.png,6.0_7.0,6,48,51,79,31,45,2
18747.png,3.0_1.0,1,22,34,62,40,33,2
18748.png,3.0_8.0_7.0,1,23,30,62,39,29,3
18749.png,9.0_8.0,5,38,51,78,40,46,2
1875.png,6.0_4.0,6,32,35,71,39,29,2
18750.png,2.0_3.0,28,146,50,171,25,22,2
18751.png,1.0_3.0_6.0,3,27,31,49,22,28,3
18752.png,4.0,5,21,24,31,10,19,1
18753.png,2.0_4.0,7,74,83,158,84,76,2
18754.png,2.0_4.0_7.0,3,18,21,34,16,18,3
18755.png,2.0_4.0,1,15,17,30,15,16,2
18756.png,5.0_1.0_9.0,1,14,16,31,17,15,3
18757.png,5.0_4.0,10,44,43,70,26,33,2
18758.png,6.0_5.0_6.0,24,128,64,161,33,40,3
18759.png,5.0_7.0,2,27,25,43,16,23,2
1876.png,2.0_4.0_10.0,2,19,29,56,37,27,3
18760.png,5.0,1,16,17,25,9,16,1
18761.png,5.0,9,28,34,41,13,25,1
18762.png,8.0_1.0,2,20,25,46,26,23,2
18763.png,2.0_6.0_6.0,16,51,42,91,40,26,3
18764.png,1.0_10.0_2.0,2,23,29,44,21,27,3
18765.png,2.0_2.0,1,35,48,86,51,47,2
18766.png,5.0_5.0,2,24,33,54,30,31,2
18767.png,2.0_5.0,6,25,31,50,25,25,2
18768.png,9.0,8,50,66,68,18,58,1
18769.png,2.0,9,32,27,43,11,18,1
1877.png,1.0_5.0,3,25,35,40,15,32,2
18770.png,3.0_5.0,3,27,32,45,18,29,2
18771.png,2.0_2.0,8,37,31,67,30,23,2
18772.png,5.0_6.0,14,86,112,190,104,98,2
18773.png,5.0_8.0,3,26,28,42,16,25,2
18774.png,6.0_3.0_3.0,19,74,84,128,54,65,3
18775.png,1.0_4.0,2,25,30,52,27,28,2
18776.png,5.0_9.0,8,60,75,122,62,67,2
18777.png,6.0_5.0,14,58,51,91,33,37,2
18778.png,6.0_6.0,7,39,36,75,36,29,2
18779.png,4.0_7.0_3.0,7,36,34,70,34,27,3
1878.png,6.0_9.0,1,36,38,56,20,37,2
18780.png,1.0_2.0_6.0_4.0,48,116,119,216,100,71,4
18781.png,6.0_2.0,5,25,27,45,20,22,2
18782.png,7.0,3,28,31,46,18,28,1
18783.png,8.0,5,26,27,36,10,22,1
18784.png,1.0_9.0_1.0,9,50,69,142,92,60,3
18785.png,5.0_2.0,11,49,44,81,32,33,2
18786.png,8.0_4.0,17,54,51,92,38,34,2
18787.png,2.0_10.0,1,16,21,35,19,20,2
18788.png,2.0_9.0,5,23,31,59,36,26,2
18789.png,2.0,4,70,99,123,53,95,1
1879.png,9.0_1.0,1,27,36,61,34,35,2
18790.png,5.0,13,48,49,69,21,36,1
18791.png,2.0_7.0_1.0_5.0,1,12,14,45,33,13,4
18792.png,1.0_2.0_2.0,4,19,26,47,28,22,3
18793.png,5.0_1.0,3,30,34,67,37,31,2
18794.png,2.0,13,59,77,82,23,64,1
18795.png,9.0,4,27,28,36,9,24,1
18796.png,3.0_3.0_6.0,19,64,49,104,40,30,3
18797.png,3.0_6.0,11,111,79,166,55,68,2
18798.png,2.0_7.0_4.0_6.0,1,17,19,50,33,18,4
18799.png,2.0_8.0,1,18,19,33,15,18,2
188.png,4.0_5.0,11,38,44,72,34,33,2
1880.png,8.0,1,22,21,30,8,20,1
18800.png,1.0_3.0_8.0,6,35,43,93,58,37,3
18801.png,1.0_4.0_5.0,2,49,64,99,50,62,3
18802.png,1.0_1.0_2.0,7,36,40,79,43,33,3
18803.png,7.0_5.0,17,92,89,175,83,72,2
18804.png,1.0_1.0,11,66,81,132,66,70,2
18805.png,2.0_9.0,9,43,41,74,31,32,2
18806.png,1.0_7.0,8,38,48,74,36,40,2
18807.png,2.0_10.0_10.0,11,45,49,78,33,38,3
18808.png,3.0_2.0,11,59,72,89,30,61,2
18809.png,4.0_6.0,3,29,36,60,31,33,2
1881.png,1.0_2.0,7,42,45,61,19,38,2
18810.png,5.0_3.0,9,52,66,107,55,57,2
18811.png,2.0_8.0,6,52,64,109,57,58,2
18812.png,4.0_5.0_1.0,1,13,15,30,17,14,3
18813.png,8.0_6.0,6,28,30,49,21,24,2
18814.png,3.0_5.0_10.0,1,70,81,181,111,80,3
18815.png,1.0_4.0,5,43,45,79,36,40,2
18816.png,2.0_8.0,29,70,66,100,30,37,2
18817.png,2.0_7.0,11,35,31,61,26,20,2
18818.png,1.0_3.0,11,42,50,70,28,39,2
18819.png,3.0,8,41,50,60,19,42,1
1882.png,4.0,6,34,42,54,20,36,1
18820.png,1.0_10.0,1,22,32,48,26,31,2
18821.png,2.0_6.0,9,58,73,138,80,64,2
18822.png,1.0_5.0_4.0,1,28,30,58,30,29,3
18823.png,4.0_2.0_8.0,12,85,54,162,77,42,3
18824.png,1.0_9.0,10,35,32,57,22,22,2
18825.png,1.0_8.0_3.0,26,128,131,249,121,105,3
18826.png,3.0_8.0,6,24,24,38,14,18,2
18827.png,5.0_8.0,10,62,62,113,51,52,2
18828.png,2.0_2.0_6.0,2,38,49,99,61,47,3
18829.png,1.0_2.0_5.0_1.0,31,165,71,233,68,40,4
1883.png,2.0_10.0_4.0,1,20,20,44,24,19,3
18830.png,1.0_10.0_10.0_7.0,21,56,48,96,40,27,4
18831.png,3.0_5.0,17,56,56,96,40,39,2
18832.png,7.0_4.0,9,31,32,56,25,23,2
18833.png,1.0,9,27,27,31,4,18,1
18834.png,1.0_1.0_6.0,5,33,30,52,19,25,3
18835.png,6.0,3,21,22,33,12,19,1
18836.png,3.0_5.0,11,56,44,92,36,33,2
18837.png,2.0_8.0,13,37,30,53,16,17,2
18838.png,9.0_10.0,5,31,31,51,20,26,2
18839.png,1.0_4.0_3.0_10.0,8,33,34,75,42,26,4
1884.png,1.0_4.0_3.0,4,18,23,46,28,19,3
18840.png,3.0_10.0,1,19,19,39,20,18,2
18841.png,2.0,3,25,27,39,14,24,1
18842.png,3.0_2.0,6,50,49,92,42,43,2
18843.png,9.0,8,172,128,200,28,120,1
18844.png,8.0_6.0,5,30,30,64,34,25,2
18845.png,6.0_4.0_10.0,3,43,47,69,26,44,3
18846.png,2.0_7.0,7,49,66,101,52,59,2
18847.png,1.0_7.0,8,22,21,35,13,13,2
18848.png,5.0_4.0,6,51,53,82,31,47,2
18849.png,1.0_10.0_5.0_5.0,6,40,41,91,51,35,4
1885.png,9.0,2,26,28,48,22,26,1
18850.png,6.0,2,18,25,31,13,23,1
18851.png,1.0_3.0_7.0,1,17,16,34,17,15,3
18852.png,3.0_2.0,3,22,31,57,35,28,2
18853.png,1.0_3.0_4.0,20,103,100,150,47,80,3
18854.png,4.0_10.0,13,53,69,123,70,56,2
18855.png,1.0_2.0,3,21,24,39,18,21,2
18856.png,3.0_3.0_2.0_9.0,1,21,27,53,32,26,4
18857.png,2.0_5.0,8,62,69,110,48,61,2
18858.png,3.0_7.0,4,23,28,46,23,24,2
18859.png,9.0_9.0,6,22,59,71,49,53,2
1886.png,2.0_1.0,5,21,26,34,13,21,2
18860.png,1.0_4.0_1.0,5,37,38,58,21,33,3
18861.png,5.0_7.0,7,29,32,52,23,25,2
18862.png,5.0,1,25,19,39,14,18,1
18863.png,9.0,14,59,54,75,16,40,1
18864.png,4.0,1,20,14,27,7,13,1
18865.png,3.0,4,13,15,19,6,11,1
18866.png,8.0,20,79,72,108,29,52,1
18867.png,1.0_4.0_6.0,1,56,77,115,59,76,3
18868.png,5.0_2.0_4.0,51,115,92,182,67,41,3
18869.png,2.0_7.0_3.0,11,56,61,127,71,50,3
1887.png,5.0,8,41,41,65,24,33,1
18870.png,9.0_1.0_6.0,101,246,174,322,76,73,3
18871.png,1.0_10.0,39,173,134,268,95,95,2
18872.png,1.0_2.0_4.0_1.0,1,11,12,34,23,11,4
18873.png,1.0_5.0_5.0,1,14,18,42,28,17,3
18874.png,6.0_3.0,3,42,59,91,49,56,2
18875.png,6.0_2.0,4,27,28,54,27,24,2
18876.png,3.0_3.0,21,66,71,99,33,50,2
18877.png,2.0_2.0_10.0,21,28,62,76,48,41,3
18878.png,3.0_9.0,1,23,28,53,30,27,2
18879.png,5.0_5.0,2,16,20,34,18,18,2
1888.png,9.0,2,21,24,35,14,22,1
18880.png,1.0_10.0_6.0,11,53,59,131,78,48,3
18881.png,1.0_9.0,3,25,29,47,22,26,2
18882.png,1.0_9.0_4.0,16,99,50,160,61,34,3
18883.png,3.0_3.0,5,23,25,43,20,20,2
18884.png,1.0_4.0,9,115,62,165,50,53,2
18885.png,4.0,22,117,91,147,30,69,1
18886.png,8.0_4.0,13,43,43,73,30,30,2
18887.png,6.0_3.0,17,48,47,73,25,30,2
18888.png,6.0_8.0_1.0,8,41,56,79,38,48,3
18889.png,7.0,6,19,22,33,14,16,1
1889.png,7.0_1.0,9,43,39,71,28,30,2
18890.png,1.0_6.0,6,29,29,49,20,23,2
18891.png,5.0_10.0_3.0,23,174,87,250,76,64,3
18892.png,3.0_2.0,1,14,16,31,17,15,2
18893.png,1.0_1.0_4.0,2,47,59,99,52,57,3
18894.png,6.0_9.0,5,25,27,42,17,22,2
18895.png,6.0_6.0,5,24,33,50,26,28,2
18896.png,9.0,5,37,43,56,19,38,1
18897.png,1.0_1.0,1,21,22,31,10,21,2
18898.png,3.0_6.0,20,87,84,150,63,64,2
18899.png,4.0_7.0,8,48,51,89,41,43,2
189.png,9.0,4,35,35,55,20,31,1
1890.png,5.0_7.0,1,22,30,48,26,29,2
18900.png,4.0,7,23,25,40,17,18,1
18901.png,7.0,7,42,41,62,20,34,1
18902.png,7.0,6,29,25,38,9,19,1
18903.png,5.0_10.0,16,55,62,92,37,46,2
18904.png,9.0_7.0_3.0,28,132,62,183,51,34,3
18905.png,1.0_6.0_4.0,22,110,99,212,102,77,3
18906.png,4.0,9,34,31,46,12,22,1
18907.png,3.0_6.0,13,33,34,55,22,21,2
18908.png,5.0_10.0,1,28,33,56,28,32,2
18909.png,1.0_9.0,3,17,16,29,12,13,2
1891.png,1.0_8.0,4,27,28,45,18,24,2
18910.png,8.0_4.0,3,21,20,45,24,17,2
18911.png,1.0_9.0,13,36,31,58,22,18,2
18912.png,5.0_2.0_1.0,2,25,25,55,30,23,3
18913.png,1.0_1.0_2.0,11,30,29,57,27,18,3
18914.png,4.0_6.0,8,22,28,43,21,20,2
18915.png,2.0_7.0,3,28,30,57,29,27,2
18916.png,1.0_4.0_8.0,7,43,56,100,57,49,3
18917.png,10.0_2.0,18,71,59,107,36,41,2
18918.png,8.0_9.0,17,114,63,146,32,46,2
18919.png,5.0_4.0_6.0,7,41,48,99,58,41,3
1892.png,1.0_9.0_5.0,6,46,48,102,56,42,3
18920.png,2.0_9.0_5.0,1,27,32,61,34,31,3
18921.png,1.0_8.0,20,101,116,192,91,96,2
18922.png,1.0_8.0,7,63,80,131,68,73,2
18923.png,2.0_3.0,5,36,40,78,42,35,2
18924.png,8.0_7.0,1,22,34,64,42,33,2
18925.png,6.0_3.0_3.0,13,40,60,94,54,47,3
18926.png,2.0_4.0,1,24,38,72,48,37,2
18927.png,7.0_6.0,3,24,27,56,32,24,2
18928.png,2.0_8.0,2,17,17,35,18,15,2
18929.png,2.0_8.0,10,46,49,81,35,39,2
1893.png,1.0_10.0,3,30,33,51,21,30,2
18930.png,5.0,2,20,26,32,12,24,1
18931.png,4.0_2.0_3.0,15,45,30,67,22,15,3
18932.png,2.0_7.0,6,48,57,105,57,51,2
18933.png,3.0_3.0,6,24,28,41,17,22,2
18934.png,5.0_9.0,3,25,27,47,22,24,2
18935.png,7.0,16,57,61,82,25,45,1
18936.png,2.0_5.0_7.0,5,74,67,162,88,62,3
18937.png,3.0,9,75,54,99,24,45,1
18938.png,1.0_10.0_8.0,10,27,31,46,19,21,3
18939.png,4.0_6.0,18,66,68,117,51,50,2
1894.png,1.0_2.0_8.0,4,33,33,60,27,29,3
18940.png,1.0_3.0,1,14,12,28,14,11,2
18941.png,1.0,5,22,26,33,11,21,1
18942.png,1.0_7.0,8,39,49,81,42,41,2
18943.png,7.0,7,47,45,73,26,38,1
18944.png,1.0_1.0_10.0_8.0_9.0,1,35,40,110,75,39,5
18945.png,1.0_8.0,4,26,30,40,14,26,2
18946.png,3.0_9.0,12,60,80,127,67,68,2
18947.png,4.0_1.0,2,17,16,28,11,14,2
18948.png,5.0_5.0_8.0_4.0,25,102,72,179,77,47,4
18949.png,1.0_2.0_8.0,4,24,26,44,20,22,3
1895.png,2.0_1.0,31,139,165,333,194,134,2
18950.png,3.0_8.0,5,24,32,55,31,27,2
18951.png,6.0_8.0,2,35,54,81,46,52,2
18952.png,8.0_10.0,2,18,15,28,10,13,2
18953.png,3.0_7.0,11,33,35,53,20,24,2
18954.png,7.0_5.0,11,53,64,118,65,53,2
18955.png,2.0_3.0,4,56,72,112,56,68,2
18956.png,7.0_1.0_5.0,51,84,67,107,23,16,3
18957.png,1.0_5.0,5,31,29,48,17,24,2
18958.png,1.0_3.0_4.0,5,51,57,116,65,52,3
18959.png,1.0_2.0,8,66,69,119,53,61,2
1896.png,3.0,6,28,21,35,7,15,1
18960.png,2.0_7.0,9,39,40,70,31,31,2
18961.png,9.0_10.0,1,20,20,35,15,19,2
18962.png,2.0_4.0_10.0,2,15,15,37,22,13,3
18963.png,6.0_2.0_1.0,33,92,70,122,30,37,3
18964.png,8.0_3.0,20,93,70,135,42,50,2
18965.png,6.0,2,22,21,33,11,19,1
18966.png,2.0,28,86,61,104,18,33,1
18967.png,2.0_2.0_10.0,3,16,23,51,35,20,3
18968.png,6.0_6.0_4.0,5,69,70,147,78,65,3
18969.png,3.0_2.0,3,25,26,43,18,23,2
1897.png,2.0_9.0,12,51,53,76,25,41,2
18970.png,7.0_8.0,5,23,29,54,31,24,2
18971.png,1.0_6.0,9,48,52,87,39,43,2
18972.png,9.0,7,34,36,49,15,29,1
18973.png,5.0,2,16,16,22,6,14,1
18974.png,4.0_3.0_3.0,9,24,21,39,15,12,3
18975.png,4.0_4.0_2.0,6,57,69,121,64,63,3
18976.png,1.0_2.0,4,47,57,102,55,53,2
18977.png,4.0,1,18,16,32,14,15,1
18978.png,4.0_10.0_3.0,7,33,38,92,59,31,3
18979.png,2.0_5.0,3,23,29,43,20,26,2
1898.png,1.0,2,19,19,30,11,17,1
18980.png,4.0,9,57,68,100,43,59,1
18981.png,4.0_4.0,9,59,80,151,92,71,2
18982.png,7.0,3,20,19,26,6,16,1
18983.png,2.0_2.0,7,30,34,59,29,27,2
18984.png,1.0_6.0,1,18,18,34,16,17,2
18985.png,1.0_4.0_5.0,8,30,33,58,28,25,3
18986.png,3.0_1.0_6.0,18,83,85,173,90,67,3
18987.png,1.0_8.0_10.0,16,72,69,159,87,53,3
18988.png,1.0,3,24,26,33,9,23,1
18989.png,1.0_7.0,3,31,31,48,17,28,2
1899.png,2.0_5.0,7,6,41,26,20,34,2
18990.png,1.0_8.0,7,51,59,86,35,52,2
18991.png,2.0_8.0,1,17,19,27,10,18,2
18992.png,1.0,12,61,88,90,29,76,1
18993.png,4.0_4.0,3,64,70,116,52,67,2
18994.png,3.0_6.0_2.0,29,105,66,143,38,37,3
18995.png,2.0_4.0,11,59,70,100,41,59,2
18996.png,1.0_10.0,8,37,49,63,26,41,2
18997.png,2.0_8.0_10.0,2,30,39,83,53,37,3
18998.png,3.0,7,32,42,52,20,35,1
18999.png,7.0_5.0,10,33,33,54,21,23,2
19.png,2.0_2.0_2.0,1,19,20,43,24,19,3
190.png,2.0_6.0,3,15,15,28,13,12,2
1900.png,8.0,22,62,56,82,20,34,1
19000.png,4.0_3.0,10,63,72,100,37,62,2
19001.png,9.0,9,52,60,84,32,51,1
19002.png,1.0,7,34,37,44,10,30,1
19003.png,2.0_10.0,8,33,29,56,23,21,2
19004.png,1.0_2.0_7.0,17,42,44,79,37,27,3
19005.png,8.0_3.0,3,33,44,75,42,41,2
19006.png,1.0_10.0_2.0_1.0,15,79,51,145,66,36,4
19007.png,5.0_10.0,6,36,43,70,34,37,2
19008.png,4.0_4.0,6,30,34,53,23,28,2
19009.png,3.0,1,23,27,34,11,26,1
1901.png,2.0_4.0,2,31,40,73,42,38,2
19010.png,1.0_8.0_3.0_10.0,13,65,54,106,41,41,4
19011.png,6.0,38,167,176,245,78,138,1
19012.png,5.0_2.0,27,104,68,147,43,41,2
19013.png,5.0_2.0,4,38,47,67,29,43,2
19014.png,1.0_2.0,1,25,31,51,26,30,2
19015.png,1.0_8.0,1,20,25,39,19,24,2
19016.png,1.0_1.0_2.0,8,35,30,57,22,22,3
19017.png,2.0_8.0,11,68,74,125,57,63,2
19018.png,1.0_4.0,1,18,24,34,16,23,2
19019.png,3.0_1.0,11,48,60,98,50,49,2
1902.png,2.0_4.0,1,14,18,39,25,17,2
19020.png,1.0_9.0,4,44,51,79,35,47,2
19021.png,2.0,2,19,18,28,9,16,1
19022.png,2.0,4,42,55,71,29,51,1
19023.png,2.0_9.0,5,23,26,42,19,21,2
19024.png,1.0_1.0,3,18,21,26,8,18,2
19025.png,1.0_10.0,4,35,46,69,34,42,2
19026.png,2.0_10.0,16,61,55,117,56,39,2
19027.png,1.0_5.0,10,35,48,55,20,38,2
19028.png,7.0_7.0,14,59,52,96,37,38,2
19029.png,5.0_2.0,14,48,44,84,36,30,2
1903.png,5.0_2.0_2.0,9,33,41,59,26,32,3
19030.png,1.0_10.0,2,34,46,79,45,44,2
19031.png,4.0_10.0_8.0,17,67,64,118,51,47,3
19032.png,7.0_1.0,6,43,45,69,26,39,2
19033.png,8.0,2,22,25,34,12,23,1
19034.png,2.0_2.0,1,11,12,27,16,11,2
19035.png,2.0_4.0_1.0,3,23,26,49,26,23,3
19036.png,1.0_8.0_1.0_9.0,16,59,62,129,70,46,4
19037.png,4.0_3.0,4,23,23,40,17,19,2
19038.png,3.0,7,25,33,38,13,26,1
19039.png,3.0_7.0,8,62,69,142,80,61,2
1904.png,1.0_7.0_6.0,16,42,41,78,36,25,3
19040.png,8.0_7.0,2,20,25,56,36,23,2
19041.png,4.0_10.0,9,56,67,108,52,58,2
19042.png,9.0,10,54,53,78,24,43,1
19043.png,2.0,12,44,43,66,22,31,1
19044.png,3.0_1.0_7.0,2,18,23,37,19,21,3
19045.png,1.0_8.0_5.0,7,26,25,52,26,18,3
19046.png,7.0,3,33,32,50,17,29,1
19047.png,3.0_3.0_8.0,1,21,26,48,27,25,3
19048.png,2.0_7.0,11,33,31,59,26,20,2
19049.png,5.0_2.0_10.0,28,186,83,263,77,55,3
1905.png,5.0_6.0,16,89,64,125,36,48,2
19050.png,1.0_9.0,36,176,194,342,166,158,2
19051.png,2.0_3.0,1,22,19,36,14,18,2
19052.png,1.0_9.0,10,62,73,158,96,63,2
19053.png,7.0_4.0,4,42,37,76,34,33,2
19054.png,1.0_3.0_4.0,12,54,50,94,40,38,3
19055.png,1.0,11,37,26,43,6,15,1
19056.png,2.0_1.0_6.0_3.0,9,31,34,82,51,25,4
19057.png,3.0_10.0,12,58,52,97,39,40,2
19058.png,8.0_1.0,16,68,51,101,33,35,2
19059.png,2.0,6,29,31,48,19,25,1
1906.png,6.0_7.0,6,23,27,49,26,21,2
19060.png,7.0_8.0,17,50,42,69,19,25,2
19061.png,7.0_6.0,3,31,36,67,36,33,2
19062.png,9.0,10,53,58,81,28,48,1
19063.png,2.0_2.0_5.0,29,96,72,146,50,43,3
19064.png,4.0_3.0_1.0,20,94,100,192,98,80,3
19065.png,1.0_1.0_7.0,1,86,116,157,71,115,3
19066.png,1.0,1,16,18,22,6,17,1
19067.png,1.0_4.0,3,22,29,53,31,26,2
19068.png,7.0_7.0,13,72,100,157,85,87,2
19069.png,3.0_3.0,11,71,84,132,61,73,2
1907.png,1.0_9.0_1.0,4,32,30,71,39,26,3
19070.png,6.0,5,25,30,39,14,25,1
19071.png,1.0_8.0,15,145,179,238,93,164,2
19072.png,1.0_10.0_10.0,3,39,41,72,33,38,3
19073.png,3.0_2.0,4,39,40,66,27,36,2
19074.png,1.0_6.0,5,31,29,47,16,24,2
19075.png,5.0_10.0_8.0,17,131,134,245,114,117,3
19076.png,2.0_5.0_6.0,12,54,54,106,52,42,3
19077.png,1.0_10.0_7.0_6.0,14,36,35,70,34,21,4
19078.png,1.0_7.0_4.0,2,15,18,54,39,16,3
19079.png,7.0_5.0,4,27,35,55,28,31,2
1908.png,6.0_1.0_10.0,3,23,26,47,24,23,3
19080.png,2.0,1,20,14,27,7,13,1
19081.png,2.0_4.0,3,4,68,60,56,65,2
19082.png,6.0_10.0_2.0,6,35,43,72,37,37,3
19083.png,9.0_1.0,17,116,59,155,39,42,2
19084.png,9.0,2,15,16,25,10,14,1
19085.png,2.0,3,35,38,55,20,35,1
19086.png,3.0_2.0_1.0,7,29,34,87,58,27,3
19087.png,3.0_10.0,4,26,22,46,20,18,2
19088.png,4.0_3.0_8.0,9,42,44,74,32,35,3
19089.png,3.0_4.0,6,29,51,64,35,45,2
1909.png,3.0_1.0,14,60,72,128,68,58,2
19090.png,2.0_6.0_4.0,12,40,39,76,36,27,3
19091.png,4.0_4.0,3,29,38,64,35,35,2
19092.png,3.0_4.0,25,63,68,96,33,43,2
19093.png,2.0,7,36,42,59,23,35,1
19094.png,2.0_7.0,1,33,39,70,37,38,2
19095.png,1.0_9.0,2,11,29,34,23,27,2
19096.png,4.0_5.0,5,66,72,137,71,67,2
19097.png,1.0_10.0,2,25,32,54,29,30,2
19098.png,1.0_6.0,1,19,21,39,20,20,2
19099.png,4.0_2.0,6,31,36,60,29,30,2
191.png,1.0_5.0_9.0,5,26,27,57,31,22,3
1910.png,8.0,3,9,35,31,22,32,1
19100.png,1.0_6.0_3.0,4,17,23,44,27,19,3
19101.png,1.0_3.0_2.0,1,16,19,33,17,18,3
19102.png,2.0_9.0,2,19,25,39,20,23,2
19103.png,4.0_9.0_3.0,31,115,103,213,98,72,3
19104.png,1.0_8.0_10.0,6,69,94,128,59,88,3
19105.png,5.0_2.0,3,18,17,29,11,14,2
19106.png,5.0_10.0,6,22,19,34,12,13,2
19107.png,8.0,6,72,97,112,40,91,1
19108.png,4.0,11,40,38,51,11,27,1
19109.png,3.0_10.0,13,47,58,96,49,45,2
1911.png,6.0,2,20,24,35,15,22,1
19110.png,1.0_1.0_7.0,14,47,58,68,21,44,3
19111.png,1.0,3,23,27,36,13,24,1
19112.png,8.0_5.0,14,48,47,71,23,33,2
19113.png,1.0_3.0_5.0,13,68,81,147,79,68,3
19114.png,1.0_2.0_1.0,1,37,36,100,63,35,3
19115.png,2.0_7.0_9.0,2,22,27,53,31,25,3
19116.png,2.0,2,27,30,43,16,28,1
19117.png,2.0_5.0,5,23,25,49,26,20,2
19118.png,1.0_3.0,22,74,68,120,46,46,2
19119.png,2.0_4.0,18,43,35,61,18,17,2
1912.png,1.0_3.0,6,25,27,38,13,21,2
19120.png,9.0_9.0,14,50,47,84,34,33,2
19121.png,2.0_5.0_3.0,1,26,32,76,50,31,3
19122.png,1.0_1.0_1.0_3.0,10,55,60,133,78,50,4
19123.png,4.0,13,51,44,72,21,31,1
19124.png,9.0_9.0,4,24,27,50,26,23,2
19125.png,4.0_9.0,1,31,41,54,23,40,2
19126.png,6.0_10.0,4,70,44,118,48,40,2
19127.png,1.0_3.0_5.0_4.0,1,11,12,36,25,11,4
19128.png,1.0_7.0,3,50,60,109,59,57,2
19129.png,3.0_5.0,5,24,34,57,33,29,2
1913.png,2.0_4.0_5.0,3,21,21,52,31,18,3
19130.png,2.0_6.0_2.0,1,17,21,39,22,20,3
19131.png,5.0_10.0_4.0,18,89,90,155,66,72,3
19132.png,1.0_10.0_3.0,4,29,37,70,41,33,3
19133.png,7.0,11,53,72,94,41,61,1
19134.png,3.0,1,15,14,24,9,13,1
19135.png,7.0,3,31,32,52,21,29,1
19136.png,7.0_7.0,11,63,65,114,51,54,2
19137.png,2.0_4.0,8,63,81,124,61,73,2
19138.png,1.0_4.0,3,21,24,41,20,21,2
19139.png,4.0_2.0,1,11,14,26,15,13,2
1914.png,8.0_2.0_10.0,40,111,76,165,54,36,3
19140.png,2.0_1.0_2.0,14,52,60,107,55,46,3
19141.png,9.0,13,67,76,102,35,63,1
19142.png,9.0,7,40,43,74,34,36,1
19143.png,1.0_8.0,4,21,23,37,16,19,2
19144.png,1.0_6.0,4,26,28,43,17,24,2
19145.png,1.0_4.0,2,23,29,49,26,27,2
19146.png,7.0_10.0,7,48,33,69,21,26,2
19147.png,3.0_6.0,1,16,13,29,13,12,2
19148.png,8.0,1,17,19,30,13,18,1
19149.png,6.0_8.0,2,26,31,56,30,29,2
1915.png,4.0,5,24,23,36,12,18,1
19150.png,1.0_3.0_8.0,17,74,65,139,65,48,3
19151.png,8.0,3,30,26,44,14,23,1
19152.png,2.0_1.0,5,22,23,36,14,18,2
19153.png,1.0_3.0,1,18,18,33,15,17,2
19154.png,1.0_5.0_9.0_4.0,1,10,13,38,28,12,4
19155.png,3.0,12,42,37,58,16,25,1
19156.png,2.0_6.0_2.0,6,30,36,77,47,30,3
19157.png,6.0_8.0,22,66,46,88,22,24,2
19158.png,1.0_7.0,34,147,99,195,48,65,2
19159.png,2.0_9.0_4.0,9,40,34,87,47,25,3
1916.png,2.0_5.0,5,27,25,40,13,20,2
19160.png,1.0_9.0,4,19,19,30,11,15,2
19161.png,1.0_3.0_3.0,9,93,109,230,137,100,3
19162.png,2.0_2.0_2.0_8.0,6,27,24,48,21,18,4
19163.png,1.0_6.0,5,20,23,34,14,18,2
19164.png,2.0_3.0,1,16,22,46,30,21,2
19165.png,1.0_7.0_10.0,1,26,29,63,37,28,3
19166.png,2.0_5.0,1,27,35,56,29,34,2
19167.png,1.0,9,36,35,44,8,26,1
19168.png,4.0_3.0,10,37,37,63,26,27,2
19169.png,6.0_6.0_7.0,19,67,52,100,33,33,3
1917.png,7.0,5,36,38,55,19,33,1
19170.png,3.0_1.0,1,10,12,27,17,11,2
19171.png,1.0,14,49,52,66,17,38,1
19172.png,2.0_6.0,12,47,45,75,28,33,2
19173.png,2.0,1,19,15,30,11,14,1
19174.png,1.0_6.0_1.0,6,33,33,57,24,27,3
19175.png,3.0_4.0,10,70,85,157,87,75,2
19176.png,6.0,7,34,36,51,17,29,1
19177.png,6.0_5.0,1,17,19,35,18,18,2
19178.png,1.0_10.0_10.0,6,42,50,103,61,44,3
19179.png,5.0,2,14,14,22,8,12,1
1918.png,2.0,2,22,21,30,8,19,1
19180.png,1.0_5.0,3,21,26,43,22,23,2
19181.png,2.0_3.0,1,14,15,27,13,14,2
19182.png,1.0_7.0_4.0,2,10,15,27,17,13,3
19183.png,2.0_8.0,6,26,25,45,19,19,2
19184.png,9.0_4.0,10,36,33,58,22,23,2
19185.png,6.0_10.0,3,21,21,42,21,18,2
19186.png,3.0_8.0_8.0,9,55,54,123,68,45,3
19187.png,3.0_4.0,8,28,24,45,17,16,2
19188.png,5.0_10.0,5,41,58,74,33,53,2
19189.png,3.0_10.0_4.0,10,36,28,60,24,18,3
1919.png,1.0_2.0_6.0,20,70,63,106,36,43,3
19190.png,1.0_8.0_10.0,1,16,24,49,33,23,3
19191.png,1.0_5.0_7.0,43,66,77,99,33,34,3
19192.png,1.0,4,24,21,37,13,17,1
19193.png,2.0_5.0,1,18,18,43,25,17,2
19194.png,4.0_6.0,4,27,40,64,37,36,2
19195.png,3.0_6.0,92,192,155,233,41,63,2
19196.png,6.0_4.0,5,25,33,53,28,28,2
19197.png,4.0_10.0,4,30,38,68,38,34,2
19198.png,1.0_8.0,2,35,38,65,30,36,2
19199.png,2.0,24,94,90,131,37,66,1
192.png,3.0,2,22,24,34,12,22,1
1920.png,1.0_1.0_3.0,5,39,44,81,42,39,3
19200.png,1.0_1.0_8.0,5,26,27,55,29,22,3
19201.png,6.0,5,36,44,62,26,39,1
19202.png,2.0,3,26,24,36,10,21,1
19203.png,2.0_3.0,8,37,40,64,27,32,2
19204.png,3.0_2.0,5,26,31,49,23,26,2
19205.png,9.0,9,50,51,81,31,42,1
19206.png,2.0_9.0_2.0,10,37,36,77,40,26,3
19207.png,7.0_7.0,4,25,32,47,22,28,2
19208.png,2.0,13,56,66,94,38,53,1
19209.png,8.0_7.0,5,35,43,72,37,38,2
1921.png,8.0_1.0,17,53,59,79,26,42,2
19210.png,9.0_7.0,11,58,64,120,62,53,2
19211.png,4.0_2.0_3.0_2.0,4,22,22,44,22,18,4
19212.png,1.0_10.0_9.0,9,40,35,68,28,26,3
19213.png,3.0_5.0,2,30,45,58,28,43,2
19214.png,1.0_3.0,12,56,55,88,32,43,2
19215.png,5.0_6.0,18,103,122,187,84,104,2
19216.png,1.0_10.0,4,29,30,47,18,26,2
19217.png,1.0_6.0_5.0_10.0,20,80,79,150,70,59,4
19218.png,3.0_2.0,6,34,52,74,40,46,2
19219.png,3.0_1.0_5.0,55,113,84,148,35,29,3
1922.png,6.0_10.0,10,48,59,94,46,49,2
19220.png,1.0_6.0_8.0,1,22,22,60,38,21,3
19221.png,1.0_4.0_3.0,2,47,67,156,109,65,3
19222.png,6.0_2.0_6.0,17,61,44,99,38,27,3
19223.png,5.0,12,59,62,81,22,50,1
19224.png,4.0_7.0,15,57,47,93,36,32,2
19225.png,6.0,5,45,55,69,24,50,1
19226.png,8.0_6.0,1,16,21,41,25,20,2
19227.png,3.0_1.0,18,77,71,123,46,53,2
19228.png,3.0_3.0_6.0,4,41,52,84,43,48,3
19229.png,1.0_7.0_2.0,10,54,50,95,41,40,3
1923.png,1.0_8.0,3,28,42,67,39,39,2
19230.png,4.0_10.0_10.0,7,29,37,60,31,30,3
19231.png,3.0_1.0,4,43,40,75,32,36,2
19232.png,6.0,3,25,23,35,10,20,1
19233.png,4.0_6.0,1,19,21,45,26,20,2
19234.png,7.0_8.0,7,35,45,80,45,38,2
19235.png,3.0_9.0,35,36,84,107,71,49,2
19236.png,1.0_8.0_3.0,21,103,93,166,63,72,3
19237.png,2.0_10.0_9.0,31,106,101,196,90,70,3
19238.png,4.0_2.0,5,31,25,47,16,20,2
19239.png,2.0_5.0,3,19,19,33,14,16,2
1924.png,4.0_1.0_7.0,5,16,20,39,23,15,3
19240.png,4.0_2.0_3.0,9,43,37,80,37,28,3
19241.png,9.0,18,76,76,106,30,58,1
19242.png,1.0_1.0_5.0,3,27,36,71,44,33,3
19243.png,5.0,15,66,56,93,27,41,1
19244.png,8.0_5.0,2,27,31,58,31,29,2
19245.png,6.0,1,17,19,28,11,18,1
19246.png,2.0_10.0,1,14,19,37,23,18,2
19247.png,1.0_7.0,6,39,46,66,27,40,2
19248.png,5.0,2,32,34,51,19,32,1
19249.png,1.0_5.0,1,20,23,43,23,22,2
1925.png,5.0,4,25,35,36,11,31,1
19250.png,4.0_4.0_9.0,36,101,76,186,85,40,3
19251.png,5.0_2.0_1.0,2,17,18,30,13,16,3
19252.png,5.0_5.0,3,21,15,33,12,12,2
19253.png,1.0_5.0_7.0,6,33,39,67,34,33,3
19254.png,1.0_3.0_3.0,3,22,21,37,15,18,3
19255.png,4.0_2.0,2,19,24,38,19,22,2
19256.png,4.0_5.0,15,70,65,124,54,50,2
19257.png,2.0_8.0,1,11,15,26,15,14,2
19258.png,2.0_5.0,4,34,45,81,47,41,2
19259.png,1.0_10.0_6.0,5,27,29,53,26,24,3
1926.png,1.0_1.0,5,22,21,30,8,16,2
19260.png,1.0_9.0_9.0,1,15,17,38,23,16,3
19261.png,4.0_1.0,7,39,34,56,17,27,2
19262.png,4.0,3,32,30,45,13,27,1
19263.png,2.0_7.0_1.0,3,18,29,42,24,26,3
19264.png,1.0_8.0_10.0,31,165,142,298,133,111,3
19265.png,6.0_3.0,15,70,73,117,47,58,2
19266.png,1.0,6,34,47,55,21,41,1
19267.png,1.0_7.0,2,22,29,36,14,27,2
19268.png,1.0_4.0_9.0,10,57,68,103,46,58,3
19269.png,2.0_8.0,7,45,47,78,33,40,2
1927.png,2.0_2.0,5,31,30,53,22,25,2
19270.png,2.0,4,30,24,47,17,20,1
19271.png,2.0_8.0_2.0,14,59,63,130,71,49,3
19272.png,1.0_10.0_2.0,3,26,34,61,35,31,3
19273.png,4.0_4.0,3,29,36,59,30,33,2
19274.png,7.0_8.0,1,27,34,50,23,33,2
19275.png,3.0_3.0,5,30,33,56,26,28,2
19276.png,4.0_7.0,15,49,37,66,17,22,2
19277.png,2.0_3.0,4,28,27,46,18,23,2
19278.png,1.0_10.0_4.0,7,37,48,70,33,41,3
19279.png,1.0,12,69,76,90,21,64,1
1928.png,9.0,4,28,31,42,14,27,1
19280.png,3.0_6.0_3.0,15,117,65,159,42,50,3
19281.png,4.0_6.0,21,115,61,155,40,40,2
19282.png,3.0_2.0,3,28,30,60,32,27,2
19283.png,3.0,1,20,18,30,10,17,1
19284.png,9.0_3.0,13,69,86,99,30,73,2
19285.png,1.0_7.0,7,32,28,49,17,21,2
19286.png,1.0_1.0_3.0,4,41,55,80,39,51,3
19287.png,2.0_1.0_3.0,3,44,56,117,73,53,3
19288.png,9.0_5.0,4,23,22,44,21,18,2
19289.png,4.0,5,38,47,60,22,42,1
1929.png,3.0_8.0,4,28,41,74,46,37,2
19290.png,6.0_9.0_10.0,11,41,54,117,76,43,3
19291.png,6.0_3.0,70,140,102,166,26,32,2
19292.png,3.0_8.0,10,41,39,73,32,29,2
19293.png,3.0_10.0,4,64,89,153,89,85,2
19294.png,3.0_6.0,22,75,75,131,56,53,2
19295.png,8.0_6.0,24,72,44,101,29,20,2
19296.png,1.0_5.0,7,19,19,28,9,12,2
19297.png,6.0,1,33,35,48,15,34,1
19298.png,7.0,6,35,24,46,11,18,1
19299.png,7.0_3.0,6,39,41,80,41,35,2
193.png,1.0,24,123,109,146,23,85,1
1930.png,8.0_10.0_10.0,21,118,65,160,42,44,3
19300.png,3.0,8,15,37,34,19,29,1
19301.png,1.0_3.0_6.0,11,63,54,118,55,43,3
19302.png,1.0,3,42,55,55,13,52,1
19303.png,3.0_8.0,8,37,39,68,31,31,2
19304.png,3.0_3.0_9.0,1,18,20,46,28,19,3
19305.png,1.0_2.0,10,54,55,98,44,45,2
19306.png,9.0,3,15,16,23,8,13,1
19307.png,1.0_3.0_10.0,9,43,50,77,34,41,3
19308.png,1.0_10.0_4.0,1,52,69,128,76,68,3
19309.png,2.0_6.0,12,49,66,104,55,54,2
1931.png,4.0,3,23,28,37,14,25,1
19310.png,5.0_1.0,22,70,68,105,35,46,2
19311.png,1.0_10.0_4.0,4,31,43,71,40,39,3
19312.png,1.0_10.0_6.0_2.0,17,79,59,190,111,42,4
19313.png,3.0_7.0,25,83,68,117,34,43,2
19314.png,9.0,76,115,112,134,19,36,1
19315.png,2.0,10,60,54,74,14,44,1
19316.png,2.0_6.0_8.0,9,39,36,61,22,27,3
19317.png,1.0,3,38,45,58,20,42,1
19318.png,4.0_2.0_1.0,11,33,29,53,20,18,3
19319.png,2.0,14,16,92,65,49,78,1
1932.png,2.0_7.0,4,24,31,47,23,27,2
19320.png,8.0,8,37,44,57,20,36,1
19321.png,2.0_3.0_8.0_7.0,3,19,16,47,28,13,4
19322.png,3.0_3.0_6.0,9,82,93,174,92,84,3
19323.png,4.0_1.0,1,30,42,67,37,41,2
19324.png,7.0_5.0,51,187,84,220,33,33,2
19325.png,1.0,9,37,38,49,12,29,1
19326.png,4.0,6,41,27,50,9,21,1
19327.png,3.0_8.0_3.0,24,114,96,224,110,72,3
19328.png,1.0_3.0_10.0,7,39,43,87,48,36,3
19329.png,2.0_5.0_10.0_6.0,4,25,23,61,36,19,4
1933.png,3.0_3.0,9,47,44,86,39,35,2
19330.png,4.0_1.0,8,43,51,74,31,43,2
19331.png,6.0_10.0,16,67,55,95,28,39,2
19332.png,4.0,4,81,91,123,42,87,1
19333.png,1.0_10.0,4,32,41,55,23,37,2
19334.png,3.0_1.0,5,39,42,60,21,37,2
19335.png,2.0_8.0,9,65,76,126,61,67,2
19336.png,1.0_1.0,19,64,71,110,46,52,2
19337.png,2.0,2,30,38,53,23,36,1
19338.png,5.0_10.0,12,38,33,52,14,21,2
19339.png,1.0_2.0,9,41,50,75,34,41,2
1934.png,8.0_5.0,3,22,17,33,11,14,2
19340.png,3.0_5.0,16,54,60,102,48,44,2
19341.png,1.0_1.0,2,41,53,81,40,51,2
19342.png,2.0_10.0,1,25,39,58,33,38,2
19343.png,3.0_8.0,15,55,46,87,32,31,2
19344.png,2.0_3.0,8,36,37,62,26,29,2
19345.png,7.0_3.0,2,22,29,53,31,27,2
19346.png,1.0_2.0_5.0,7,32,31,64,32,24,3
19347.png,7.0_10.0,4,28,41,79,51,37,2
19348.png,4.0_8.0,64,91,94,120,29,30,2
19349.png,1.0_3.0_8.0_10.0,2,19,16,48,29,14,4
1935.png,2.0_4.0,24,73,59,119,46,35,2
19350.png,5.0_9.0,4,13,15,24,11,11,2
19351.png,9.0_5.0,25,82,75,149,67,50,2
19352.png,7.0_9.0,7,30,25,49,19,18,2
19353.png,2.0_1.0,9,26,32,47,21,23,2
19354.png,2.0_7.0_4.0_2.0,7,28,22,58,30,15,4
19355.png,1.0_1.0,5,25,34,53,28,29,2
19356.png,2.0_10.0,5,41,44,78,37,39,2
19357.png,1.0_5.0_5.0,1,21,26,66,45,25,3
19358.png,1.0_9.0,6,21,24,36,15,18,2
19359.png,3.0_6.0,11,60,74,119,59,63,2
1936.png,7.0_10.0,2,16,16,30,14,14,2
19360.png,2.0_10.0_1.0,4,23,25,50,27,21,3
19361.png,6.0_7.0,2,26,21,46,20,19,2
19362.png,3.0_10.0_6.0,31,124,103,224,100,72,3
19363.png,1.0_5.0,4,25,25,39,14,21,2
19364.png,3.0_3.0,3,25,32,45,20,29,2
19365.png,3.0,29,64,60,93,29,31,1
19366.png,8.0_5.0,6,38,45,83,45,39,2
19367.png,1.0_8.0_4.0,3,24,29,61,37,26,3
19368.png,3.0_8.0,1,28,37,61,33,36,2
19369.png,2.0_2.0_6.0,26,101,59,143,42,33,3
1937.png,4.0_3.0_6.0,4,43,57,108,65,53,3
19370.png,5.0_2.0_7.0,2,23,30,51,28,28,3
19371.png,3.0_10.0,5,22,24,46,24,19,2
19372.png,3.0,6,27,31,40,13,25,1
19373.png,5.0_3.0,3,48,45,67,19,42,2
19374.png,6.0_4.0_2.0,3,23,22,51,28,19,3
19375.png,2.0_6.0_3.0,16,63,55,116,53,39,3
19376.png,5.0_10.0_7.0,18,65,59,122,57,41,3
19377.png,1.0_9.0_7.0,9,32,30,62,30,21,3
19378.png,8.0_4.0,4,27,37,58,31,33,2
19379.png,1.0_8.0_4.0,17,57,57,99,42,40,3
1938.png,8.0_4.0_7.0,36,98,74,166,68,38,3
19380.png,7.0_10.0,6,34,33,49,15,27,2
19381.png,7.0_6.0,3,32,36,71,39,33,2
19382.png,1.0_6.0,1,33,43,68,35,42,2
19383.png,1.0_7.0,14,0,62,37,37,48,2
19384.png,2.0_5.0_9.0_5.0,4,19,16,44,25,12,4
19385.png,3.0,5,31,32,45,14,27,1
19386.png,7.0_10.0,18,51,59,99,48,41,2
19387.png,1.0_8.0,4,17,24,33,16,20,2
19388.png,3.0_2.0_10.0,9,33,92,97,64,83,3
19389.png,3.0_1.0_6.0,8,42,49,92,50,41,3
1939.png,2.0_3.0_5.0,4,39,43,88,49,39,3
19390.png,9.0_6.0_3.0,8,46,57,105,59,49,3
19391.png,5.0_2.0,14,40,39,57,17,25,2
19392.png,2.0_7.0_2.0,1,19,22,31,12,21,3
19393.png,4.0_4.0,10,51,62,112,61,52,2
19394.png,1.0_10.0_9.0,3,26,29,55,29,26,3
19395.png,8.0_5.0,12,33,39,56,23,27,2
19396.png,3.0_4.0,4,19,26,40,21,22,2
19397.png,3.0_10.0,1,22,25,45,23,24,2
19398.png,1.0_8.0,3,53,62,92,39,59,2
19399.png,2.0_5.0,21,54,49,93,39,28,2
194.png,4.0_3.0,13,47,33,67,20,20,2
1940.png,1.0_2.0,5,25,26,35,10,21,2
19400.png,2.0_6.0,1,19,18,31,12,17,2
19401.png,1.0_2.0_6.0_1.0,64,177,152,221,44,88,4
19402.png,1.0_10.0,1,24,33,49,25,32,2
19403.png,8.0,3,57,60,79,22,57,1
19404.png,1.0_2.0,1,28,34,65,37,33,2
19405.png,4.0_6.0,6,26,32,56,30,26,2
19406.png,3.0_1.0,4,36,36,58,22,32,2
19407.png,3.0,17,89,126,149,60,109,1
19408.png,3.0_10.0,2,13,18,28,15,16,2
19409.png,2.0_5.0_5.0,11,49,54,88,39,43,3
1941.png,4.0_2.0_2.0_1.0,4,22,23,58,36,19,4
19410.png,3.0_1.0_2.0_6.0,14,55,64,131,76,50,4
19411.png,4.0_4.0_9.0,14,74,66,129,55,52,3
19412.png,9.0_10.0,11,38,28,55,17,17,2
19413.png,6.0_2.0,12,41,37,75,34,25,2
19414.png,3.0_6.0,7,33,37,53,20,30,2
19415.png,8.0_10.0,2,16,18,30,14,16,2
19416.png,1.0_4.0_9.0,11,41,36,70,29,25,3
19417.png,4.0_7.0,6,64,87,147,83,81,2
19418.png,4.0,13,56,59,78,22,46,1
19419.png,7.0,1,15,18,26,11,17,1
1942.png,4.0_9.0_8.0,8,35,30,61,26,22,3
19420.png,3.0_9.0,4,21,27,47,26,23,2
19421.png,5.0,16,71,71,91,20,55,1
19422.png,4.0_10.0,4,20,25,38,18,21,2
19423.png,1.0_3.0,5,19,26,37,18,21,2
19424.png,5.0_3.0,7,52,48,81,29,41,2
19425.png,1.0_1.0_5.0,18,65,45,90,25,27,3
19426.png,1.0_4.0,9,30,28,45,15,19,2
19427.png,6.0_10.0,23,139,150,263,124,127,2
19428.png,2.0_5.0,10,35,33,54,19,23,2
19429.png,5.0_3.0,9,25,24,44,19,15,2
1943.png,1.0_4.0_7.0,5,24,28,45,21,23,3
19430.png,7.0_10.0,3,20,18,32,12,15,2
19431.png,4.0_3.0,6,54,71,130,76,65,2
19432.png,4.0_8.0,3,26,31,56,30,28,2
19433.png,8.0,25,105,73,129,24,48,1
19434.png,4.0_10.0,11,34,34,58,24,23,2
19435.png,2.0_1.0_10.0,21,76,63,144,68,42,3
19436.png,1.0_5.0,8,36,29,52,16,21,2
19437.png,1.0,5,17,19,21,4,14,1
19438.png,2.0_3.0,5,38,45,81,43,40,2
19439.png,1.0_2.0,34,107,98,160,53,64,2
1944.png,5.0_1.0_3.0_10.0,13,143,78,197,54,65,4
19440.png,5.0_5.0,5,51,65,116,65,60,2
19441.png,3.0_3.0_5.0,3,22,25,38,16,22,3
19442.png,9.0,7,30,35,42,12,28,1
19443.png,5.0_9.0,74,115,128,147,32,54,2
19444.png,3.0,13,61,75,97,36,62,1
19445.png,3.0_4.0_10.0,7,42,35,87,45,28,3
19446.png,1.0_10.0,4,22,24,49,27,20,2
19447.png,2.0_5.0,1,35,48,62,27,47,2
19448.png,3.0_1.0_2.0,7,35,51,80,45,44,3
19449.png,3.0_10.0,6,40,38,62,22,32,2
1945.png,5.0_5.0,4,24,30,61,37,26,2
19450.png,7.0_2.0_7.0,70,127,123,178,51,53,3
19451.png,3.0,11,47,45,69,22,34,1
19452.png,2.0_3.0_5.0,9,64,67,136,72,58,3
19453.png,5.0_3.0,5,28,38,62,34,33,2
19454.png,3.0_9.0,10,46,45,87,41,35,2
19455.png,2.0_6.0,19,102,89,153,51,70,2
19456.png,1.0_10.0_5.0,17,64,49,91,27,32,3
19457.png,1.0_9.0_5.0,23,114,61,193,79,38,3
19458.png,2.0_10.0_8.0,1,17,24,39,22,23,3
19459.png,4.0_10.0,2,23,28,54,31,26,2
1946.png,6.0,4,35,49,66,31,45,1
19460.png,3.0_2.0,6,22,24,40,18,18,2
19461.png,3.0_2.0,9,35,32,58,23,23,2
19462.png,6.0,4,33,41,52,19,37,1
19463.png,1.0_10.0_9.0,10,43,40,75,32,30,3
19464.png,6.0_2.0,5,38,45,84,46,40,2
19465.png,1.0_2.0,4,23,21,39,16,17,2
19466.png,1.0_2.0_2.0,24,111,116,213,102,92,3
19467.png,5.0_2.0,17,77,98,172,95,81,2
19468.png,3.0_10.0,7,41,51,84,43,44,2
19469.png,2.0,6,32,35,52,20,29,1
1947.png,6.0_8.0,3,24,29,44,20,26,2
19470.png,9.0,4,31,36,45,14,32,1
19471.png,8.0_10.0,6,28,39,67,39,33,2
19472.png,1.0_6.0_3.0,15,55,63,105,50,48,3
19473.png,2.0,5,30,31,39,9,26,1
19474.png,9.0_2.0,11,51,54,97,46,43,2
19475.png,6.0,2,26,33,35,9,31,1
19476.png,6.0,1,17,20,32,15,19,1
19477.png,2.0_5.0,8,37,41,57,20,33,2
19478.png,3.0_8.0,5,26,26,44,18,21,2
19479.png,10.0_2.0_8.0,7,5,33,38,33,26,3
1948.png,1.0_1.0,4,27,34,40,13,30,2
19480.png,4.0_3.0,1,15,16,31,16,15,2
19481.png,7.0_10.0_5.0,52,104,122,191,87,70,3
19482.png,2.0_2.0_5.0,21,53,51,90,37,30,3
19483.png,1.0,1,17,17,24,7,16,1
19484.png,2.0_3.0,7,31,43,74,43,36,2
19485.png,2.0_6.0,5,26,32,49,23,27,2
19486.png,2.0,3,19,26,38,19,23,1
19487.png,4.0_1.0,10,42,56,80,38,46,2
19488.png,4.0_1.0_2.0,9,41,36,73,32,27,3
19489.png,1.0_2.0_1.0,14,63,66,107,44,52,3
1949.png,4.0_1.0,13,87,103,156,69,90,2
19490.png,6.0,3,23,25,33,10,22,1
19491.png,5.0_4.0,10,38,43,80,42,33,2
19492.png,4.0_4.0,11,38,43,65,27,32,2
19493.png,2.0_9.0,2,15,16,33,18,14,2
19494.png,4.0,5,64,37,77,13,32,1
19495.png,2.0_4.0,9,38,44,82,44,35,2
19496.png,3.0_9.0_10.0,10,43,45,99,56,35,3
19497.png,2.0_6.0,1,24,31,54,30,30,2
19498.png,1.0_1.0_4.0,12,41,38,73,32,26,3
19499.png,7.0,9,56,62,88,32,53,1
195.png,1.0_2.0,3,15,17,27,12,14,2
1950.png,3.0_1.0,7,37,39,61,24,32,2
19500.png,1.0_4.0_3.0,25,89,75,154,65,50,3
19501.png,3.0_10.0,2,24,28,43,19,26,2
19502.png,4.0_4.0,45,120,123,207,87,78,2
19503.png,1.0,13,6,35,13,7,22,1
19504.png,5.0_6.0,3,25,35,54,29,32,2
19505.png,2.0_10.0,1,23,31,54,31,30,2
19506.png,5.0_10.0,6,42,50,74,32,44,2
19507.png,4.0_8.0,7,58,66,117,59,59,2
19508.png,7.0_9.0,18,61,41,83,22,23,2
19509.png,8.0_10.0,5,27,30,45,18,25,2
1951.png,2.0_1.0,3,18,18,35,17,15,2
19510.png,4.0,10,26,26,35,9,16,1
19511.png,4.0,2,14,17,23,9,15,1
19512.png,4.0_5.0,4,36,40,70,34,36,2
19513.png,7.0_5.0,2,19,22,34,15,20,2
19514.png,1.0_9.0_1.0,7,40,49,93,53,42,3
19515.png,6.0_10.0,11,64,80,114,50,69,2
19516.png,1.0_1.0,9,50,59,99,49,50,2
19517.png,9.0_10.0,23,68,54,103,35,31,2
19518.png,5.0_8.0,7,32,37,55,23,30,2
19519.png,8.0,9,30,29,39,9,20,1
1952.png,4.0_5.0,12,67,64,131,64,52,2
19520.png,1.0_7.0,4,37,35,67,30,31,2
19521.png,7.0_8.0_8.0,20,76,58,122,46,38,3
19522.png,3.0_2.0,1,16,19,30,14,18,2
19523.png,7.0_5.0,5,24,35,50,26,30,2
19524.png,2.0_4.0,9,36,33,66,30,24,2
19525.png,1.0_2.0,5,39,44,63,24,39,2
19526.png,4.0_7.0,1,35,45,71,36,44,2
19527.png,5.0_10.0_9.0,4,17,24,37,20,20,3
19528.png,1.0_10.0_9.0_6.0,69,110,130,198,88,61,4
19529.png,1.0_2.0,3,13,18,26,13,15,2
1953.png,1.0_7.0_10.0,21,70,61,106,36,40,3
19530.png,3.0_4.0,13,71,81,138,67,68,2
19531.png,3.0_6.0,12,74,86,157,83,74,2
19532.png,8.0_3.0,5,33,31,54,21,26,2
19533.png,5.0_7.0,9,41,43,81,40,34,2
19534.png,1.0_4.0_7.0,3,23,33,55,32,30,3
19535.png,3.0_3.0,6,23,24,32,9,18,2
19536.png,1.0_1.0_4.0_6.0,25,76,94,157,81,69,4
19537.png,1.0_1.0,11,50,65,86,36,54,2
19538.png,4.0_7.0,3,15,22,31,16,19,2
19539.png,8.0_1.0,10,41,40,72,31,30,2
1954.png,3.0_3.0,4,22,23,34,12,19,2
19540.png,1.0_3.0_6.0,23,65,50,108,43,27,3
19541.png,1.0_1.0_2.0,1,15,19,30,15,18,3
19542.png,9.0,3,26,32,44,18,29,1
19543.png,3.0_5.0_8.0,2,27,38,58,31,36,3
19544.png,2.0,7,43,35,56,13,28,1
19545.png,3.0_5.0,3,32,43,74,42,40,2
19546.png,1.0_6.0,14,88,106,156,68,92,2
19547.png,1.0_9.0_7.0,7,35,30,56,21,23,3
19548.png,2.0,11,38,44,57,19,33,1
19549.png,2.0_7.0,6,30,29,55,25,23,2
1955.png,2.0_7.0_2.0,34,199,86,296,97,52,3
19550.png,1.0_7.0_4.0,17,63,57,112,49,40,3
19551.png,1.0_2.0_3.0,34,94,74,153,59,40,3
19552.png,1.0_8.0,10,47,56,88,41,46,2
19553.png,1.0_3.0_7.0_9.0,2,20,22,72,52,20,4
19554.png,6.0_2.0,1,58,91,161,103,90,2
19555.png,2.0_5.0,1,28,37,61,33,36,2
19556.png,1.0_3.0,16,62,68,91,29,52,2
19557.png,2.0_7.0,8,38,39,63,25,31,2
19558.png,3.0_2.0,5,26,33,53,27,28,2
19559.png,2.0_8.0,4,21,18,46,25,14,2
1956.png,2.0_9.0,1,27,38,63,36,37,2
19560.png,2.0_1.0_10.0,2,33,41,76,43,39,3
19561.png,9.0,7,40,44,54,14,37,1
19562.png,8.0_8.0,4,22,21,31,9,17,2
19563.png,2.0_7.0_5.0,6,33,34,62,29,28,3
19564.png,3.0_7.0_5.0,2,31,52,104,73,50,3
19565.png,5.0_6.0,9,32,30,57,25,21,2
19566.png,4.0,16,47,44,61,14,28,1
19567.png,3.0_10.0_7.0,69,105,111,168,63,42,3
19568.png,4.0_6.0,4,22,28,44,22,24,2
19569.png,6.0_2.0,2,24,33,54,30,31,2
1957.png,1.0_1.0,6,35,34,57,22,28,2
19570.png,1.0_4.0_8.0,5,39,50,108,69,45,3
19571.png,6.0_5.0,1,33,38,61,28,37,2
19572.png,1.0_1.0_5.0,5,26,29,44,18,24,3
19573.png,3.0_3.0,7,62,66,101,39,59,2
19574.png,1.0,2,15,19,21,6,17,1
19575.png,1.0,3,19,21,28,9,18,1
19576.png,6.0_1.0,13,68,72,116,48,59,2
19577.png,6.0_2.0,4,25,24,39,14,20,2
19578.png,1.0_7.0_8.0,22,1,62,62,61,40,3
19579.png,2.0_6.0,6,40,46,72,32,40,2
1958.png,1.0,5,28,22,33,5,17,1
19580.png,9.0,16,63,55,85,22,39,1
19581.png,2.0_1.0_4.0,9,34,34,58,24,25,3
19582.png,3.0_1.0_7.0,11,34,26,52,18,15,3
19583.png,7.0,3,28,21,41,13,18,1
19584.png,1.0_9.0,1,14,17,29,15,16,2
19585.png,1.0,1,13,14,18,5,13,1
19586.png,1.0_3.0_6.0,1,51,58,103,52,57,3
19587.png,1.0_3.0,4,26,29,40,14,25,2
19588.png,9.0_2.0,1,15,16,27,12,15,2
19589.png,7.0_8.0_8.0,10,43,38,79,36,28,3
1959.png,6.0_7.0,18,122,102,191,69,84,2
19590.png,1.0_6.0,8,2,74,50,48,66,2
19591.png,2.0_1.0,5,44,49,77,33,44,2
19592.png,2.0_2.0_8.0,1,14,15,30,16,14,3
19593.png,6.0_7.0,10,70,75,96,26,65,2
19594.png,1.0_1.0_3.0,3,48,61,93,45,58,3
19595.png,8.0_4.0,6,26,18,37,11,12,2
19596.png,3.0_6.0_2.0,31,125,123,275,150,92,3
19597.png,2.0_4.0_7.0,1,33,62,110,77,61,3
19598.png,5.0_4.0_2.0,40,144,142,278,134,102,3
19599.png,3.0_3.0,6,29,26,46,17,20,2
196.png,1.0,10,45,61,70,25,51,1
1960.png,3.0_2.0,4,23,24,42,19,20,2
19600.png,1.0_9.0,9,68,79,122,54,70,2
19601.png,3.0,21,80,61,107,27,40,1
19602.png,9.0,6,26,28,37,11,22,1
19603.png,1.0_6.0,2,16,22,33,17,20,2
19604.png,5.0_9.0,2,14,14,29,15,12,2
19605.png,2.0_4.0,9,45,60,113,68,51,2
19606.png,2.0_7.0,9,29,27,48,19,18,2
19607.png,1.0_5.0,7,36,42,59,23,35,2
19608.png,3.0_10.0,13,110,88,211,101,75,2
19609.png,3.0_4.0,13,95,129,225,130,116,2
1961.png,2.0_4.0,27,180,78,234,54,51,2
19610.png,1.0_6.0,3,27,23,44,17,20,2
19611.png,4.0,21,58,51,75,17,30,1
19612.png,9.0_3.0,4,36,45,78,42,41,2
19613.png,1.0_10.0_1.0,52,176,85,219,43,33,3
19614.png,5.0_5.0,16,104,93,158,54,77,2
19615.png,8.0_2.0_3.0,5,75,86,129,54,81,3
19616.png,1.0_8.0_7.0_1.0,1,10,13,41,31,12,4
19617.png,8.0_8.0,10,40,37,65,25,27,2
19618.png,8.0_9.0_1.0,19,50,52,94,44,33,3
19619.png,4.0_1.0,13,53,55,74,21,42,2
1962.png,1.0,2,17,19,29,12,17,1
19620.png,2.0_6.0_8.0,5,27,43,82,55,38,3
19621.png,1.0_2.0_6.0,23,146,53,181,35,30,3
19622.png,2.0_10.0,9,59,63,118,59,54,2
19623.png,1.0_7.0_10.0,3,48,44,105,57,41,3
19624.png,9.0,1,37,52,66,29,51,1
19625.png,4.0_10.0,1,30,31,63,33,30,2
19626.png,2.0_6.0_1.0,11,43,28,65,22,17,3
19627.png,3.0_1.0_10.0,1,16,21,47,31,20,3
19628.png,1.0_7.0_1.0,57,161,90,193,32,33,3
19629.png,3.0_9.0,25,91,64,129,38,39,2
1963.png,4.0_3.0,7,35,35,63,28,28,2
19630.png,3.0,7,34,36,46,12,29,1
19631.png,4.0_1.0,3,26,35,67,41,32,2
19632.png,3.0_10.0,15,62,77,105,43,62,2
19633.png,3.0_2.0_7.0,11,57,66,114,57,55,3
19634.png,9.0_6.0,1,19,23,44,25,22,2
19635.png,2.0_7.0,10,51,62,88,37,52,2
19636.png,2.0_7.0,3,24,23,39,15,20,2
19637.png,8.0_8.0,22,35,47,63,28,25,2
19638.png,2.0_10.0_3.0,8,20,24,39,19,16,3
19639.png,2.0,8,31,34,46,15,26,1
1964.png,2.0_1.0_4.0,8,59,39,88,29,31,3
19640.png,8.0_4.0,5,42,49,84,42,44,2
19641.png,7.0_5.0,8,27,24,47,20,16,2
19642.png,2.0_4.0,6,29,30,51,22,24,2
19643.png,4.0_4.0,7,29,23,51,22,16,2
19644.png,10.0,3,27,23,39,12,20,1
19645.png,9.0_8.0_9.0,21,323,82,389,66,61,3
19646.png,1.0_6.0,25,89,85,120,31,60,2
19647.png,2.0_3.0_1.0,15,39,39,57,18,24,3
19648.png,3.0_10.0,6,54,79,125,71,73,2
19649.png,1.0_8.0,25,123,114,200,77,89,2
1965.png,8.0,9,35,35,48,13,26,1
19650.png,5.0,4,34,50,63,29,46,1
19651.png,8.0_3.0,5,33,40,74,41,35,2
19652.png,7.0_5.0_4.0,14,58,54,121,63,40,3
19653.png,5.0_1.0,12,57,59,99,42,47,2
19654.png,2.0_8.0,12,42,48,73,31,36,2
19655.png,9.0,4,24,23,40,16,19,1
19656.png,7.0,4,25,28,38,13,24,1
19657.png,9.0_1.0,1,19,21,39,20,20,2
19658.png,7.0_3.0,4,20,22,38,18,18,2
19659.png,1.0_7.0_6.0,10,62,61,130,68,51,3
1966.png,5.0_4.0_6.0,11,57,54,110,53,43,3
19660.png,7.0_3.0,2,26,28,53,27,26,2
19661.png,4.0_9.0,2,36,44,68,32,42,2
19662.png,5.0_7.0_2.0,25,116,63,171,55,38,3
19663.png,5.0_2.0,4,44,68,124,80,64,2
19664.png,5.0_8.0_10.0,94,124,137,168,44,43,3
19665.png,1.0_1.0_1.0,16,39,36,61,22,20,3
19666.png,7.0_3.0,12,34,36,54,20,24,2
19667.png,4.0_3.0_7.0,1,22,23,42,20,22,3
19668.png,4.0_6.0,7,30,34,50,20,27,2
19669.png,3.0_4.0,10,65,65,115,50,55,2
1967.png,2.0_9.0,3,36,45,73,37,42,2
19670.png,1.0_1.0_4.0,6,29,39,60,31,33,3
19671.png,2.0_1.0,5,17,22,33,16,17,2
19672.png,5.0_8.0,2,22,25,50,28,23,2
19673.png,3.0_1.0_8.0,6,32,37,64,32,31,3
19674.png,1.0_3.0_3.0_3.0,1,23,26,73,50,25,4
19675.png,2.0_8.0,5,30,37,64,34,32,2
19676.png,1.0_5.0_6.0,10,36,38,66,30,28,3
19677.png,7.0_9.0_6.0,14,56,54,122,66,40,3
19678.png,1.0_1.0,3,20,23,36,16,20,2
19679.png,4.0_3.0,3,25,34,58,33,31,2
1968.png,6.0_1.0,6,50,56,90,40,50,2
19680.png,7.0_10.0,14,58,38,112,54,24,2
19681.png,5.0_6.0,20,67,46,95,28,26,2
19682.png,5.0_3.0,3,21,22,39,18,19,2
19683.png,9.0_3.0,2,27,32,61,34,30,2
19684.png,2.0_7.0_5.0,1,31,37,92,61,36,3
19685.png,1.0,5,29,31,40,11,26,1
19686.png,7.0,4,24,22,30,6,18,1
19687.png,1.0_8.0_2.0,15,57,63,106,49,48,3
19688.png,9.0_5.0_5.0,46,95,74,133,38,28,3
19689.png,3.0_10.0_5.0,30,89,102,150,61,72,3
1969.png,3.0_2.0,2,16,19,33,17,17,2
19690.png,2.0_1.0,3,21,26,44,23,23,2
19691.png,9.0_5.0,4,32,46,67,35,42,2
19692.png,4.0_2.0_1.0,22,125,125,226,101,103,3
19693.png,5.0_4.0,13,46,56,104,58,43,2
19694.png,2.0_7.0,3,36,44,64,28,41,2
19695.png,1.0_4.0,1,22,24,35,13,23,2
19696.png,2.0_7.0_1.0,14,55,47,100,45,33,3
19697.png,2.0,18,82,94,108,26,76,1
19698.png,2.0_2.0,3,23,30,60,37,27,2
19699.png,1.0_1.0,7,32,34,53,21,27,2
197.png,3.0_1.0_6.0,4,23,29,45,22,25,3
1970.png,5.0_10.0,15,64,49,86,22,34,2
19700.png,3.0_5.0,8,32,35,58,26,27,2
19701.png,1.0_3.0,5,28,29,57,29,24,2
19702.png,1.0_6.0,7,32,23,46,14,16,2
19703.png,6.0_4.0,3,21,26,44,23,23,2
19704.png,2.0_3.0,8,41,45,72,31,37,2
19705.png,5.0_4.0,6,24,18,36,12,12,2
19706.png,3.0_1.0,4,26,25,56,30,21,2
19707.png,5.0,2,29,27,44,15,25,1
19708.png,2.0_7.0_8.0,14,112,46,148,36,32,3
19709.png,8.0,9,41,49,66,25,40,1
1971.png,3.0,4,25,25,35,10,21,1
19710.png,5.0_5.0,7,19,25,49,30,18,2
19711.png,1.0_6.0_4.0,7,51,41,100,49,34,3
19712.png,2.0_3.0_3.0,16,123,48,157,34,32,3
19713.png,5.0_4.0,3,25,33,49,24,30,2
19714.png,2.0_3.0_1.0,2,43,50,115,72,48,3
19715.png,2.0_6.0,10,43,53,91,48,43,2
19716.png,9.0_1.0,6,44,52,64,20,46,2
19717.png,2.0_2.0,3,32,33,56,24,30,2
19718.png,4.0_7.0_10.0,14,63,53,113,50,39,3
19719.png,4.0_2.0_10.0,4,30,39,68,38,35,3
1972.png,7.0,9,47,52,62,15,43,1
19720.png,3.0_5.0,3,35,45,69,34,42,2
19721.png,2.0_6.0,1,39,46,87,48,45,2
19722.png,3.0_2.0,1,20,22,42,22,21,2
19723.png,2.0_2.0_2.0,38,25,103,129,104,65,3
19724.png,3.0_8.0,10,59,58,100,41,48,2
19725.png,9.0,2,32,32,47,15,30,1
19726.png,3.0_2.0,5,25,28,45,20,23,2
19727.png,1.0_6.0_1.0,1,14,14,32,18,13,3
19728.png,1.0_8.0,1,32,39,62,30,38,2
19729.png,1.0_1.0_1.0,4,17,21,39,22,17,3
1973.png,4.0_6.0,7,79,83,166,87,76,2
19730.png,1.0_2.0,4,45,47,79,34,43,2
19731.png,2.0_10.0,8,27,32,48,21,24,2
19732.png,2.0_4.0,8,58,73,124,66,65,2
19733.png,2.0_6.0_6.0,5,32,35,78,46,30,3
19734.png,4.0_5.0,14,54,54,102,48,40,2
19735.png,1.0_8.0_5.0,1,10,13,31,21,12,3
19736.png,1.0_2.0_6.0,8,33,30,64,31,22,3
19737.png,4.0_9.0,2,34,43,67,33,41,2
19738.png,2.0_2.0_9.0,4,41,34,72,31,30,3
19739.png,4.0,5,37,43,68,31,38,1
1974.png,1.0_10.0_1.0,8,60,73,152,92,65,3
19740.png,5.0_8.0,4,30,34,72,42,30,2
19741.png,4.0_8.0,6,40,51,97,57,45,2
19742.png,6.0_10.0,7,40,37,56,16,30,2
19743.png,4.0_6.0_6.0,7,38,38,78,40,31,3
19744.png,8.0_4.0,9,37,27,55,18,18,2
19745.png,2.0_6.0_5.0,31,98,69,166,68,38,3
19746.png,1.0_4.0_4.0,12,52,59,110,58,47,3
19747.png,2.0,7,37,42,48,11,35,1
19748.png,2.0_3.0,1,34,42,68,34,41,2
19749.png,8.0_10.0,10,60,63,99,39,53,2
1975.png,5.0_9.0,1,31,43,72,41,42,2
19750.png,3.0,6,33,36,44,11,30,1
19751.png,7.0,7,35,47,58,23,40,1
19752.png,1.0_6.0_6.0,26,117,104,272,155,78,3
19753.png,6.0_1.0_3.0,3,35,51,96,61,48,3
19754.png,8.0_8.0,25,135,106,183,48,81,2
19755.png,5.0_2.0,15,53,64,89,36,49,2
19756.png,2.0_3.0_3.0,14,64,52,110,46,38,3
19757.png,2.0_3.0,2,12,18,30,18,16,2
19758.png,3.0,2,17,20,23,6,18,1
19759.png,2.0_3.0_10.0,14,55,49,112,57,35,3
1976.png,3.0_4.0,11,50,55,85,35,44,2
19760.png,6.0,13,57,35,72,15,22,1
19761.png,5.0_1.0_7.0,1,13,14,35,22,13,3
19762.png,6.0_2.0,19,88,87,152,64,68,2
19763.png,4.0_3.0,11,72,69,117,45,58,2
19764.png,2.0_4.0_8.0,5,43,49,108,65,44,3
19765.png,1.0_1.0_1.0,10,29,24,45,16,14,3
19766.png,1.0_4.0_6.0,25,106,94,183,77,69,3
19767.png,6.0_5.0_1.0,69,158,144,273,115,75,3
19768.png,1.0_2.0,11,69,83,119,50,72,2
19769.png,3.0_2.0,19,117,88,175,58,69,2
1977.png,1.0_10.0,5,34,40,62,28,35,2
19770.png,2.0_5.0,2,26,26,44,18,24,2
19771.png,3.0,5,39,40,62,23,35,1
19772.png,1.0_7.0_8.0,2,33,44,89,56,42,3
19773.png,8.0_2.0_10.0,12,108,108,197,89,96,3
19774.png,7.0_7.0,3,22,24,40,18,21,2
19775.png,2.0_6.0,8,61,67,111,50,59,2
19776.png,2.0_4.0_1.0_2.0,1,31,36,77,46,35,4
19777.png,3.0_5.0_2.0,5,41,51,110,69,46,3
19778.png,1.0_2.0,8,29,30,46,17,22,2
19779.png,8.0_1.0,2,26,32,50,24,30,2
1978.png,1.0_10.0,6,43,53,87,44,47,2
19780.png,5.0_3.0,7,31,34,53,22,27,2
19781.png,1.0_3.0_1.0,16,50,54,102,52,38,3
19782.png,3.0_7.0,6,26,32,49,23,26,2
19783.png,1.0_3.0_2.0,1,19,27,48,29,26,3
19784.png,2.0_10.0,2,37,48,86,49,46,2
19785.png,7.0_1.0,4,31,37,61,30,33,2
19786.png,3.0_2.0,6,31,33,57,26,27,2
19787.png,6.0_8.0,15,65,74,107,42,59,2
19788.png,3.0_4.0,4,21,25,38,17,21,2
19789.png,4.0_6.0,8,31,41,74,43,33,2
1979.png,2.0_10.0_7.0,4,33,46,84,51,42,3
19790.png,8.0_4.0,11,26,28,41,15,17,2
19791.png,5.0_2.0_5.0,38,117,86,163,46,48,3
19792.png,9.0,8,62,61,95,33,53,1
19793.png,8.0_3.0_9.0,9,48,58,102,54,49,3
19794.png,2.0_9.0_2.0_10.0,6,25,30,79,54,24,4
19795.png,1.0_3.0_3.0,17,55,41,84,29,24,3
19796.png,1.0_1.0_8.0,4,35,42,72,37,38,3
19797.png,8.0,2,24,30,34,10,28,1
19798.png,1.0_1.0_9.0,34,140,59,182,42,25,3
19799.png,5.0_3.0,8,41,45,71,30,37,2
198.png,2.0_9.0_7.0,8,29,41,85,56,33,3
1980.png,5.0_3.0,16,53,69,97,44,53,2
19800.png,7.0_2.0,14,69,79,117,48,65,2
19801.png,1.0_7.0,5,22,22,38,16,17,2
19802.png,5.0_4.0,18,73,56,98,25,38,2
19803.png,4.0,10,58,52,84,26,42,1
19804.png,1.0_9.0_2.0,1,25,31,66,41,30,3
19805.png,2.0_3.0,12,60,74,115,55,62,2
19806.png,2.0_10.0,36,127,98,187,60,62,2
19807.png,4.0_3.0,4,40,45,79,39,41,2
19808.png,7.0,6,32,42,55,23,36,1
19809.png,6.0_10.0_6.0,6,39,29,73,34,23,3
1981.png,1.0_10.0_5.0,3,23,21,51,28,18,3
19810.png,4.0_5.0,3,26,27,41,15,24,2
19811.png,2.0_10.0_9.0,3,32,36,86,54,33,3
19812.png,3.0_8.0_9.0,32,105,112,185,80,80,3
19813.png,4.0_7.0,3,18,22,37,19,19,2
19814.png,5.0,3,20,25,37,17,22,1
19815.png,7.0_1.0,6,34,34,63,29,28,2
19816.png,2.0_3.0_1.0_9.0,1,13,16,44,31,15,4
19817.png,2.0_6.0,7,35,38,62,27,31,2
19818.png,6.0_10.0_7.0,10,33,30,71,38,20,3
19819.png,2.0_8.0,19,58,62,103,45,43,2
1982.png,1.0_7.0,4,17,24,41,24,20,2
19820.png,2.0_5.0_5.0_1.0,1,9,14,46,37,13,4
19821.png,8.0_1.0,1,22,22,41,19,21,2
19822.png,1.0_3.0_8.0,4,24,24,46,22,20,3
19823.png,4.0_5.0,14,62,44,86,24,30,2
19824.png,2.0_10.0,17,81,93,129,48,76,2
19825.png,3.0_2.0_3.0,21,102,111,203,101,90,3
19826.png,6.0_2.0,56,102,103,149,47,47,2
19827.png,2.0_5.0,2,24,26,47,23,24,2
19828.png,3.0,8,34,27,47,13,19,1
19829.png,2.0_2.0_10.0,34,98,80,160,62,46,3
1983.png,1.0,2,24,26,40,16,24,1
19830.png,1.0_3.0_8.0_2.0,1,23,29,74,51,28,4
19831.png,4.0_9.0,6,48,56,91,43,50,2
19832.png,1.0,4,44,66,97,53,62,1
19833.png,6.0_10.0,32,96,118,193,97,86,2
19834.png,8.0_8.0,5,34,39,61,27,34,2
19835.png,1.0_5.0_2.0,8,38,46,88,50,38,3
19836.png,7.0_4.0,12,64,67,109,45,55,2
19837.png,1.0_4.0_5.0,6,13,63,74,61,57,3
19838.png,1.0_7.0_10.0,6,45,45,81,36,39,3
19839.png,3.0,16,101,84,129,28,68,1
1984.png,2.0_4.0_7.0_1.0,6,81,64,170,89,58,4
19840.png,8.0_5.0,2,29,33,60,31,31,2
19841.png,2.0_3.0,4,8,21,26,18,17,2
19842.png,5.0,20,66,65,92,26,45,1
19843.png,3.0_9.0,2,22,22,46,24,20,2
19844.png,4.0_10.0,10,104,98,212,108,88,2
19845.png,6.0_1.0,2,20,22,31,11,20,2
19846.png,4.0,1,13,15,20,7,14,1
19847.png,1.0_4.0_2.0,4,21,29,46,25,25,3
19848.png,6.0,5,36,43,54,18,38,1
19849.png,6.0,26,21,72,36,15,46,1
1985.png,1.0_5.0_4.0,2,18,17,38,20,15,3
19850.png,4.0_7.0_4.0,1,38,33,68,30,32,3
19851.png,6.0,5,43,59,83,40,54,1
19852.png,8.0_2.0,26,93,79,162,69,53,2
19853.png,5.0_6.0,27,73,86,124,51,59,2
19854.png,1.0_3.0_2.0,10,52,59,137,85,49,3
19855.png,1.0_5.0_3.0,5,77,85,154,77,80,3
19856.png,1.0_2.0_5.0,9,31,32,61,30,23,3
19857.png,6.0_4.0,6,37,33,61,24,27,2
19858.png,6.0_3.0,13,64,68,121,57,55,2
19859.png,1.0_1.0_10.0,9,37,40,56,19,31,3
1986.png,8.0_6.0_5.0,12,47,43,100,53,31,3
19860.png,1.0_5.0_7.0,8,27,28,54,27,20,3
19861.png,2.0_4.0,6,16,47,62,46,41,2
19862.png,2.0_4.0_2.0_6.0,1,23,26,68,45,25,4
19863.png,1.0_10.0_5.0_6.0,23,108,87,180,72,64,4
19864.png,2.0_1.0,4,31,38,54,23,34,2
19865.png,2.0_9.0,16,48,42,67,19,26,2
19866.png,7.0_5.0,5,27,31,56,29,26,2
19867.png,3.0_6.0,5,28,39,60,32,34,2
19868.png,3.0_6.0_10.0,9,96,83,178,82,74,3
19869.png,2.0_7.0,4,43,47,91,48,43,2
1987.png,1.0_8.0,1,25,31,58,33,30,2
19870.png,4.0_1.0_3.0,15,56,59,124,68,44,3
19871.png,1.0_6.0_3.0,3,23,27,42,19,24,3
19872.png,5.0_1.0_3.0,20,77,77,113,36,57,3
19873.png,5.0_2.0,1,12,15,30,18,14,2
19874.png,1.0_10.0_8.0,42,111,87,146,35,45,3
19875.png,2.0_5.0_7.0,6,37,46,65,28,40,3
19876.png,1.0_10.0,1,19,25,45,26,24,2
19877.png,1.0_2.0,7,38,43,64,26,36,2
19878.png,2.0_2.0_4.0,13,41,42,75,34,29,3
19879.png,1.0_6.0_2.0,1,66,89,209,143,88,3
1988.png,3.0_1.0,2,15,16,32,17,14,2
19880.png,1.0_10.0,8,22,30,39,17,22,2
19881.png,8.0,1,39,54,72,33,53,1
19882.png,1.0_10.0,5,22,18,31,9,13,2
19883.png,2.0_1.0,59,235,260,389,154,201,2
19884.png,4.0_9.0,2,28,35,62,34,33,2
19885.png,3.0_2.0_7.0,1,15,20,43,28,19,3
19886.png,2.0_10.0,6,44,51,85,41,45,2
19887.png,1.0_2.0,1,17,17,33,16,16,2
19888.png,2.0,8,29,33,43,14,25,1
19889.png,9.0,7,49,62,83,34,55,1
1989.png,2.0_3.0,8,34,36,56,22,28,2
19890.png,2.0,3,26,20,32,6,17,1
19891.png,8.0_10.0_4.0,28,90,68,130,40,40,3
19892.png,8.0_1.0_9.0_5.0,20,85,78,191,106,58,4
19893.png,1.0_9.0,2,16,19,29,13,17,2
19894.png,2.0_10.0_8.0,17,51,43,101,50,26,3
19895.png,3.0_8.0,24,104,73,151,47,49,2
19896.png,2.0_1.0_4.0,5,30,25,51,21,20,3
19897.png,3.0_4.0,3,56,88,155,99,85,2
19898.png,1.0_3.0_2.0,8,51,66,115,64,58,3
19899.png,3.0_5.0,8,30,32,57,27,24,2
199.png,2.0_10.0,34,145,190,274,129,156,2
1990.png,4.0_5.0,4,35,34,60,25,30,2
19900.png,1.0_7.0,4,31,24,49,18,20,2
19901.png,6.0_1.0,3,21,18,31,10,15,2
19902.png,8.0_10.0_5.0,8,94,90,162,68,82,3
19903.png,1.0_10.0,13,48,67,103,55,54,2
19904.png,7.0,5,26,27,39,13,22,1
19905.png,1.0_9.0_6.0_9.0,23,77,107,184,107,84,4
19906.png,6.0_8.0,14,62,68,110,48,54,2
19907.png,7.0_1.0,2,28,34,59,31,32,2
19908.png,1.0_3.0,10,50,50,82,32,40,2
19909.png,4.0_6.0,9,61,60,120,59,51,2
1991.png,4.0_4.0,1,26,26,41,15,25,2
19910.png,1.0_2.0,8,63,53,99,36,45,2
19911.png,4.0_5.0,2,48,57,96,48,55,2
19912.png,3.0_5.0,6,29,38,54,25,32,2
19913.png,6.0_8.0,1,23,24,46,23,23,2
19914.png,1.0_8.0,7,38,42,72,34,35,2
19915.png,1.0_1.0,1,17,24,40,23,23,2
19916.png,1.0_2.0_4.0,4,36,52,102,66,48,3
19917.png,1.0_10.0,14,57,71,105,48,57,2
19918.png,2.0_8.0,1,16,24,31,15,23,2
19919.png,1.0_10.0_3.0,13,63,71,118,55,58,3
1992.png,9.0_4.0,13,39,38,63,24,25,2
19920.png,2.0,2,13,15,22,9,13,1
19921.png,5.0,13,43,35,59,16,22,1
19922.png,2.0_8.0,4,17,21,36,19,17,2
19923.png,1.0_4.0,25,97,62,131,34,37,2
19924.png,3.0_6.0,3,21,25,40,19,22,2
19925.png,1.0_8.0_7.0,7,45,42,94,49,35,3
19926.png,2.0_4.0,1,19,24,41,22,23,2
19927.png,1.0_6.0_1.0,0,22,37,63,41,37,3
19928.png,1.0_10.0,7,32,35,52,20,28,2
19929.png,4.0_3.0,10,52,61,88,36,51,2
1993.png,1.0_2.0_1.0,1,18,17,34,16,16,3
19930.png,5.0_9.0,5,26,32,52,26,27,2
19931.png,6.0_10.0,28,94,76,143,49,48,2
19932.png,1.0_1.0_10.0,8,43,38,101,58,30,3
19933.png,6.0_1.0,9,70,47,107,37,38,2
19934.png,9.0_8.0,2,19,20,37,18,18,2
19935.png,1.0_8.0,7,27,30,44,17,23,2
19936.png,1.0_2.0_2.0,12,47,37,72,25,25,3
19937.png,1.0_2.0_1.0,7,25,25,45,20,18,3
19938.png,1.0_6.0_3.0,1,20,24,50,30,23,3
19939.png,2.0_4.0_7.0,2,45,69,163,118,67,3
1994.png,6.0_8.0,24,73,75,119,46,51,2
19940.png,4.0_7.0,18,86,104,174,88,86,2
19941.png,8.0_8.0,5,43,53,93,50,48,2
19942.png,2.0_10.0_10.0,11,108,101,205,97,90,3
19943.png,3.0_2.0_10.0,11,39,39,62,23,28,3
19944.png,4.0_10.0,2,16,17,34,18,15,2
19945.png,3.0_3.0_8.0,13,61,63,141,80,50,3
19946.png,9.0_3.0,2,20,22,46,26,20,2
19947.png,1.0_4.0_2.0,27,179,76,247,68,49,3
19948.png,4.0_2.0,12,68,97,145,77,85,2
19949.png,1.0_6.0,11,60,82,134,74,71,2
1995.png,8.0,1,20,24,34,14,23,1
19950.png,2.0_2.0,3,24,27,39,15,24,2
19951.png,2.0_6.0_3.0_5.0,1,17,18,55,38,17,4
19952.png,3.0_2.0,10,28,32,47,19,22,2
19953.png,5.0,4,35,45,57,22,41,1
19954.png,1.0_8.0_2.0,20,83,78,146,63,58,3
19955.png,4.0_8.0,17,208,80,273,65,63,2
19956.png,2.0_6.0_4.0,3,25,26,61,36,23,3
19957.png,8.0_5.0,7,31,36,58,27,29,2
19958.png,3.0_8.0,7,54,75,130,76,68,2
19959.png,2.0_7.0,1,25,32,59,34,31,2
1996.png,2.0_7.0_5.0,7,48,72,116,68,65,3
19960.png,9.0_9.0,29,116,65,164,48,36,2
19961.png,1.0_6.0_3.0,1,31,32,58,27,31,3
19962.png,2.0_2.0,10,56,63,106,50,53,2
19963.png,3.0_5.0,7,34,41,60,26,34,2
19964.png,2.0_3.0,2,25,23,42,17,21,2
19965.png,1.0_1.0_5.0,1,20,21,42,22,20,3
19966.png,4.0_8.0,7,29,33,51,22,26,2
19967.png,6.0_3.0_1.0,15,82,73,158,76,58,3
19968.png,6.0,1,23,19,38,15,18,1
19969.png,4.0_5.0,12,61,79,154,93,67,2
1997.png,4.0_2.0,3,23,20,38,15,17,2
19970.png,2.0_6.0_7.0_2.0,2,24,30,57,33,28,4
19971.png,1.0_9.0_4.0,2,26,29,66,40,27,3
19972.png,1.0_9.0,2,21,24,35,14,22,2
19973.png,8.0_8.0,15,62,55,101,39,40,2
19974.png,2.0_4.0,11,54,49,97,43,38,2
19975.png,4.0_8.0,21,89,70,126,37,49,2
19976.png,1.0_7.0_5.0,11,20,41,54,34,30,3
19977.png,8.0_1.0,5,28,31,46,18,26,2
19978.png,5.0_6.0,4,24,27,48,24,23,2
19979.png,3.0_4.0,4,30,36,57,27,32,2
1998.png,2.0_6.0_2.0,1,17,23,47,30,22,3
19980.png,1.0_6.0_3.0_4.0,2,21,23,64,43,21,4
19981.png,3.0_8.0,2,29,40,67,38,38,2
19982.png,2.0_6.0_1.0,19,86,63,125,39,44,3
19983.png,2.0_6.0_3.0,11,72,82,169,97,71,3
19984.png,2.0_3.0_8.0,19,69,52,131,62,33,3
19985.png,5.0_7.0,0,23,30,41,18,30,2
19986.png,8.0_7.0,6,35,36,61,26,30,2
19987.png,3.0_10.0_1.0,17,84,79,142,58,62,3
19988.png,5.0_5.0_5.0,27,124,108,214,90,81,3
19989.png,1.0_6.0,11,90,127,228,138,116,2
1999.png,1.0_1.0_5.0,37,245,101,299,54,64,3
19990.png,2.0_1.0,1,17,18,28,11,17,2
19991.png,4.0_10.0,3,17,18,31,14,15,2
19992.png,3.0_4.0,16,44,42,63,19,26,2
19993.png,3.0,10,37,43,46,9,33,1
19994.png,2.0_8.0,7,32,35,50,18,28,2
19995.png,3.0_3.0,3,24,34,56,32,31,2
19996.png,7.0_5.0,12,54,60,100,46,48,2
19997.png,2.0_2.0,3,22,26,57,35,23,2
19998.png,2.0_2.0_3.0,16,69,76,102,33,60,3
19999.png,4.0_4.0,9,45,60,117,72,51,2
2.png,2.0_3.0,25,77,61,124,47,36,2
20.png,6.0_2.0,1,20,26,43,23,25,2
200.png,3.0_1.0_8.0,4,97,42,144,47,38,3
2000.png,4.0_6.0_1.0,51,85,74,105,20,23,3
20000.png,1.0_2.0_5.0_2.0,3,13,21,64,51,18,4
20001.png,1.0_3.0_6.0,98,172,166,232,60,68,3
20002.png,7.0,12,82,101,134,52,89,1
20003.png,5.0_10.0,1,13,21,40,27,20,2
20004.png,1.0_6.0_9.0,3,17,22,41,24,19,3
20005.png,2.0_6.0_7.0,12,39,48,67,28,36,3
20006.png,6.0_9.0_6.0,78,162,106,194,32,28,3
20007.png,1.0_3.0_5.0,23,138,161,245,107,138,3
20008.png,4.0_1.0,8,26,28,41,15,20,2
20009.png,7.0_5.0_1.0,11,47,50,98,51,39,3
2001.png,3.0,5,37,39,51,14,34,1
20010.png,1.0_2.0_4.0,8,60,46,117,57,38,3
20011.png,2.0_3.0,5,23,28,50,27,23,2
20012.png,1.0_1.0_4.0,1,18,24,45,27,23,3
20013.png,3.0_10.0,3,16,19,33,17,16,2
20014.png,5.0_9.0,2,25,28,51,26,26,2
20015.png,1.0,5,30,36,41,11,31,1
20016.png,7.0_5.0,10,37,31,61,24,21,2
20017.png,4.0,2,20,19,27,7,17,1
20018.png,1.0_10.0,6,44,52,89,45,46,2
20019.png,2.0,8,34,34,52,18,26,1
2002.png,1.0_10.0_10.0,16,172,58,209,37,42,3
20020.png,5.0_2.0_9.0,9,52,41,101,49,32,3
20021.png,4.0_6.0,2,59,76,127,68,74,2
20022.png,3.0_7.0,11,40,33,63,23,22,2
20023.png,1.0_10.0_2.0,3,23,26,47,24,23,3
20024.png,2.0_3.0,2,17,18,31,14,16,2
20025.png,2.0_8.0_6.0,38,79,60,116,37,22,3
20026.png,9.0_6.0,10,52,59,109,57,49,2
20027.png,2.0_9.0,6,28,28,45,17,22,2
20028.png,1.0_2.0_3.0,3,12,15,29,17,12,3
20029.png,1.0_6.0,3,25,30,48,23,27,2
2003.png,2.0,3,32,43,47,15,40,1
20030.png,4.0_2.0,3,36,49,77,41,46,2
20031.png,1.0_5.0_4.0,13,88,47,138,50,34,3
20032.png,1.0_3.0_8.0,3,24,26,48,24,23,3
20033.png,1.0_6.0_1.0,5,28,28,54,26,23,3
20034.png,4.0_9.0,6,62,71,113,51,65,2
20035.png,2.0_2.0,4,37,45,82,45,41,2
20036.png,4.0,3,40,33,58,18,30,1
20037.png,9.0_1.0,2,31,36,61,30,34,2
20038.png,1.0,22,47,61,63,16,39,1
20039.png,2.0_5.0_4.0,101,148,149,214,66,48,3
2004.png,5.0_1.0,14,109,65,167,58,51,2
20040.png,3.0_7.0,17,68,64,139,71,47,2
20041.png,2.0_10.0,1,21,31,46,25,30,2
20042.png,7.0_7.0,13,44,32,63,19,19,2
20043.png,4.0_7.0,9,70,85,158,88,76,2
20044.png,3.0_5.0,10,35,42,64,29,32,2
20045.png,1.0_7.0_6.0_5.0,3,14,16,44,30,13,4
20046.png,7.0_8.0_7.0,13,37,35,71,34,22,3
20047.png,1.0_4.0_4.0,5,34,33,53,19,28,3
20048.png,1.0_4.0,5,48,63,89,41,58,2
20049.png,4.0_8.0,11,43,41,74,31,30,2
2005.png,8.0_4.0,3,20,21,42,22,18,2
20050.png,2.0_6.0,3,22,24,48,26,21,2
20051.png,9.0,5,43,54,70,27,49,1
20052.png,6.0_3.0,27,82,85,147,65,58,2
20053.png,3.0_6.0_7.0,1,37,45,100,63,44,3
20054.png,4.0_5.0,13,50,47,89,39,34,2
20055.png,9.0_3.0,4,26,31,53,27,27,2
20056.png,1.0_5.0_5.0_1.0,2,30,44,112,82,42,4
20057.png,4.0_9.0,1,25,27,48,23,26,2
20058.png,7.0,6,32,30,45,13,24,1
20059.png,7.0_6.0_9.0,1,60,78,108,48,77,3
2006.png,1.0_1.0,4,36,44,62,26,40,2
20060.png,2.0_8.0,79,133,134,172,39,55,2
20061.png,3.0_5.0,20,70,67,117,47,47,2
20062.png,3.0_2.0,2,12,13,25,13,11,2
20063.png,6.0_8.0,9,54,66,123,69,57,2
20064.png,1.0_2.0_2.0,3,24,30,54,30,27,3
20065.png,4.0_7.0_4.0,5,44,49,101,57,44,3
20066.png,2.0,16,58,55,76,18,39,1
20067.png,3.0_5.0,7,26,31,44,18,24,2
20068.png,4.0_10.0_9.0,9,33,34,61,28,25,3
20069.png,1.0_4.0_5.0_4.0,1,14,15,44,30,14,4
2007.png,2.0_1.0,5,27,36,46,19,31,2
20070.png,2.0_7.0_9.0,3,17,20,35,18,17,3
20071.png,6.0_10.0,4,25,26,45,20,22,2
20072.png,8.0,23,126,120,182,56,97,1
20073.png,4.0_9.0,32,129,137,223,94,105,2
20074.png,2.0_4.0_4.0,1,24,38,102,78,37,3
20075.png,4.0_4.0,3,20,23,33,13,20,2
20076.png,1.0,7,30,25,37,7,18,1
20077.png,4.0_9.0,15,93,99,128,35,84,2
20078.png,1.0_3.0_3.0,4,21,22,37,16,18,3
20079.png,1.0_8.0,5,25,22,37,12,17,2
2008.png,1.0_1.0,2,27,41,60,33,39,2
20080.png,9.0,6,22,27,36,14,21,1
20081.png,1.0_8.0,2,24,27,40,16,25,2
20082.png,1.0_1.0,1,17,18,24,7,17,2
20083.png,1.0_5.0_9.0,11,60,50,107,47,39,3
20084.png,1.0_5.0,4,41,49,100,59,45,2
20085.png,1.0_3.0_1.0_4.0,1,15,17,44,29,16,4
20086.png,2.0_2.0_7.0,17,55,35,77,22,18,3
20087.png,9.0,15,131,63,152,21,48,1
20088.png,2.0_5.0_3.0_1.0,1,12,13,39,27,12,4
20089.png,8.0_8.0,50,72,84,98,26,34,2
2009.png,1.0_9.0_1.0_4.0,1,19,22,53,34,21,4
20090.png,3.0_2.0,15,41,39,66,25,24,2
20091.png,5.0,7,29,34,45,16,27,1
20092.png,2.0_6.0_10.0,1,22,26,46,24,25,3
20093.png,6.0_6.0,11,60,66,114,54,55,2
20094.png,2.0_10.0,6,47,54,95,48,48,2
20095.png,4.0,17,73,85,117,44,68,1
20096.png,3.0_9.0_9.0,1,25,30,61,36,29,3
20097.png,1.0,7,64,84,93,29,77,1
20098.png,6.0_5.0,23,0,54,33,33,31,2
20099.png,8.0,3,32,39,49,17,36,1
201.png,2.0_3.0,3,31,42,69,38,39,2
2010.png,3.0_3.0,2,18,23,42,24,21,2
20100.png,6.0_8.0,6,39,41,87,48,35,2
20101.png,1.0_4.0,1,30,41,66,36,40,2
20102.png,8.0_6.0_7.0,15,56,53,132,76,38,3
20103.png,8.0,14,73,57,82,9,43,1
20104.png,5.0,6,43,48,73,30,42,1
20105.png,3.0_4.0_1.0,4,2,30,42,40,26,3
20106.png,1.0_4.0_10.0,5,51,64,117,66,59,3
20107.png,1.0_1.0_9.0,15,44,36,65,21,21,3
20108.png,5.0_1.0,5,18,19,31,13,14,2
20109.png,2.0_10.0_2.0,11,42,45,85,43,34,3
2011.png,5.0_8.0_5.0,7,38,38,86,48,31,3
20110.png,1.0_10.0,8,78,69,139,61,61,2
20111.png,1.0_6.0,7,37,31,55,18,24,2
20112.png,7.0,6,38,39,56,18,33,1
20113.png,3.0,11,47,43,61,14,32,1
20114.png,1.0_4.0,7,42,50,93,51,43,2
20115.png,1.0_1.0,2,14,14,22,8,12,2
20116.png,2.0_7.0,6,27,27,42,15,21,2
20117.png,4.0_1.0,6,19,19,28,9,13,2
20118.png,3.0_8.0,3,16,17,31,15,14,2
20119.png,1.0_8.0,3,21,22,35,14,19,2
2012.png,1.0_5.0_6.0,4,113,58,153,40,54,3
20120.png,3.0_7.0,1,34,23,45,11,22,2
20121.png,1.0_10.0_6.0,40,87,73,127,40,33,3
20122.png,2.0_1.0,7,39,51,81,42,44,2
20123.png,7.0,16,66,50,86,20,34,1
20124.png,6.0_4.0,2,33,35,57,24,33,2
20125.png,2.0_1.0,1,18,21,36,18,20,2
20126.png,2.0_7.0,7,38,38,63,25,31,2
20127.png,2.0_7.0,8,41,50,61,20,42,2
20128.png,6.0_5.0,13,41,40,75,34,27,2
20129.png,1.0,4,40,40,53,13,36,1
2013.png,6.0,2,22,24,34,12,22,1
20130.png,6.0_1.0,16,55,57,81,26,41,2
20131.png,4.0_10.0,2,29,30,55,26,28,2
20132.png,5.0_1.0,5,35,38,54,19,33,2
20133.png,3.0_3.0,5,24,25,42,18,20,2
20134.png,3.0_3.0,3,34,40,81,47,37,2
20135.png,3.0_8.0,5,25,30,53,28,25,2
20136.png,1.0,4,26,27,33,7,23,1
20137.png,6.0,4,16,18,22,6,14,1
20138.png,6.0,7,25,30,42,17,23,1
20139.png,6.0,6,40,48,59,19,42,1
2014.png,2.0,16,52,60,66,14,44,1
20140.png,3.0_4.0,7,34,28,53,19,21,2
20141.png,2.0,5,34,38,52,18,33,1
20142.png,6.0_7.0_1.0,6,49,61,120,71,55,3
20143.png,1.0_5.0_3.0,2,30,34,64,34,32,3
20144.png,4.0,4,36,38,58,22,34,1
20145.png,6.0,1,30,45,57,27,44,1
20146.png,6.0,7,50,65,87,37,58,1
20147.png,9.0_4.0,1,17,18,35,18,17,2
20148.png,8.0_1.0,9,47,61,102,55,52,2
20149.png,2.0_1.0,9,38,41,57,19,32,2
2015.png,1.0_4.0_6.0,13,58,53,104,46,40,3
20150.png,3.0,8,42,38,60,18,30,1
20151.png,4.0_4.0_6.0,29,117,103,226,109,74,3
20152.png,9.0_9.0_8.0,8,41,39,70,29,31,3
20153.png,6.0_10.0,1,24,31,51,27,30,2
20154.png,9.0_9.0,6,36,42,68,32,36,2
20155.png,1.0_6.0_10.0,10,52,57,87,35,47,3
20156.png,3.0,4,26,27,35,9,23,1
20157.png,1.0_7.0_10.0,14,78,71,141,63,57,3
20158.png,3.0_2.0,3,20,23,39,19,20,2
20159.png,1.0_3.0,2,14,18,28,14,16,2
2016.png,6.0_5.0,14,34,36,59,25,22,2
20160.png,7.0,15,72,51,91,19,36,1
20161.png,1.0_1.0,9,49,41,67,18,32,2
20162.png,1.0_7.0,9,38,48,62,24,39,2
20163.png,6.0_8.0_9.0,16,119,46,152,33,30,3
20164.png,3.0_4.0_2.0,10,51,52,94,43,42,3
20165.png,4.0_2.0_10.0,44,140,165,285,145,121,3
20166.png,4.0,5,28,23,37,9,18,1
20167.png,2.0_10.0,2,16,17,36,20,15,2
20168.png,1.0_4.0,28,93,110,144,51,82,2
20169.png,1.0,4,31,24,39,8,20,1
2017.png,3.0_4.0,4,18,22,37,19,18,2
20170.png,1.0_4.0_1.0_6.0,4,25,25,59,34,21,4
20171.png,4.0_5.0,24,99,116,211,112,92,2
20172.png,1.0_10.0_1.0,1,78,84,140,62,83,3
20173.png,3.0_4.0_5.0_10.0,17,85,98,210,125,81,4
20174.png,2.0_5.0_10.0,5,29,35,71,42,30,3
20175.png,1.0_3.0_10.0,6,29,39,57,28,33,3
20176.png,4.0,139,183,261,266,83,122,1
20177.png,1.0_2.0_5.0,21,78,115,171,93,94,3
20178.png,3.0,3,36,33,49,13,30,1
20179.png,1.0_10.0,17,75,46,105,30,29,2
2018.png,5.0_9.0,6,43,64,91,48,58,2
20180.png,4.0_5.0,4,44,59,107,63,55,2
20181.png,2.0_3.0,17,93,120,184,91,103,2
20182.png,7.0,9,43,27,57,14,18,1
20183.png,7.0_7.0,3,46,48,90,44,45,2
20184.png,3.0_10.0,3,24,26,50,26,23,2
20185.png,6.0_7.0,6,27,24,42,15,18,2
20186.png,3.0,6,26,27,31,5,21,1
20187.png,3.0_2.0_4.0,22,124,62,166,42,40,3
20188.png,5.0_10.0_8.0,14,59,61,155,96,47,3
20189.png,5.0,8,26,29,40,14,21,1
2019.png,1.0_10.0_7.0,28,90,59,127,37,31,3
20190.png,8.0_10.0,6,39,47,76,37,41,2
20191.png,4.0_4.0,3,23,26,39,16,23,2
20192.png,1.0_4.0,12,47,53,89,42,41,2
20193.png,3.0_7.0_4.0,17,58,42,89,31,25,3
20194.png,2.0_10.0_3.0,17,86,77,212,126,60,3
20195.png,4.0_1.0,6,26,37,51,25,31,2
20196.png,6.0_4.0_3.0_6.0,17,36,35,71,35,18,4
20197.png,1.0_10.0_5.0_9.0,11,132,44,168,36,33,4
20198.png,5.0_4.0_1.0,7,57,54,112,55,47,3
20199.png,1.0_10.0_6.0,58,97,111,148,51,53,3
202.png,1.0_10.0_5.0,56,148,105,202,54,49,3
2020.png,3.0,3,28,39,53,25,36,1
20200.png,2.0_10.0_4.0,3,33,40,78,45,37,3
20201.png,5.0_10.0,26,73,64,95,22,38,2
20202.png,5.0_10.0_2.0,43,140,96,204,64,53,3
20203.png,1.0_10.0,9,40,43,75,35,34,2
20204.png,2.0_3.0,3,0,60,46,46,57,2
20205.png,2.0_4.0_7.0,5,27,33,62,35,28,3
20206.png,4.0_5.0,9,39,49,62,23,40,2
20207.png,5.0,5,24,27,34,10,22,1
20208.png,2.0,8,43,52,58,15,44,1
20209.png,1.0_3.0,9,46,45,81,35,36,2
2021.png,1.0_9.0_2.0,57,193,98,235,42,41,3
20210.png,7.0_6.0,3,32,42,82,50,39,2
20211.png,1.0_5.0_7.0,1,18,19,48,30,18,3
20212.png,6.0_1.0,1,37,42,71,34,41,2
20213.png,1.0_2.0_10.0,12,40,40,61,21,28,3
20214.png,2.0_9.0_9.0,13,96,70,198,102,57,3
20215.png,3.0_3.0,13,48,42,77,29,29,2
20216.png,4.0_1.0,1,19,17,33,14,16,2
20217.png,1.0_6.0,9,31,35,50,19,26,2
20218.png,7.0,1,49,63,81,32,62,1
20219.png,1.0_10.0_9.0,92,112,130,165,53,38,3
2022.png,2.0_4.0_4.0_1.0,1,24,30,75,51,29,4
20220.png,6.0_3.0,6,34,34,64,30,28,2
20221.png,1.0_9.0,14,72,88,150,78,74,2
20222.png,4.0_6.0,5,33,37,54,21,32,2
20223.png,2.0_1.0,3,26,29,43,17,26,2
20224.png,2.0_1.0_7.0,2,23,28,58,35,26,3
20225.png,2.0_2.0_1.0,20,214,92,280,66,72,3
20226.png,4.0_4.0,1,16,25,46,30,24,2
20227.png,3.0_7.0,1,23,24,47,24,23,2
20228.png,1.0_1.0,2,20,23,33,13,21,2
20229.png,4.0_7.0_1.0,19,27,74,78,51,55,3
2023.png,4.0,4,37,40,63,26,36,1
20230.png,1.0_5.0_6.0,123,216,165,262,46,42,3
20231.png,5.0_8.0,12,93,139,270,177,127,2
20232.png,7.0_1.0,3,29,29,47,18,26,2
20233.png,1.0_6.0,1,15,16,29,14,15,2
20234.png,3.0_8.0,4,44,43,75,31,39,2
20235.png,9.0,4,32,35,51,19,31,1
20236.png,4.0_5.0_10.0_4.0,1,14,15,39,25,14,4
20237.png,4.0_5.0_10.0,17,53,89,110,57,72,3
20238.png,3.0_9.0,5,27,28,52,25,23,2
20239.png,3.0_1.0_7.0,21,59,63,155,96,42,3
2024.png,3.0_6.0,10,43,43,88,45,33,2
20240.png,6.0_1.0,11,44,61,103,59,50,2
20241.png,6.0_5.0,4,49,56,92,43,52,2
20242.png,1.0_9.0,1,21,26,65,44,25,2
20243.png,7.0_6.0,16,44,48,77,33,32,2
20244.png,8.0,13,42,40,56,14,27,1
20245.png,3.0_6.0_3.0,33,203,75,242,39,42,3
20246.png,1.0_5.0_8.0,10,44,39,70,26,29,3
20247.png,3.0_6.0,12,64,68,133,69,56,2
20248.png,5.0_9.0,6,50,54,113,63,48,2
20249.png,5.0_1.0,5,42,38,65,23,33,2
2025.png,1.0_10.0_5.0,28,102,63,139,37,35,3
20250.png,6.0_8.0,8,25,27,47,22,19,2
20251.png,2.0_5.0_9.0,17,165,121,293,128,104,3
20252.png,1.0_3.0_9.0,8,31,35,83,52,27,3
20253.png,2.0_3.0_10.0,4,16,17,36,20,13,3
20254.png,1.0_5.0_10.0,9,37,35,58,21,26,3
20255.png,5.0_10.0,4,27,33,51,24,29,2
20256.png,7.0,5,29,32,48,19,27,1
20257.png,3.0_1.0_2.0,1,25,31,62,37,30,3
20258.png,2.0_5.0,3,15,16,27,12,13,2
20259.png,4.0_6.0,4,26,31,63,37,27,2
2026.png,2.0_10.0_3.0,11,33,35,61,28,24,3
20260.png,7.0_5.0_10.0,3,15,22,37,22,19,3
20261.png,1.0_5.0,13,81,83,144,63,70,2
20262.png,4.0_8.0_1.0,3,16,20,42,26,17,3
20263.png,1.0_1.0,7,24,35,48,24,28,2
20264.png,2.0_4.0,1,36,48,81,45,47,2
20265.png,3.0_3.0,3,23,26,37,14,23,2
20266.png,1.0_7.0,4,14,19,25,11,15,2
20267.png,4.0,5,29,28,39,10,23,1
20268.png,1.0_5.0,2,32,35,53,21,33,2
20269.png,2.0_10.0,13,60,50,103,43,37,2
2027.png,6.0_8.0,6,36,37,55,19,31,2
20270.png,2.0_1.0_1.0,6,35,43,86,51,37,3
20271.png,1.0_9.0,5,48,61,87,39,56,2
20272.png,1.0_2.0_10.0,5,26,27,47,21,22,3
20273.png,1.0_1.0,1,20,26,38,18,25,2
20274.png,4.0_1.0,4,42,52,92,50,48,2
20275.png,9.0,8,31,34,50,19,26,1
20276.png,6.0_5.0,5,49,58,87,38,53,2
20277.png,8.0,14,48,49,65,17,35,1
20278.png,4.0_6.0,26,82,66,114,32,40,2
20279.png,3.0_10.0_8.0,40,252,99,302,50,59,3
2028.png,3.0_2.0,1,45,65,115,70,64,2
20280.png,1.0_5.0_1.0,5,38,44,79,41,39,3
20281.png,9.0,13,74,84,117,43,71,1
20282.png,6.0_7.0,1,31,33,61,30,32,2
20283.png,5.0_1.0,2,25,25,55,30,23,2
20284.png,8.0,43,132,131,183,51,88,1
20285.png,4.0_9.0,21,85,85,147,62,64,2
20286.png,3.0_3.0_5.0,21,89,83,167,78,62,3
20287.png,7.0_4.0,5,33,38,56,23,33,2
20288.png,2.0_10.0,1,27,28,45,18,27,2
20289.png,1.0_1.0,6,45,83,112,67,77,2
2029.png,2.0_2.0_7.0,2,28,36,54,26,34,3
20290.png,6.0,5,36,44,60,24,39,1
20291.png,5.0_6.0_4.0,15,36,40,65,29,25,3
20292.png,2.0_7.0,43,137,70,163,26,27,2
20293.png,1.0_4.0_9.0,36,109,65,148,39,29,3
20294.png,3.0_4.0,2,28,35,64,36,33,2
20295.png,7.0_3.0,14,55,44,86,31,30,2
20296.png,4.0_10.0_4.0,5,21,24,51,30,19,3
20297.png,6.0,1,17,16,26,9,15,1
20298.png,5.0,8,38,36,50,12,28,1
20299.png,3.0,13,64,82,105,41,69,1
203.png,2.0_4.0_1.0,9,69,69,117,48,60,3
2030.png,8.0_1.0,3,37,49,98,61,46,2
20300.png,1.0_2.0,13,53,54,81,28,41,2
20301.png,8.0_10.0,7,67,79,150,83,72,2
20302.png,5.0_1.0,8,50,63,90,40,55,2
20303.png,2.0_10.0_3.0_1.0,1,15,20,57,42,19,4
20304.png,8.0_5.0,11,33,30,52,19,19,2
20305.png,3.0_2.0_10.0_7.0,3,19,20,59,40,17,4
20306.png,1.0_4.0_3.0,6,52,66,141,89,60,3
20307.png,5.0,19,81,81,110,29,62,1
20308.png,1.0_8.0,11,36,31,56,20,20,2
20309.png,7.0_1.0,0,44,58,117,73,58,2
2031.png,1.0_10.0_8.0_10.0,21,86,88,199,113,67,4
20310.png,3.0_10.0,7,41,44,76,35,37,2
20311.png,8.0_2.0,22,84,87,145,61,65,2
20312.png,8.0,1,29,42,50,21,41,1
20313.png,8.0_4.0,4,4,81,88,84,77,2
20314.png,5.0,26,83,97,130,47,71,1
20315.png,5.0_9.0,1,10,12,21,11,11,2
20316.png,3.0_6.0,9,42,48,80,38,39,2
20317.png,9.0,11,69,82,98,29,71,1
20318.png,1.0_4.0,5,36,33,57,21,28,2
20319.png,7.0_3.0,6,64,100,168,104,94,2
2032.png,1.0_10.0_5.0,39,119,123,205,86,84,3
20320.png,9.0_6.0_10.0,21,13,44,44,31,23,3
20321.png,4.0_7.0,2,27,24,45,18,22,2
20322.png,2.0_7.0,3,36,50,84,48,47,2
20323.png,5.0,19,76,64,95,19,45,1
20324.png,2.0_10.0,9,47,56,91,44,47,2
20325.png,2.0_1.0_1.0,7,27,22,46,19,15,3
20326.png,1.0_4.0_10.0,1,20,30,48,28,29,3
20327.png,2.0_8.0_6.0,6,31,26,50,19,20,3
20328.png,1.0_10.0_4.0,2,24,32,66,42,30,3
20329.png,8.0_7.0_5.0_9.0,18,77,76,202,125,58,4
2033.png,9.0_1.0,6,47,49,75,28,43,2
20330.png,4.0_4.0_10.0,22,113,131,198,85,109,3
20331.png,7.0_1.0_2.0,12,56,51,118,62,39,3
20332.png,8.0_8.0,2,21,20,34,13,18,2
20333.png,1.0_7.0_3.0,2,19,17,34,15,15,3
20334.png,1.0_3.0,13,64,73,125,61,60,2
20335.png,8.0,5,32,38,52,20,33,1
20336.png,2.0_5.0_1.0,16,54,57,107,53,41,3
20337.png,5.0_6.0_8.0,5,22,21,51,29,16,3
20338.png,1.0_9.0_5.0,3,30,40,75,45,37,3
20339.png,8.0_8.0,1,20,24,43,23,23,2
2034.png,2.0_8.0,14,66,86,150,84,72,2
20340.png,5.0,1,24,31,41,17,30,1
20341.png,1.0_6.0_10.0,2,32,39,81,49,37,3
20342.png,5.0_10.0,1,15,16,32,17,15,2
20343.png,2.0_4.0_8.0,1,13,18,35,22,17,3
20344.png,4.0_7.0_10.0,7,35,38,76,41,31,3
20345.png,2.0_10.0_3.0,20,87,62,151,64,42,3
20346.png,9.0_8.0,9,40,45,79,39,36,2
20347.png,1.0_5.0_8.0,86,164,130,224,60,44,3
20348.png,2.0,2,26,30,43,17,28,1
20349.png,3.0,13,53,49,67,14,36,1
2035.png,7.0_3.0,4,23,27,41,18,23,2
20350.png,4.0_2.0_9.0,6,41,37,89,48,31,3
20351.png,4.0,3,34,34,47,13,31,1
20352.png,1.0_3.0_9.0,6,32,31,59,27,25,3
20353.png,1.0_1.0_10.0,10,45,46,87,42,36,3
20354.png,3.0_4.0_8.0,3,41,34,88,47,31,3
20355.png,2.0,5,21,30,38,17,25,1
20356.png,6.0_10.0,5,31,34,58,27,29,2
20357.png,1.0_2.0_10.0,21,90,107,187,97,86,3
20358.png,1.0_5.0_10.0,11,55,59,109,54,48,3
20359.png,2.0_5.0_9.0_8.0,4,18,23,48,30,19,4
2036.png,8.0_2.0,1,15,19,33,18,18,2
20360.png,2.0_5.0,35,174,110,233,59,75,2
20361.png,6.0,16,106,66,140,34,50,1
20362.png,7.0_5.0,5,32,39,62,30,34,2
20363.png,3.0_10.0,1,16,21,44,28,20,2
20364.png,4.0_6.0,14,65,56,101,36,42,2
20365.png,1.0_1.0_5.0,2,27,30,49,22,28,3
20366.png,1.0_7.0_4.0,4,40,57,108,68,53,3
20367.png,7.0_4.0,7,33,30,58,25,23,2
20368.png,7.0,4,41,27,52,11,23,1
20369.png,4.0_2.0,12,78,57,125,47,45,2
2037.png,1.0_4.0_4.0_1.0,15,135,64,176,41,49,4
20370.png,2.0_8.0,15,68,74,146,78,59,2
20371.png,3.0_5.0,1,14,18,32,18,17,2
20372.png,1.0_2.0_10.0,12,30,31,60,30,19,3
20373.png,3.0_5.0,7,32,42,55,23,35,2
20374.png,9.0_8.0,2,16,26,45,29,24,2
20375.png,9.0_7.0,4,26,24,44,18,20,2
20376.png,1.0_10.0_9.0,2,21,26,49,28,24,3
20377.png,8.0,4,39,45,62,23,41,1
20378.png,6.0_1.0,12,60,54,112,52,42,2
20379.png,7.0_6.0,8,54,69,116,62,61,2
2038.png,2.0,18,69,56,92,23,38,1
20380.png,1.0_2.0_2.0,16,53,59,110,57,43,3
20381.png,8.0_1.0,3,22,25,36,14,22,2
20382.png,7.0_10.0,12,72,73,132,60,61,2
20383.png,1.0_3.0_1.0_8.0,8,43,39,85,42,31,4
20384.png,4.0_3.0,1,18,16,30,12,15,2
20385.png,4.0,1,11,12,20,9,11,1
20386.png,1.0,4,31,29,40,9,25,1
20387.png,1.0_1.0,17,51,38,72,21,21,2
20388.png,6.0_2.0,10,42,45,77,35,35,2
20389.png,3.0_1.0,5,19,20,29,10,15,2
2039.png,4.0_8.0,8,59,70,127,68,62,2
20390.png,1.0_2.0_4.0,29,81,79,133,52,50,3
20391.png,9.0,6,29,28,41,12,22,1
20392.png,1.0_6.0_10.0,11,81,85,166,85,74,3
20393.png,2.0_1.0,8,49,58,100,51,50,2
20394.png,1.0_3.0_4.0,7,39,42,74,35,35,3
20395.png,3.0_7.0,1,19,24,41,22,23,2
20396.png,2.0_7.0_10.0_8.0,7,35,31,94,59,24,4
20397.png,2.0_5.0_2.0,12,46,34,69,23,22,3
20398.png,9.0,1,23,26,43,20,25,1
20399.png,1.0_4.0_6.0,6,36,45,84,48,39,3
204.png,4.0,4,32,26,44,12,22,1
2040.png,2.0_1.0,6,39,40,62,23,34,2
20400.png,1.0_4.0_1.0_5.0,6,33,33,81,48,27,4
20401.png,3.0_3.0,12,71,91,136,65,79,2
20402.png,1.0_4.0_8.0,8,42,43,82,40,35,3
20403.png,2.0_8.0,10,52,50,93,41,40,2
20404.png,1.0,5,29,28,37,8,23,1
20405.png,8.0_8.0,1,16,19,34,18,18,2
20406.png,9.0,4,39,33,50,11,29,1
20407.png,1.0_4.0_2.0,12,39,45,67,28,33,3
20408.png,3.0_3.0,5,19,18,35,16,13,2
20409.png,1.0_2.0_5.0,17,127,139,247,120,122,3
2041.png,1.0_3.0,5,25,25,43,18,20,2
20410.png,2.0_2.0,14,59,65,113,54,51,2
20411.png,4.0_1.0_7.0,15,50,35,82,32,20,3
20412.png,3.0,10,55,58,76,21,48,1
20413.png,3.0_10.0,2,15,21,30,15,19,2
20414.png,4.0_7.0,9,35,38,65,30,29,2
20415.png,2.0_6.0,6,25,24,43,18,18,2
20416.png,9.0,6,33,42,59,26,36,1
20417.png,4.0_7.0,2,17,17,33,16,15,2
20418.png,1.0_9.0_5.0,8,31,31,55,24,23,3
20419.png,2.0_6.0,1,29,46,65,36,45,2
2042.png,2.0_10.0,7,42,40,73,31,33,2
20420.png,8.0_5.0,18,66,42,92,26,24,2
20421.png,1.0_6.0_10.0,21,108,88,237,129,67,3
20422.png,8.0_4.0,7,26,31,46,20,24,2
20423.png,1.0_4.0_8.0,5,22,24,49,27,19,3
20424.png,5.0_1.0,1,20,36,56,36,35,2
20425.png,5.0,20,152,131,220,68,111,1
20426.png,3.0_10.0,6,31,35,60,29,29,2
20427.png,1.0_7.0,2,26,29,60,34,27,2
20428.png,2.0_10.0,8,33,33,49,16,25,2
20429.png,1.0_8.0,4,32,37,47,15,33,2
2043.png,8.0_7.0_5.0,54,184,118,278,94,64,3
20430.png,3.0,5,32,38,47,15,33,1
20431.png,1.0_3.0,6,28,35,55,27,29,2
20432.png,4.0_7.0_8.0,8,30,35,61,31,27,3
20433.png,8.0_2.0,9,35,39,62,27,30,2
20434.png,1.0_9.0_6.0_9.0,2,35,51,93,58,49,4
20435.png,3.0_7.0,5,22,24,39,17,19,2
20436.png,6.0_5.0,1,16,19,31,15,18,2
20437.png,1.0_8.0_2.0,2,14,18,31,17,16,3
20438.png,8.0_9.0,75,148,115,180,32,40,2
20439.png,4.0_9.0,6,41,46,83,42,40,2
2044.png,1.0_9.0,4,42,50,72,30,46,2
20440.png,3.0_6.0_3.0,8,60,54,98,38,46,3
20441.png,2.0,12,53,57,78,25,45,1
20442.png,1.0_7.0,4,19,25,39,20,21,2
20443.png,5.0,6,28,28,41,13,22,1
20444.png,1.0_8.0,3,18,16,32,14,13,2
20445.png,5.0_4.0_7.0,0,14,20,35,21,20,3
20446.png,3.0_6.0,6,33,35,62,29,29,2
20447.png,7.0,22,17,92,55,38,70,1
20448.png,5.0_10.0,8,45,51,93,48,43,2
20449.png,2.0_7.0,1,22,23,40,18,22,2
2045.png,4.0_2.0,8,34,35,55,21,27,2
20450.png,1.0_10.0,1,14,21,31,17,20,2
20451.png,7.0,6,35,31,50,15,25,1
20452.png,3.0_3.0,22,75,80,130,55,58,2
20453.png,6.0,7,30,34,42,12,27,1
20454.png,2.0,8,27,29,40,13,21,1
20455.png,9.0_1.0,6,34,39,62,28,33,2
20456.png,2.0_8.0_3.0,2,27,33,58,31,31,3
20457.png,5.0_1.0,10,65,77,118,53,67,2
20458.png,9.0,7,29,33,50,21,26,1
20459.png,1.0_2.0_2.0,6,46,47,84,38,41,3
2046.png,3.0_10.0,3,28,39,67,39,36,2
20460.png,1.0_9.0_1.0,15,55,78,126,71,63,3
20461.png,2.0_2.0,20,69,95,131,62,75,2
20462.png,6.0_6.0,10,49,46,75,26,36,2
20463.png,7.0_10.0,1,39,50,86,47,49,2
20464.png,2.0_1.0,8,54,56,90,36,48,2
20465.png,5.0_5.0,19,94,96,173,79,77,2
20466.png,3.0_1.0_3.0_3.0,1,13,15,46,33,14,4
20467.png,1.0_3.0,1,20,27,33,13,26,2
20468.png,1.0_1.0,5,35,41,61,26,36,2
20469.png,6.0,3,22,20,31,9,17,1
2047.png,3.0_4.0_10.0,8,81,80,150,69,72,3
20470.png,5.0_1.0_1.0_1.0,8,39,41,80,41,33,4
20471.png,7.0_4.0,5,24,30,54,30,25,2
20472.png,1.0_6.0_6.0,1,29,30,57,28,29,3
20473.png,7.0_2.0,7,32,37,65,33,30,2
20474.png,1.0_3.0_5.0,3,26,28,45,19,25,3
20475.png,1.0_4.0_2.0,2,25,28,63,38,26,3
20476.png,2.0_1.0_5.0,27,173,116,226,53,89,3
20477.png,2.0_9.0_8.0,13,9,35,39,30,22,3
20478.png,5.0_7.0,26,82,66,107,25,40,2
20479.png,2.0,11,78,88,132,54,77,1
2048.png,3.0_6.0_1.0,4,37,45,93,56,41,3
20480.png,2.0_5.0,8,44,54,100,56,46,2
20481.png,3.0_9.0,5,54,71,112,58,66,2
20482.png,3.0_2.0,14,38,40,56,18,26,2
20483.png,3.0_6.0,2,20,22,39,19,20,2
20484.png,3.0_3.0,6,42,51,87,45,45,2
20485.png,1.0,1,13,13,18,5,12,1
20486.png,1.0_4.0,1,21,23,38,17,22,2
20487.png,1.0_7.0,3,26,28,48,22,25,2
20488.png,3.0_2.0,5,40,40,66,26,35,2
20489.png,3.0_10.0,4,31,28,60,29,24,2
2049.png,6.0_9.0,4,21,22,33,12,18,2
20490.png,6.0_5.0,50,154,168,265,111,118,2
20491.png,1.0_8.0_3.0,3,22,24,47,25,21,3
20492.png,10.0,12,46,35,61,15,23,1
20493.png,5.0,7,23,23,30,7,16,1
20494.png,2.0_1.0_7.0,1,91,101,152,61,100,3
20495.png,3.0_1.0,3,30,30,45,15,27,2
20496.png,1.0,0,28,34,46,18,34,1
20497.png,2.0_10.0_3.0,14,40,33,71,31,19,3
20498.png,2.0_2.0,1,19,23,37,18,22,2
20499.png,3.0_1.0,6,21,24,38,17,18,2
205.png,4.0_9.0,7,28,32,46,18,25,2
2050.png,4.0_5.0,83,132,149,188,56,66,2
20500.png,7.0_9.0,6,26,24,43,17,18,2
20501.png,4.0_7.0,13,45,39,79,34,26,2
20502.png,9.0_2.0,17,75,60,117,42,43,2
20503.png,5.0_6.0,5,45,52,88,43,47,2
20504.png,5.0_10.0,2,30,34,55,25,32,2
20505.png,6.0_5.0_6.0,35,20,63,65,45,28,3
20506.png,3.0_3.0,18,94,115,185,91,97,2
20507.png,2.0_7.0,5,38,51,85,47,46,2
20508.png,3.0_6.0,13,58,37,87,29,24,2
20509.png,4.0_3.0,6,27,25,46,19,19,2
2051.png,4.0,9,32,26,44,12,17,1
20510.png,7.0_5.0,21,93,106,165,72,85,2
20511.png,1.0_7.0,7,34,43,68,34,36,2
20512.png,5.0_3.0,2,20,24,41,21,22,2
20513.png,2.0_4.0,2,23,33,62,39,31,2
20514.png,1.0_4.0,9,132,79,182,50,70,2
20515.png,4.0_7.0,2,23,24,42,19,22,2
20516.png,8.0_7.0,11,58,40,78,20,29,2
20517.png,7.0,4,27,26,38,11,22,1
20518.png,1.0_3.0,11,45,49,70,25,38,2
20519.png,3.0_4.0,43,192,97,237,45,54,2
2052.png,7.0_5.0,9,81,74,130,49,65,2
20520.png,9.0_7.0,5,29,31,58,29,26,2
20521.png,1.0_4.0,1,24,32,51,27,31,2
20522.png,1.0_1.0_8.0,3,24,26,59,35,23,3
20523.png,6.0_8.0,13,63,50,90,27,37,2
20524.png,4.0_4.0,37,120,151,238,118,114,2
20525.png,3.0_9.0_6.0,14,49,54,115,66,40,3
20526.png,3.0_3.0,20,47,46,70,23,26,2
20527.png,1.0_8.0,2,22,24,44,22,22,2
20528.png,8.0,4,32,41,51,19,37,1
20529.png,1.0_1.0_10.0,10,41,49,69,28,39,3
2053.png,4.0_6.0,10,54,62,111,57,52,2
20530.png,4.0_4.0,6,46,63,98,52,57,2
20531.png,3.0,6,30,39,55,25,33,1
20532.png,3.0_8.0_10.0,25,83,60,139,56,35,3
20533.png,1.0_4.0_4.0,16,47,39,72,25,23,3
20534.png,1.0_1.0_4.0,7,49,47,86,37,40,3
20535.png,6.0_8.0,11,42,38,84,42,27,2
20536.png,1.0_6.0_8.0,4,25,25,58,33,21,3
20537.png,4.0_7.0,1,65,74,149,84,73,2
20538.png,1.0_5.0,7,45,54,82,37,47,2
20539.png,3.0_8.0_7.0,3,22,29,58,36,26,3
2054.png,2.0_5.0_10.0,1,16,17,35,19,16,3
20540.png,4.0_8.0,13,0,54,30,30,41,2
20541.png,8.0,5,26,26,37,11,21,1
20542.png,5.0_6.0_8.0,6,42,49,102,60,43,3
20543.png,4.0_10.0,3,17,18,32,15,15,2
20544.png,1.0_10.0_5.0,12,47,43,75,28,31,3
20545.png,3.0_5.0_8.0_9.0,7,32,38,91,59,31,4
20546.png,2.0_9.0_3.0,8,56,44,87,31,36,3
20547.png,2.0_2.0,4,62,61,107,45,57,2
20548.png,9.0_3.0,13,38,30,62,24,17,2
20549.png,2.0_5.0,17,104,84,168,64,67,2
2055.png,2.0_1.0_2.0,2,35,45,85,50,43,3
20550.png,2.0_7.0,15,69,64,115,46,49,2
20551.png,3.0_10.0,1,16,19,39,23,18,2
20552.png,1.0_9.0,10,54,60,96,42,50,2
20553.png,9.0_3.0,5,20,24,37,17,19,2
20554.png,2.0_4.0_4.0,16,57,51,90,33,35,3
20555.png,5.0,9,51,47,78,27,38,1
20556.png,4.0_1.0,21,83,85,134,51,64,2
20557.png,1.0_8.0_7.0,6,38,37,74,36,31,3
20558.png,7.0,9,33,37,51,18,28,1
20559.png,5.0_9.0_5.0,15,65,36,101,36,21,3
2056.png,2.0_3.0,35,111,113,232,121,78,2
20560.png,9.0_3.0,15,65,73,127,62,58,2
20561.png,1.0_10.0,2,20,19,39,19,17,2
20562.png,2.0_10.0,11,82,94,179,97,83,2
20563.png,1.0_8.0,12,45,46,67,22,34,2
20564.png,2.0_2.0_2.0,12,48,37,72,24,25,3
20565.png,3.0_4.0_10.0,9,44,50,101,57,41,3
20566.png,3.0,5,25,32,40,15,27,1
20567.png,1.0,34,86,74,99,13,40,1
20568.png,1.0_10.0_6.0,6,29,37,63,34,31,3
20569.png,6.0_8.0,1,19,25,39,20,24,2
2057.png,1.0_9.0,4,32,36,52,20,32,2
20570.png,7.0_1.0_9.0,8,39,40,81,42,32,3
20571.png,5.0,2,25,21,36,11,19,1
20572.png,1.0_9.0,14,56,47,83,27,33,2
20573.png,8.0_9.0,12,52,53,95,43,41,2
20574.png,7.0,6,31,33,44,13,27,1
20575.png,1.0_7.0_4.0,10,34,34,71,37,24,3
20576.png,3.0_1.0_4.0,3,18,21,37,19,18,3
20577.png,8.0_2.0,4,28,28,51,23,24,2
20578.png,1.0,4,101,148,169,68,144,1
20579.png,1.0_7.0_5.0,20,156,68,207,51,48,3
2058.png,1.0_8.0,39,144,69,176,32,30,2
20580.png,6.0_8.0,6,35,40,79,44,34,2
20581.png,3.0,3,19,16,27,8,13,1
20582.png,3.0_5.0,1,18,21,40,22,20,2
20583.png,5.0_1.0,11,47,42,74,27,31,2
20584.png,8.0,4,46,45,71,25,41,1
20585.png,1.0_4.0,1,22,25,33,11,24,2
20586.png,2.0_3.0_2.0,31,74,85,153,79,54,3
20587.png,6.0_5.0_8.0,16,63,59,131,68,43,3
20588.png,1.0_1.0_8.0,14,52,48,88,36,34,3
20589.png,1.0_6.0_6.0,5,31,32,67,36,27,3
2059.png,2.0_7.0,11,50,44,79,29,33,2
20590.png,6.0_4.0_10.0,5,21,24,51,30,19,3
20591.png,4.0_1.0,14,70,89,132,62,75,2
20592.png,1.0_2.0_7.0_1.0,77,76,140,188,112,63,4
20593.png,2.0_7.0_9.0,34,72,69,115,43,35,3
20594.png,5.0_2.0,3,29,31,50,21,28,2
20595.png,3.0,13,52,36,64,12,23,1
20596.png,2.0,2,20,23,27,7,21,1
20597.png,1.0_5.0,3,30,38,62,32,35,2
20598.png,1.0_10.0_1.0,12,47,36,70,23,24,3
20599.png,8.0_4.0,2,15,18,39,24,16,2
206.png,4.0_9.0,91,223,126,253,30,35,2
2060.png,1.0_9.0,4,23,28,48,25,24,2
20600.png,4.0,3,20,22,33,13,19,1
20601.png,2.0_1.0_2.0,2,18,18,37,19,16,3
20602.png,2.0,5,27,21,36,9,16,1
20603.png,3.0_4.0,8,39,38,66,27,30,2
20604.png,2.0_6.0,34,96,90,145,49,56,2
20605.png,2.0_3.0_4.0,3,29,35,90,61,32,3
20606.png,1.0_4.0_10.0,1,17,20,35,18,19,3
20607.png,1.0_5.0_7.0,16,75,43,99,24,27,3
20608.png,2.0_5.0,9,30,35,54,24,26,2
20609.png,7.0,9,57,59,114,57,50,1
2061.png,2.0_7.0,16,76,109,153,77,93,2
20610.png,6.0_10.0,4,36,43,68,32,39,2
20611.png,2.0_6.0,9,75,59,113,38,50,2
20612.png,7.0_6.0,1,19,23,41,22,22,2
20613.png,1.0_7.0,10,75,91,139,64,81,2
20614.png,3.0_1.0_10.0,7,44,31,72,28,24,3
20615.png,6.0_7.0,5,24,26,46,22,21,2
20616.png,7.0_4.0,4,24,31,49,25,27,2
20617.png,3.0_4.0,8,34,40,72,38,32,2
20618.png,3.0_10.0,7,29,30,55,26,23,2
20619.png,9.0,6,32,34,44,12,28,1
2062.png,2.0_3.0,5,29,36,51,22,31,2
20620.png,1.0_4.0_9.0,3,22,28,46,24,25,3
20621.png,9.0_7.0,6,28,33,45,17,27,2
20622.png,2.0_3.0_5.0,0,37,61,115,78,61,3
20623.png,4.0_3.0,4,26,25,51,25,21,2
20624.png,8.0_1.0,1,19,25,35,16,24,2
20625.png,10.0_5.0,5,44,54,80,36,49,2
20626.png,4.0,17,79,67,120,41,50,1
20627.png,4.0_1.0,2,15,21,30,15,19,2
20628.png,2.0_7.0,1,16,19,24,8,18,2
20629.png,2.0,4,27,29,41,14,25,1
2063.png,4.0,9,55,48,76,21,39,1
20630.png,1.0_1.0_7.0,3,22,24,52,30,21,3
20631.png,1.0_3.0_8.0,7,31,32,58,27,25,3
20632.png,2.0,9,36,38,51,15,29,1
20633.png,2.0_6.0,6,26,27,48,22,21,2
20634.png,8.0_10.0,10,44,60,88,44,50,2
20635.png,7.0_4.0_5.0,10,38,39,76,38,29,3
20636.png,1.0_6.0,21,71,72,100,29,51,2
20637.png,9.0_2.0,7,46,49,97,51,42,2
20638.png,2.0_9.0,4,28,25,54,26,21,2
20639.png,8.0_9.0_8.0,11,43,33,74,31,22,3
2064.png,6.0_9.0,3,24,27,58,34,24,2
20640.png,4.0_4.0,27,152,59,182,30,32,2
20641.png,1.0,3,20,28,30,10,25,1
20642.png,3.0,14,36,46,56,20,32,1
20643.png,2.0_7.0,18,67,72,117,50,54,2
20644.png,3.0_10.0,4,40,54,75,35,50,2
20645.png,1.0_1.0_1.0,11,43,32,67,24,21,3
20646.png,3.0_5.0,9,61,58,106,45,49,2
20647.png,7.0_9.0,9,35,32,58,23,23,2
20648.png,3.0_1.0,14,57,58,102,45,44,2
20649.png,2.0_2.0,11,43,42,75,32,31,2
2065.png,4.0_6.0,20,85,73,140,55,53,2
20650.png,5.0_2.0,1,28,34,58,30,33,2
20651.png,1.0_10.0_10.0_10.0,14,48,40,90,42,26,4
20652.png,3.0_2.0,4,37,49,73,36,45,2
20653.png,8.0,4,20,24,31,11,20,1
20654.png,2.0_3.0,1,17,19,29,12,18,2
20655.png,7.0_5.0,45,142,116,233,91,71,2
20656.png,4.0_6.0,10,42,42,67,25,32,2
20657.png,4.0_1.0,1,20,25,42,22,24,2
20658.png,1.0_6.0,3,20,21,37,17,18,2
20659.png,3.0_3.0,1,20,25,39,19,24,2
2066.png,1.0_1.0_4.0,1,15,17,33,18,16,3
20660.png,6.0,3,23,30,34,11,27,1
20661.png,6.0_8.0,6,31,31,50,19,25,2
20662.png,3.0_5.0,3,19,24,37,18,21,2
20663.png,2.0_3.0_1.0_4.0,23,173,65,278,105,42,4
20664.png,1.0_8.0,9,22,20,41,19,11,2
20665.png,6.0_5.0,12,54,66,101,47,54,2
20666.png,3.0_1.0,2,22,25,39,17,23,2
20667.png,4.0_4.0_3.0,4,28,26,53,25,22,3
20668.png,2.0,5,29,27,39,10,22,1
20669.png,9.0_5.0,5,57,60,73,16,55,2
2067.png,1.0_10.0_9.0,6,64,87,147,83,81,3
20670.png,1.0_2.0_2.0,13,49,42,78,29,29,3
20671.png,1.0_10.0,1,24,32,51,27,31,2
20672.png,8.0_2.0,6,0,55,42,42,49,2
20673.png,2.0,9,66,54,96,30,45,1
20674.png,6.0,4,40,60,72,32,56,1
20675.png,1.0_6.0,4,41,54,82,41,50,2
20676.png,2.0_3.0_7.0,1,16,22,43,27,21,3
20677.png,3.0_4.0,3,45,47,95,50,44,2
20678.png,5.0_5.0,1,19,28,45,26,27,2
20679.png,3.0_2.0,20,116,94,212,96,74,2
2068.png,1.0_3.0_9.0_2.0,2,15,16,40,25,14,4
20680.png,2.0_7.0,1,27,40,70,43,39,2
20681.png,1.0_5.0_4.0_3.0,1,18,22,51,33,21,4
20682.png,7.0,12,47,50,70,23,38,1
20683.png,2.0_5.0_10.0,8,46,45,85,39,37,3
20684.png,8.0_4.0,2,24,30,54,30,28,2
20685.png,5.0_8.0,1,20,31,51,31,30,2
20686.png,2.0_1.0,3,20,26,41,21,23,2
20687.png,2.0_6.0,22,72,53,102,30,31,2
20688.png,7.0_5.0_6.0,22,95,91,211,116,69,3
20689.png,3.0_6.0_1.0,9,59,42,96,37,33,3
2069.png,3.0_6.0,3,30,27,51,21,24,2
20690.png,2.0_10.0,8,38,35,63,25,27,2
20691.png,1.0_6.0,3,22,22,41,19,19,2
20692.png,2.0_1.0_5.0,1,16,16,34,18,15,3
20693.png,1.0_8.0,13,50,65,99,49,52,2
20694.png,2.0_7.0,15,46,43,72,26,28,2
20695.png,5.0_7.0,2,26,30,53,27,28,2
20696.png,5.0,10,36,29,45,9,19,1
20697.png,8.0_7.0,1,25,31,68,43,30,2
20698.png,3.0_5.0_8.0,18,86,97,104,18,79,3
20699.png,8.0,9,53,46,73,20,37,1
207.png,1.0_1.0_1.0,34,118,114,223,105,80,3
2070.png,4.0_8.0,17,60,59,100,40,42,2
20700.png,2.0_8.0_7.0,6,38,47,73,35,41,3
20701.png,8.0_3.0,5,33,34,58,25,29,2
20702.png,6.0,0,51,37,72,21,37,1
20703.png,6.0_5.0_10.0,1,9,13,32,23,12,3
20704.png,1.0_3.0_8.0,9,29,25,43,14,16,3
20705.png,8.0_1.0,15,53,48,85,32,33,2
20706.png,2.0,7,48,42,67,19,35,1
20707.png,8.0_7.0,1,16,22,35,19,21,2
20708.png,5.0,20,53,68,69,16,48,1
20709.png,1.0_5.0,16,78,91,143,65,75,2
2071.png,1.0_10.0_5.0,5,47,54,96,49,49,3
20710.png,8.0_10.0,5,59,72,125,66,67,2
20711.png,1.0_5.0,4,29,29,55,26,25,2
20712.png,5.0_4.0,7,29,34,61,32,27,2
20713.png,3.0_4.0_3.0_7.0,8,16,34,60,44,26,4
20714.png,4.0_8.0,1,27,40,68,41,39,2
20715.png,3.0_6.0,10,103,65,151,48,55,2
20716.png,2.0,5,39,31,54,15,26,1
20717.png,4.0_1.0,1,15,17,27,12,16,2
20718.png,6.0_5.0,78,161,113,202,41,35,2
20719.png,5.0,5,22,28,37,15,23,1
2072.png,1.0_2.0,3,29,35,44,15,32,2
20720.png,1.0_7.0_6.0_6.0,89,212,141,303,91,52,4
20721.png,5.0_4.0,38,84,180,199,115,142,2
20722.png,2.0_2.0,8,70,79,167,97,71,2
20723.png,1.0_8.0,34,116,88,176,60,54,2
20724.png,2.0_9.0,6,51,58,93,42,52,2
20725.png,1.0_6.0_4.0,2,29,32,80,51,30,3
20726.png,5.0_5.0,14,77,94,125,48,80,2
20727.png,1.0_2.0,2,20,21,37,17,19,2
20728.png,4.0_4.0_2.0_1.0,10,49,50,129,80,40,4
20729.png,1.0_2.0_1.0,1,16,16,32,16,15,3
2073.png,1.0_5.0,9,39,39,63,24,30,2
20730.png,1.0_3.0_3.0,12,52,54,89,37,42,3
20731.png,7.0_9.0,18,74,74,117,43,56,2
20732.png,8.0_3.0,1,18,24,44,26,23,2
20733.png,1.0_9.0_6.0,11,38,38,67,29,27,3
20734.png,2.0_1.0,3,39,50,78,39,47,2
20735.png,3.0_7.0_3.0,4,25,33,57,32,29,3
20736.png,1.0_1.0_8.0,3,46,58,107,61,55,3
20737.png,1.0_2.0,4,29,36,53,24,32,2
20738.png,2.0_5.0,15,54,51,82,28,36,2
20739.png,5.0,1,54,54,78,24,53,1
2074.png,1.0_10.0_3.0,1,16,20,35,19,19,3
20740.png,1.0,6,48,34,59,11,28,1
20741.png,2.0,6,36,27,49,13,21,1
20742.png,5.0_6.0,32,101,83,139,38,51,2
20743.png,1.0_10.0,7,32,39,49,17,32,2
20744.png,1.0_10.0_5.0,12,42,34,82,40,22,3
20745.png,1.0_8.0_6.0,18,69,68,111,42,50,3
20746.png,1.0_5.0,4,32,33,57,25,29,2
20747.png,5.0_1.0,18,72,47,95,23,29,2
20748.png,4.0,5,27,23,39,12,18,1
20749.png,8.0,11,52,43,72,20,32,1
2075.png,4.0_3.0,7,54,68,103,49,61,2
20750.png,1.0_1.0_1.0,1,23,25,57,34,24,3
20751.png,1.0_7.0,22,114,135,190,76,113,2
20752.png,2.0,21,68,79,107,39,58,1
20753.png,9.0,1,14,13,19,5,12,1
20754.png,3.0_10.0_6.0,12,42,41,67,25,29,3
20755.png,3.0_6.0,13,60,49,86,26,36,2
20756.png,1.0_9.0_3.0,2,14,19,33,19,17,3
20757.png,2.0_6.0,4,23,31,57,34,27,2
20758.png,1.0_3.0,5,30,29,51,21,24,2
20759.png,7.0,4,30,24,37,7,20,1
2076.png,1.0_2.0,8,45,37,67,22,29,2
20760.png,2.0_10.0_6.0,1,18,21,53,35,20,3
20761.png,8.0,6,40,29,55,15,23,1
20762.png,2.0_10.0,15,85,86,161,76,71,2
20763.png,1.0_8.0_2.0,1,39,55,93,54,54,3
20764.png,8.0_9.0,9,44,57,88,44,48,2
20765.png,2.0_5.0_3.0,20,70,50,117,47,30,3
20766.png,5.0,5,19,23,30,11,18,1
20767.png,5.0_10.0,1,17,26,51,34,25,2
20768.png,1.0_10.0,11,45,46,68,23,35,2
20769.png,2.0_8.0,7,28,26,49,21,19,2
2077.png,3.0_2.0,12,70,85,145,75,73,2
20770.png,2.0_4.0_1.0_7.0,1,28,34,91,63,33,4
20771.png,3.0_2.0_10.0,7,33,38,70,37,31,3
20772.png,5.0_1.0_2.0,1,34,36,119,85,35,3
20773.png,2.0_6.0,3,20,22,40,20,19,2
20774.png,5.0_8.0,4,38,47,84,46,43,2
20775.png,1.0_1.0_7.0,21,55,57,97,42,36,3
20776.png,4.0_3.0,1,10,12,28,18,11,2
20777.png,1.0_2.0,11,59,71,105,46,60,2
20778.png,6.0_3.0_4.0,26,90,65,132,42,39,3
20779.png,1.0_3.0,14,59,61,103,44,47,2
2078.png,4.0,8,25,28,36,11,20,1
20780.png,1.0_5.0_7.0,20,169,88,247,78,68,3
20781.png,7.0_2.0,6,60,46,89,29,40,2
20782.png,5.0_10.0_6.0,57,93,84,152,59,27,3
20783.png,3.0_7.0_4.0,5,35,37,79,44,32,3
20784.png,6.0,1,18,18,29,11,17,1
20785.png,2.0_6.0,18,48,56,88,40,38,2
20786.png,2.0_5.0,8,47,54,97,50,46,2
20787.png,9.0_7.0,1,23,31,59,36,30,2
20788.png,1.0_4.0,13,41,44,56,15,31,2
20789.png,2.0_2.0_4.0,4,27,33,66,39,29,3
2079.png,6.0_7.0,5,30,33,52,22,28,2
20790.png,2.0_5.0_4.0,1,13,17,34,21,16,3
20791.png,2.0_3.0,1,19,22,38,19,21,2
20792.png,2.0_1.0,8,32,30,53,21,22,2
20793.png,6.0_3.0_10.0,37,137,108,235,98,71,3
20794.png,1.0_4.0,1,14,16,22,8,15,2
20795.png,6.0_4.0,1,64,100,150,86,99,2
20796.png,8.0_10.0,4,30,34,57,27,30,2
20797.png,2.0_4.0_7.0,28,83,63,139,56,35,3
20798.png,2.0_5.0,10,38,33,53,15,23,2
20799.png,1.0,6,51,61,84,33,55,1
208.png,9.0,3,24,21,34,10,18,1
2080.png,3.0_9.0,9,45,57,95,50,48,2
20800.png,1.0_1.0_1.0,13,79,70,119,40,57,3
20801.png,5.0_6.0,5,21,23,41,20,18,2
20802.png,1.0_2.0,3,20,18,33,13,15,2
20803.png,2.0_2.0,4,24,27,38,14,23,2
20804.png,2.0_10.0,2,20,20,38,18,18,2
20805.png,1.0_5.0,9,44,43,75,31,34,2
20806.png,4.0_1.0,1,17,18,31,14,17,2
20807.png,1.0_3.0_1.0_8.0,1,16,17,51,35,16,4
20808.png,2.0_6.0_4.0,6,28,34,58,30,28,3
20809.png,10.0_4.0,10,46,51,80,34,41,2
2081.png,1.0_10.0,10,33,48,74,41,38,2
20810.png,2.0_8.0_10.0,13,7,74,68,61,61,3
20811.png,6.0,4,22,23,33,11,19,1
20812.png,2.0_10.0,9,108,134,223,115,125,2
20813.png,1.0_6.0,1,16,18,35,19,17,2
20814.png,4.0_10.0,15,61,58,115,54,43,2
20815.png,1.0_3.0,1,20,23,42,22,22,2
20816.png,2.0_10.0,5,30,26,53,23,21,2
20817.png,8.0_1.0_9.0,7,91,58,141,50,51,3
20818.png,2.0_8.0,122,21,166,69,48,44,2
20819.png,1.0_1.0_2.0,11,36,36,60,24,25,3
2082.png,1.0_2.0,6,26,25,45,19,19,2
20820.png,2.0_8.0,1,14,19,27,13,18,2
20821.png,3.0_9.0,4,24,28,41,17,24,2
20822.png,4.0_1.0_7.0,9,156,83,214,58,74,3
20823.png,7.0_1.0,15,59,77,133,74,62,2
20824.png,1.0_1.0,6,26,37,48,22,31,2
20825.png,2.0_6.0,6,31,38,55,24,32,2
20826.png,1.0_10.0,2,17,22,32,15,20,2
20827.png,4.0_5.0,25,75,85,131,56,60,2
20828.png,1.0,1,17,21,24,7,20,1
20829.png,3.0,5,35,47,70,35,42,1
2083.png,4.0,2,21,25,31,10,23,1
20830.png,1.0_5.0_4.0,41,127,94,207,80,53,3
20831.png,7.0_9.0_5.0,28,105,86,178,73,58,3
20832.png,8.0_8.0,6,33,33,56,23,27,2
20833.png,7.0,1,15,17,24,9,16,1
20834.png,5.0_6.0,5,23,30,46,23,25,2
20835.png,9.0_10.0,1,14,18,31,17,17,2
20836.png,1.0_10.0_1.0_4.0,60,150,162,290,140,102,4
20837.png,6.0,6,52,67,87,35,61,1
20838.png,8.0_5.0,3,36,38,60,24,35,2
20839.png,2.0_2.0,5,20,24,39,19,19,2
2084.png,4.0_8.0,8,33,29,54,21,21,2
20840.png,1.0_6.0_3.0,6,29,31,53,24,25,3
20841.png,9.0_5.0,3,27,34,53,26,31,2
20842.png,5.0_3.0,7,37,34,55,18,27,2
20843.png,8.0_10.0,1,26,39,69,43,38,2
20844.png,1.0_4.0_1.0,7,55,59,112,57,52,3
20845.png,6.0,69,229,218,338,109,149,1
20846.png,2.0_4.0_5.0,37,71,68,118,47,31,3
20847.png,4.0_10.0,6,34,34,60,26,28,2
20848.png,1.0_2.0_2.0,4,20,20,39,19,16,3
20849.png,3.0_8.0,1,13,14,24,11,13,2
2085.png,5.0_6.0,6,31,37,59,28,31,2
20850.png,3.0_1.0_2.0,6,36,38,69,33,32,3
20851.png,2.0_1.0_8.0,5,37,45,74,37,40,3
20852.png,6.0_4.0,3,22,25,50,28,22,2
20853.png,2.0,3,16,14,22,6,11,1
20854.png,4.0_4.0,10,32,33,50,18,23,2
20855.png,1.0_10.0_1.0,4,16,19,30,14,15,3
20856.png,5.0_2.0,8,37,38,65,28,30,2
20857.png,2.0_2.0,4,35,45,79,44,41,2
20858.png,8.0_8.0,42,148,109,226,78,67,2
20859.png,3.0_9.0,3,22,22,39,17,19,2
2086.png,1.0_6.0_5.0,13,87,53,122,35,40,3
20860.png,1.0_6.0,15,78,120,157,79,105,2
20861.png,1.0_3.0_8.0,5,39,51,95,56,46,3
20862.png,1.0_10.0_10.0,1,16,16,34,18,15,3
20863.png,4.0_8.0,3,34,37,52,18,34,2
20864.png,9.0_9.0,24,108,134,193,85,110,2
20865.png,1.0_3.0,1,19,27,44,25,26,2
20866.png,5.0,2,15,16,22,7,14,1
20867.png,2.0_3.0,1,27,38,53,26,37,2
20868.png,2.0_1.0_5.0,5,17,23,36,19,18,3
20869.png,3.0_2.0,1,19,22,41,22,21,2
2087.png,1.0_9.0_2.0_3.0,1,16,17,48,32,16,4
20870.png,3.0_10.0_1.0,7,57,64,150,93,57,3
20871.png,3.0_9.0_4.0,4,30,21,73,43,17,3
20872.png,2.0_3.0_10.0_9.0,3,54,39,137,83,36,4
20873.png,1.0_7.0,1,23,28,44,21,27,2
20874.png,6.0_4.0,7,63,70,116,53,63,2
20875.png,3.0_8.0,5,43,54,81,38,49,2
20876.png,5.0_7.0,5,27,22,44,17,17,2
20877.png,4.0_5.0_8.0,11,56,44,103,47,33,3
20878.png,5.0_10.0,9,52,58,94,42,49,2
20879.png,2.0_2.0_3.0,4,25,29,57,32,25,3
2088.png,2.0_6.0,2,19,20,38,19,18,2
20880.png,1.0_1.0,4,22,23,37,15,19,2
20881.png,1.0_1.0,4,30,35,49,19,31,2
20882.png,1.0,33,84,90,108,24,57,1
20883.png,6.0_2.0,10,37,32,57,20,22,2
20884.png,3.0_10.0,9,41,45,79,38,36,2
20885.png,1.0_3.0,1,22,24,50,28,23,2
20886.png,5.0_2.0,3,33,44,74,41,41,2
20887.png,1.0,9,31,34,41,10,25,1
20888.png,6.0_5.0,31,176,69,218,42,38,2
20889.png,1.0_4.0,9,53,81,108,55,72,2
2089.png,8.0,1,16,20,31,15,19,1
20890.png,8.0,5,19,24,37,18,19,1
20891.png,6.0,7,35,38,44,9,31,1
20892.png,6.0_6.0,13,38,35,65,27,22,2
20893.png,2.0_7.0_6.0,1,23,33,66,43,32,3
20894.png,5.0_5.0,25,53,48,83,30,23,2
20895.png,1.0_10.0_5.0,6,54,71,114,60,65,3
20896.png,1.0,3,25,34,39,14,31,1
20897.png,8.0_5.0,10,51,67,107,56,57,2
20898.png,5.0_4.0_1.0,14,59,75,138,79,61,3
20899.png,3.0_8.0_1.0,1,12,14,27,15,13,3
209.png,1.0_8.0_8.0,2,42,46,88,46,44,3
2090.png,2.0_8.0_4.0,17,87,90,208,121,73,3
20900.png,8.0,4,37,40,58,21,36,1
20901.png,9.0_3.0,5,0,54,48,48,49,2
20902.png,2.0_10.0,4,31,41,79,48,37,2
20903.png,3.0_8.0,8,32,31,46,14,23,2
20904.png,5.0_7.0,2,22,25,48,26,23,2
20905.png,2.0_6.0,3,20,23,45,25,20,2
20906.png,5.0_3.0,5,33,39,66,33,34,2
20907.png,1.0_5.0,9,53,65,90,37,56,2
20908.png,5.0_1.0_2.0,6,17,21,54,37,15,3
20909.png,3.0_9.0,6,33,44,62,29,38,2
2091.png,1.0_5.0_2.0_5.0,1,22,29,77,55,28,4
20910.png,1.0_1.0,11,54,64,93,39,53,2
20911.png,8.0_5.0,2,19,21,40,21,19,2
20912.png,9.0,6,32,34,44,12,28,1
20913.png,8.0,3,40,54,64,24,51,1
20914.png,2.0_3.0_8.0,15,74,60,133,59,45,3
20915.png,2.0_7.0,21,0,75,40,40,54,2
20916.png,1.0_4.0_5.0,29,139,170,303,164,141,3
20917.png,5.0,1,39,37,50,11,36,1
20918.png,3.0,6,36,32,53,17,26,1
20919.png,1.0_2.0_8.0,9,58,71,124,66,62,3
2092.png,3.0_7.0_5.0,13,48,33,77,29,20,3
20920.png,1.0_4.0_4.0,3,27,28,57,30,25,3
20921.png,8.0_9.0,4,27,27,46,19,23,2
20922.png,1.0_1.0_9.0,87,132,113,158,26,26,3
20923.png,1.0_3.0,25,110,126,208,98,101,2
20924.png,5.0_2.0,8,27,31,55,28,23,2
20925.png,6.0_6.0,6,27,27,41,14,21,2
20926.png,2.0_6.0_7.0,12,50,51,90,40,39,3
20927.png,2.0_7.0_6.0,13,66,65,135,69,52,3
20928.png,2.0_6.0_10.0,36,54,117,161,107,81,3
20929.png,1.0,7,39,39,54,15,32,1
2093.png,1.0_7.0_6.0,64,172,95,207,35,31,3
20930.png,4.0,2,23,24,34,11,22,1
20931.png,6.0_2.0,13,61,46,98,37,33,2
20932.png,1.0_4.0,4,33,43,78,45,39,2
20933.png,8.0_1.0,3,32,33,62,30,30,2
20934.png,2.0,5,31,39,48,17,34,1
20935.png,5.0_2.0,2,15,16,28,13,14,2
20936.png,1.0,4,37,27,45,8,23,1
20937.png,2.0_4.0,5,37,48,82,45,43,2
20938.png,5.0_4.0,7,27,28,40,13,21,2
20939.png,8.0,4,21,23,35,14,19,1
2094.png,2.0_9.0,8,25,25,40,15,17,2
20940.png,2.0_10.0,9,32,36,51,19,27,2
20941.png,6.0_10.0,13,58,55,91,33,42,2
20942.png,3.0_2.0_9.0,5,23,25,50,27,20,3
20943.png,3.0_1.0,4,32,37,56,24,33,2
20944.png,2.0,31,77,55,99,22,24,1
20945.png,2.0_7.0,1,23,30,49,26,29,2
20946.png,4.0_10.0,15,91,102,187,96,87,2
20947.png,4.0,7,39,37,49,10,30,1
20948.png,1.0_5.0,1,37,50,66,29,49,2
20949.png,2.0_1.0,0,14,19,22,8,19,2
2095.png,5.0_3.0,6,29,33,54,25,27,2
20950.png,1.0_7.0_2.0,12,32,37,74,42,25,3
20951.png,6.0_7.0,8,43,34,79,36,26,2
20952.png,3.0_4.0,11,61,71,124,63,60,2
20953.png,1.0_9.0_5.0,4,14,18,34,20,14,3
20954.png,1.0_2.0_10.0,127,182,159,230,48,32,3
20955.png,7.0,3,0,22,18,18,19,1
20956.png,1.0_2.0_9.0,6,32,41,60,28,35,3
20957.png,6.0_8.0,13,38,31,58,20,18,2
20958.png,1.0_7.0,17,48,45,76,28,28,2
20959.png,9.0_8.0,3,18,20,39,21,17,2
2096.png,1.0_7.0_1.0,5,35,45,58,23,40,3
20960.png,5.0_3.0,5,28,27,44,16,22,2
20961.png,1.0_2.0_10.0,28,127,79,175,48,51,3
20962.png,2.0_2.0_2.0,16,29,49,93,64,33,3
20963.png,2.0_4.0,1,54,64,123,69,63,2
20964.png,7.0_7.0,3,16,18,28,12,15,2
20965.png,1.0_1.0_8.0,4,36,55,87,51,51,3
20966.png,3.0_3.0,29,79,66,128,49,37,2
20967.png,9.0_10.0,13,54,49,79,25,36,2
20968.png,4.0_4.0,1,15,22,39,24,21,2
20969.png,1.0_6.0,29,35,83,84,49,54,2
2097.png,2.0_9.0,8,87,94,213,126,86,2
20970.png,8.0_1.0_8.0,6,2,52,65,63,46,3
20971.png,9.0_6.0,9,59,65,108,49,56,2
20972.png,1.0_3.0_8.0,23,96,114,154,58,91,3
20973.png,5.0,28,95,68,127,32,40,1
20974.png,3.0_1.0_9.0,15,76,83,152,76,68,3
20975.png,2.0_7.0,8,41,36,69,28,28,2
20976.png,1.0_8.0_9.0,13,60,63,140,80,50,3
20977.png,4.0_7.0,2,19,22,44,25,20,2
20978.png,1.0_3.0_1.0,1,20,17,39,19,16,3
20979.png,9.0_6.0,2,27,45,100,73,43,2
2098.png,3.0,4,30,37,43,13,33,1
20980.png,4.0_9.0,13,45,45,78,33,32,2
20981.png,1.0_5.0_3.0,3,15,14,33,18,11,3
20982.png,3.0_8.0,1,16,19,31,15,18,2
20983.png,1.0_9.0,4,20,26,43,23,22,2
20984.png,6.0_10.0,9,51,58,102,51,49,2
20985.png,9.0_6.0,5,49,63,119,70,58,2
20986.png,1.0_2.0,4,25,33,57,32,29,2
20987.png,4.0_3.0,1,15,19,30,15,18,2
20988.png,7.0,7,27,29,37,10,22,1
20989.png,3.0_9.0,5,66,91,157,91,86,2
2099.png,1.0_7.0_2.0,7,68,37,111,43,30,3
20990.png,9.0_6.0,12,56,67,100,44,55,2
20991.png,3.0_2.0,16,64,67,118,54,51,2
20992.png,7.0_6.0,1,50,65,112,62,64,2
20993.png,6.0_5.0_7.0,12,44,30,69,25,18,3
20994.png,4.0,8,49,55,76,27,47,1
20995.png,2.0_7.0,4,30,33,62,32,29,2
20996.png,6.0_6.0,5,24,27,53,29,22,2
20997.png,1.0_4.0_1.0,55,106,85,140,34,30,3
20998.png,7.0_3.0,12,39,43,70,31,31,2
20999.png,9.0_7.0,6,36,35,65,29,29,2
21.png,2.0,6,72,91,124,52,85,1
210.png,2.0_6.0,8,46,49,89,43,41,2
2100.png,2.0_2.0,3,20,23,44,24,20,2
21000.png,1.0_6.0_4.0_1.0,12,65,60,162,97,48,4
21001.png,5.0_10.0,2,17,23,37,20,21,2
21002.png,1.0_2.0_7.0,3,29,28,57,28,25,3
21003.png,9.0_8.0,20,67,58,111,44,38,2
21004.png,3.0_1.0,8,62,82,122,60,74,2
21005.png,5.0_8.0,11,60,75,141,81,64,2
21006.png,4.0_1.0,2,19,23,35,16,21,2
21007.png,2.0,8,32,27,44,12,19,1
21008.png,1.0_3.0_2.0,7,40,48,84,44,41,3
21009.png,8.0,4,35,42,58,23,38,1
2101.png,8.0_5.0,7,41,38,79,38,31,2
21010.png,7.0_8.0,6,41,35,60,19,29,2
21011.png,1.0,1,15,16,21,6,15,1
21012.png,2.0_2.0,13,42,39,65,23,26,2
21013.png,6.0_7.0,5,32,32,60,28,27,2
21014.png,2.0_10.0,7,26,27,51,25,20,2
21015.png,1.0_8.0_9.0,11,44,44,84,40,33,3
21016.png,3.0_5.0,1,19,24,45,26,23,2
21017.png,4.0_4.0,3,26,31,56,30,28,2
21018.png,5.0_6.0,6,35,34,62,27,28,2
21019.png,2.0_2.0,6,30,32,57,27,26,2
2102.png,1.0_4.0,14,61,50,96,35,36,2
21020.png,1.0_3.0,26,76,44,101,25,18,2
21021.png,1.0_4.0,3,27,34,61,34,31,2
21022.png,8.0_5.0,1,19,27,45,26,26,2
21023.png,3.0_7.0,1,28,39,63,35,38,2
21024.png,4.0_5.0,2,46,55,101,55,53,2
21025.png,2.0,7,50,50,73,23,43,1
21026.png,5.0_4.0,2,24,27,40,16,25,2
21027.png,2.0_5.0,19,58,103,156,98,84,2
21028.png,4.0_2.0_3.0,4,33,34,68,35,30,3
21029.png,4.0_8.0,11,37,35,61,24,24,2
2103.png,9.0,1,49,59,80,31,58,1
21030.png,3.0_3.0_3.0,29,121,91,191,70,62,3
21031.png,3.0_3.0,8,37,44,65,28,36,2
21032.png,2.0_8.0,3,22,28,43,21,25,2
21033.png,2.0_3.0,1,15,16,30,15,15,2
21034.png,1.0_8.0,1,19,20,34,15,19,2
21035.png,1.0,7,41,34,51,10,27,1
21036.png,4.0_8.0,16,109,50,146,37,34,2
21037.png,4.0_1.0,7,31,33,46,15,26,2
21038.png,6.0,0,30,40,47,17,40,1
21039.png,1.0_4.0_9.0,6,40,45,91,51,39,3
2104.png,4.0_10.0_1.0,5,64,60,130,66,55,3
21040.png,3.0_8.0,23,100,132,181,81,109,2
21041.png,9.0_5.0,2,57,66,96,39,64,2
21042.png,7.0_2.0_3.0,41,143,77,185,42,36,3
21043.png,6.0_10.0,2,16,23,36,20,21,2
21044.png,2.0_3.0,13,72,93,152,80,80,2
21045.png,4.0_1.0,3,23,22,41,18,19,2
21046.png,3.0,5,17,19,23,6,14,1
21047.png,5.0_7.0,4,26,37,57,31,33,2
21048.png,5.0_1.0,6,39,36,63,24,30,2
21049.png,9.0_10.0,4,23,27,43,20,23,2
2105.png,1.0,7,37,37,47,10,30,1
21050.png,6.0,18,185,83,227,42,65,1
21051.png,4.0_1.0,2,23,25,52,29,23,2
21052.png,1.0_4.0_4.0_6.0,1,16,26,70,54,25,4
21053.png,5.0_4.0_10.0,3,23,18,40,17,15,3
21054.png,1.0_8.0,18,95,86,148,53,68,2
21055.png,1.0,4,23,21,28,5,17,1
21056.png,2.0_10.0,13,72,86,123,51,73,2
21057.png,7.0,7,30,27,37,7,20,1
21058.png,1.0_9.0_2.0,13,73,57,130,57,44,3
21059.png,2.0_2.0,24,80,79,140,60,55,2
2106.png,8.0_3.0,2,25,39,61,36,37,2
21060.png,5.0_7.0,8,38,38,60,22,30,2
21061.png,6.0_6.0,2,32,34,62,30,32,2
21062.png,8.0,8,57,64,76,19,56,1
21063.png,4.0_9.0,5,35,46,81,46,41,2
21064.png,3.0_6.0,1,27,43,66,39,42,2
21065.png,4.0_6.0,5,29,34,62,33,29,2
21066.png,1.0_6.0,3,18,28,36,18,25,2
21067.png,1.0,7,42,49,54,12,42,1
21068.png,7.0_9.0,37,63,70,94,31,33,2
21069.png,4.0_3.0,19,116,130,208,92,111,2
2107.png,4.0_2.0,6,53,68,86,33,62,2
21070.png,1.0_5.0,4,32,39,55,23,35,2
21071.png,1.0_1.0_9.0,2,17,17,33,16,15,3
21072.png,4.0,14,48,50,61,13,36,1
21073.png,6.0,6,40,49,71,31,43,1
21074.png,7.0_6.0,1,22,24,49,27,23,2
21075.png,6.0,4,26,27,39,13,23,1
21076.png,5.0_4.0,7,41,40,73,32,33,2
21077.png,9.0,12,106,75,135,29,63,1
21078.png,4.0_2.0,1,22,24,44,22,23,2
21079.png,3.0_6.0_9.0,9,37,30,68,31,21,3
2108.png,3.0_1.0_9.0,1,17,19,36,19,18,3
21080.png,1.0_3.0_6.0,15,52,48,95,43,33,3
21081.png,4.0_4.0,3,29,37,61,32,34,2
21082.png,4.0_6.0,4,31,39,60,29,35,2
21083.png,1.0_7.0,3,38,49,85,47,46,2
21084.png,1.0_3.0,4,24,20,36,12,16,2
21085.png,8.0_2.0,1,35,38,75,40,37,2
21086.png,1.0_2.0,6,30,35,59,29,29,2
21087.png,2.0_5.0_6.0,1,14,19,29,15,18,3
21088.png,3.0_7.0,7,50,64,122,72,57,2
21089.png,2.0,5,34,44,60,26,39,1
2109.png,9.0_3.0,1,19,29,51,32,28,2
21090.png,3.0,12,57,69,95,38,57,1
21091.png,6.0,5,33,32,42,9,27,1
21092.png,2.0_5.0,3,20,25,51,31,22,2
21093.png,3.0,2,20,20,34,14,18,1
21094.png,4.0_10.0,1,36,46,88,52,45,2
21095.png,4.0,5,20,18,32,12,13,1
21096.png,7.0_3.0,3,24,25,45,21,22,2
21097.png,3.0_8.0,5,33,33,55,22,28,2
21098.png,2.0_1.0,1,22,31,48,26,30,2
21099.png,6.0_2.0_3.0,19,96,117,205,109,98,3
211.png,2.0_7.0,2,19,20,43,24,18,2
2110.png,2.0_8.0,6,46,56,88,42,50,2
21100.png,7.0_2.0,6,107,46,148,41,40,2
21101.png,1.0_10.0_4.0,4,0,30,38,38,26,3
21102.png,1.0_5.0_5.0,4,22,28,50,28,24,3
21103.png,3.0_4.0_1.0,1,29,37,73,44,36,3
21104.png,1.0_10.0,1,27,34,47,20,33,2
21105.png,3.0_9.0,14,59,70,111,52,56,2
21106.png,2.0_3.0_1.0,19,36,45,60,24,26,3
21107.png,1.0_1.0,8,42,37,71,29,29,2
21108.png,1.0_7.0,1,22,28,34,12,27,2
21109.png,5.0_2.0,3,24,28,45,21,25,2
2111.png,3.0_3.0,18,89,83,169,80,65,2
21110.png,7.0_8.0,2,31,41,65,34,39,2
21111.png,4.0,14,47,40,53,6,26,1
21112.png,3.0_5.0,8,39,39,64,25,31,2
21113.png,1.0,7,36,43,50,14,36,1
21114.png,2.0_9.0,8,57,63,89,32,55,2
21115.png,9.0_2.0,3,27,28,49,22,25,2
21116.png,1.0_4.0_1.0,6,45,55,115,70,49,3
21117.png,2.0_9.0_4.0,3,18,23,51,33,20,3
21118.png,2.0_9.0,1,16,14,27,11,13,2
21119.png,5.0_10.0,4,22,24,36,14,20,2
2112.png,2.0_4.0,12,58,69,129,71,57,2
21120.png,9.0,10,33,31,43,10,21,1
21121.png,1.0_4.0,4,22,26,45,23,22,2
21122.png,5.0,8,48,56,74,26,48,1
21123.png,8.0,4,29,29,41,12,25,1
21124.png,2.0,1,19,20,30,11,19,1
21125.png,2.0_7.0,12,51,58,94,43,46,2
21126.png,1.0_8.0,9,43,60,96,53,51,2
21127.png,10.0,14,57,42,66,9,28,1
21128.png,2.0,5,29,29,53,24,24,1
21129.png,1.0_10.0_5.0,6,32,37,57,25,31,3
2113.png,1.0_6.0,9,53,61,87,34,52,2
21130.png,2.0_8.0_1.0,6,32,36,69,37,30,3
21131.png,1.0_3.0,2,72,88,126,54,86,2
21132.png,1.0_2.0_7.0_2.0,1,16,20,48,32,19,4
21133.png,9.0,6,28,31,39,11,25,1
21134.png,2.0,1,19,22,31,12,21,1
21135.png,1.0_1.0_9.0,6,27,24,45,18,18,3
21136.png,1.0_10.0_10.0,3,39,49,123,84,46,3
21137.png,6.0,1,17,19,28,11,18,1
21138.png,6.0_8.0,6,32,45,80,48,39,2
21139.png,3.0_5.0,8,49,54,88,39,46,2
2114.png,9.0,15,90,100,134,44,85,1
21140.png,7.0_9.0,4,32,36,55,23,32,2
21141.png,5.0_3.0,1,26,40,70,44,39,2
21142.png,8.0_4.0,1,88,142,231,143,141,2
21143.png,4.0_2.0,1,18,25,38,20,24,2
21144.png,8.0_6.0,25,103,124,204,101,99,2
21145.png,5.0,8,86,110,149,63,102,1
21146.png,9.0_6.0,3,23,22,39,16,19,2
21147.png,2.0_7.0_6.0,13,58,54,142,84,41,3
21148.png,1.0_5.0_3.0,1,17,19,43,26,18,3
21149.png,5.0_4.0,12,46,37,76,30,25,2
2115.png,3.0_7.0,5,20,23,34,14,18,2
21150.png,2.0_5.0,1,14,18,34,20,17,2
21151.png,3.0_6.0,6,47,57,106,59,51,2
21152.png,2.0_2.0,7,46,39,80,34,32,2
21153.png,2.0_6.0_9.0,17,55,38,84,29,21,3
21154.png,1.0_2.0,3,24,27,44,20,24,2
21155.png,6.0,3,79,66,99,20,63,1
21156.png,3.0_2.0,9,47,61,97,50,52,2
21157.png,4.0,2,16,14,25,9,12,1
21158.png,1.0_6.0,12,57,63,95,38,51,2
21159.png,8.0_7.0,15,79,108,155,76,93,2
2116.png,4.0_7.0,13,99,100,151,52,87,2
21160.png,4.0_2.0,21,65,50,89,24,29,2
21161.png,7.0_8.0,4,26,29,54,28,25,2
21162.png,1.0_5.0,23,106,118,183,77,95,2
21163.png,5.0_10.0,5,35,35,65,30,30,2
21164.png,4.0_2.0,13,55,65,112,57,52,2
21165.png,1.0_2.0,16,36,48,60,24,32,2
21166.png,2.0_8.0,3,25,30,55,30,27,2
21167.png,1.0_1.0_10.0,4,37,36,77,40,32,3
21168.png,4.0_4.0_10.0,9,47,44,95,48,35,3
21169.png,8.0_4.0,9,50,60,93,43,51,2
2117.png,1.0_3.0,5,33,31,64,31,26,2
21170.png,1.0,2,18,22,22,4,20,1
21171.png,2.0_1.0_3.0,5,35,33,71,36,28,3
21172.png,4.0_4.0,9,27,29,44,17,20,2
21173.png,6.0,7,67,63,97,30,56,1
21174.png,4.0_10.0,20,71,69,115,44,49,2
21175.png,5.0_1.0,8,32,42,60,28,34,2
21176.png,6.0_2.0,8,45,45,90,45,37,2
21177.png,1.0_3.0,6,63,82,156,93,76,2
21178.png,1.0_6.0_8.0_3.0,12,38,41,95,57,29,4
21179.png,1.0_1.0,5,60,70,129,69,65,2
2118.png,4.0,4,17,16,23,6,12,1
21180.png,5.0_9.0,6,42,47,83,41,41,2
21181.png,6.0_10.0,5,26,30,51,25,25,2
21182.png,1.0_6.0_1.0,10,32,33,57,25,23,3
21183.png,7.0_9.0,15,61,50,100,39,35,2
21184.png,5.0_2.0,5,32,38,52,20,33,2
21185.png,3.0_7.0,2,22,30,51,29,28,2
21186.png,6.0_5.0_9.0,13,45,32,77,32,19,3
21187.png,3.0_6.0,15,47,52,79,32,37,2
21188.png,1.0_7.0,1,28,37,47,19,36,2
21189.png,4.0,17,85,84,129,44,67,1
2119.png,4.0_4.0_8.0_3.0,13,44,31,84,40,18,4
21190.png,6.0_2.0,4,52,61,105,53,57,2
21191.png,3.0_9.0,1,14,20,39,25,19,2
21192.png,1.0_4.0_4.0,13,45,34,65,20,21,3
21193.png,1.0_10.0_10.0,6,50,48,100,50,42,3
21194.png,4.0_1.0,6,31,34,51,20,28,2
21195.png,8.0_9.0,4,35,44,72,37,40,2
21196.png,4.0_5.0,4,17,24,42,25,20,2
21197.png,1.0_4.0,2,27,32,51,24,30,2
21198.png,3.0_7.0,1,18,21,35,17,20,2
21199.png,1.0_4.0,12,42,42,73,31,30,2
212.png,2.0_9.0,13,43,42,62,19,29,2
2120.png,3.0_6.0,5,29,37,68,39,32,2
21200.png,2.0_2.0,14,44,43,76,32,29,2
21201.png,1.0_10.0_10.0,3,21,27,53,32,24,3
21202.png,1.0_5.0,9,80,104,131,51,95,2
21203.png,4.0_5.0,1,13,18,32,19,17,2
21204.png,1.0_1.0_3.0,2,24,22,40,16,20,3
21205.png,1.0_6.0_3.0,8,12,38,42,30,30,3
21206.png,7.0_10.0,17,54,64,81,27,47,2
21207.png,2.0_10.0,4,34,48,85,51,44,2
21208.png,2.0_7.0_2.0,14,128,65,201,73,51,3
21209.png,3.0_10.0,21,80,55,121,41,34,2
2121.png,8.0,6,28,34,39,11,28,1
21210.png,3.0_9.0,4,27,22,40,13,18,2
21211.png,9.0,17,63,59,83,20,42,1
21212.png,2.0_5.0,6,23,28,54,31,22,2
21213.png,5.0_1.0,2,30,34,63,33,32,2
21214.png,4.0,16,64,57,82,18,41,1
21215.png,5.0_8.0_1.0,2,25,23,47,22,21,3
21216.png,1.0_3.0_6.0,13,52,53,110,58,40,3
21217.png,3.0_9.0,11,89,121,197,108,110,2
21218.png,1.0_4.0,7,35,44,60,25,37,2
21219.png,6.0_3.0,5,44,51,69,25,46,2
2122.png,3.0_3.0_7.0,1,16,21,40,24,20,3
21220.png,4.0_1.0_10.0,5,26,27,58,32,22,3
21221.png,7.0_2.0,1,34,44,77,43,43,2
21222.png,1.0_6.0,15,83,96,148,65,81,2
21223.png,1.0_9.0,21,60,65,89,29,44,2
21224.png,1.0_2.0,5,33,36,54,21,31,2
21225.png,3.0_2.0,4,42,47,83,41,43,2
21226.png,7.0,12,47,54,62,15,42,1
21227.png,6.0_10.0,3,26,33,53,27,30,2
21228.png,1.0_1.0,12,54,37,76,22,25,2
21229.png,9.0_2.0,2,24,24,48,24,22,2
2123.png,4.0,2,22,24,33,11,22,1
21230.png,9.0_8.0,4,23,33,50,27,29,2
21231.png,7.0_7.0,22,64,43,90,26,21,2
21232.png,4.0_10.0,10,61,73,132,71,63,2
21233.png,3.0_4.0,4,25,30,42,17,26,2
21234.png,1.0_6.0,1,25,38,58,33,37,2
21235.png,3.0_5.0,9,59,70,107,48,61,2
21236.png,6.0_1.0,25,78,80,119,41,55,2
21237.png,1.0_3.0_5.0,3,32,35,75,43,32,3
21238.png,3.0_7.0,14,123,150,244,121,136,2
21239.png,9.0_10.0,18,56,52,89,33,34,2
2124.png,5.0_3.0,1,14,16,25,11,15,2
21240.png,9.0,16,83,104,136,53,88,1
21241.png,4.0_4.0_2.0,1,121,41,162,41,40,3
21242.png,3.0_5.0,13,37,36,55,18,23,2
21243.png,2.0_6.0,27,122,119,231,109,92,2
21244.png,5.0_8.0,9,38,35,63,25,26,2
21245.png,2.0_5.0_4.0,6,34,38,79,45,32,3
21246.png,5.0_1.0,5,26,25,54,28,20,2
21247.png,2.0_7.0,27,84,59,119,35,32,2
21248.png,2.0_4.0,4,30,26,51,21,22,2
21249.png,5.0_3.0,4,29,38,57,28,34,2
2125.png,9.0_5.0,10,34,33,59,25,23,2
21250.png,8.0_3.0,5,28,37,59,31,32,2
21251.png,7.0_8.0,1,10,14,25,15,13,2
21252.png,1.0_9.0,18,62,62,106,44,44,2
21253.png,1.0_7.0,9,47,46,70,23,37,2
21254.png,1.0_6.0_10.0,47,176,117,243,67,70,3
21255.png,1.0_6.0,12,60,58,103,43,46,2
21256.png,2.0_4.0_6.0,1,16,20,47,31,19,3
21257.png,2.0_2.0,5,30,34,67,37,29,2
21258.png,8.0,17,58,44,73,15,27,1
21259.png,8.0_3.0,3,26,27,46,20,24,2
2126.png,6.0_2.0,5,26,27,50,24,22,2
21260.png,9.0_7.0,85,188,115,212,24,30,2
21261.png,1.0_8.0_4.0,20,69,51,107,38,31,3
21262.png,1.0_6.0,4,34,36,61,27,32,2
21263.png,4.0_1.0_6.0_10.0,16,71,51,127,56,35,4
21264.png,1.0_7.0,11,67,84,96,29,73,2
21265.png,4.0,8,36,43,51,15,35,1
21266.png,7.0_5.0,1,14,17,30,16,16,2
21267.png,1.0_9.0,13,51,45,82,31,32,2
21268.png,2.0,5,34,36,52,18,31,1
21269.png,3.0_6.0,9,39,35,69,30,26,2
2127.png,1.0_6.0,19,95,84,129,34,65,2
21270.png,2.0,14,61,38,76,15,24,1
21271.png,2.0_4.0_7.0,1,17,21,50,33,20,3
21272.png,3.0_4.0,1,26,21,52,26,20,2
21273.png,3.0_9.0,7,44,47,81,37,40,2
21274.png,5.0,13,85,59,112,27,46,1
21275.png,5.0_3.0_2.0,26,87,88,188,101,62,3
21276.png,1.0_6.0,1,15,16,37,22,15,2
21277.png,5.0_4.0,1,12,19,33,21,18,2
21278.png,1.0,5,24,23,31,7,18,1
21279.png,4.0_2.0_9.0,3,60,44,111,51,41,3
2128.png,1.0_4.0_10.0,18,76,65,121,45,47,3
21280.png,1.0_10.0,35,136,159,222,86,124,2
21281.png,5.0_6.0,9,55,66,103,48,57,2
21282.png,2.0,3,31,35,46,15,32,1
21283.png,5.0,5,25,24,32,7,19,1
21284.png,4.0_8.0,7,34,46,61,27,39,2
21285.png,6.0,1,18,21,33,15,20,1
21286.png,4.0_3.0,2,19,25,41,22,23,2
21287.png,5.0_7.0_3.0,10,41,39,75,34,29,3
21288.png,2.0_5.0,21,76,46,116,40,25,2
21289.png,1.0_6.0_3.0,10,43,57,76,33,47,3
2129.png,4.0_10.0,2,27,30,62,35,28,2
21290.png,4.0,1,15,13,22,7,12,1
21291.png,2.0_1.0,22,91,94,125,34,72,2
21292.png,9.0_1.0,2,25,27,39,14,25,2
21293.png,1.0_9.0,14,53,52,84,31,38,2
21294.png,7.0,1,17,18,23,6,17,1
21295.png,7.0_10.0,12,81,100,221,140,88,2
21296.png,3.0_10.0,6,31,33,51,20,27,2
21297.png,4.0_1.0,1,11,12,22,11,11,2
21298.png,1.0_9.0,1,15,25,44,29,24,2
21299.png,6.0_4.0,5,27,31,50,23,26,2
213.png,1.0,4,59,56,78,19,52,1
2130.png,1.0_8.0,8,35,39,61,26,31,2
21300.png,1.0_3.0_5.0_10.0,8,33,35,64,31,27,4
21301.png,1.0_8.0,8,36,45,60,24,37,2
21302.png,5.0,1,20,30,40,20,29,1
21303.png,1.0_6.0_8.0,7,30,31,54,24,24,3
21304.png,1.0_10.0,4,31,34,60,29,30,2
21305.png,1.0_3.0,26,88,76,137,49,50,2
21306.png,6.0_1.0,4,22,29,36,14,25,2
21307.png,6.0_10.0,1,19,26,45,26,25,2
21308.png,3.0_1.0,2,33,37,60,27,35,2
21309.png,9.0,2,22,27,37,15,25,1
2131.png,5.0,13,77,98,119,42,85,1
21310.png,3.0_8.0,1,11,14,23,12,13,2
21311.png,3.0_10.0,5,39,49,76,37,44,2
21312.png,2.0_8.0,1,25,39,57,32,38,2
21313.png,1.0_7.0_5.0_3.0,4,14,18,40,26,14,4
21314.png,4.0_6.0,2,25,31,57,32,29,2
21315.png,1.0_1.0_3.0,10,52,64,110,58,54,3
21316.png,7.0_1.0,8,37,39,68,31,31,2
21317.png,1.0_10.0_6.0,2,16,13,34,18,11,3
21318.png,5.0_1.0_1.0,2,20,25,45,25,23,3
21319.png,3.0_4.0_8.0,27,116,115,178,62,88,3
2132.png,1.0_1.0_5.0,2,23,27,46,23,25,3
21320.png,6.0_2.0,4,29,37,61,32,33,2
21321.png,1.0_7.0,4,35,49,77,42,45,2
21322.png,4.0_4.0_10.0_3.0,10,34,37,84,50,27,4
21323.png,1.0_7.0,41,127,94,166,39,53,2
21324.png,2.0,9,32,29,43,11,20,1
21325.png,1.0_10.0_4.0,3,31,29,64,33,26,3
21326.png,1.0_1.0_10.0,18,64,46,103,39,28,3
21327.png,1.0,8,42,30,49,7,22,1
21328.png,8.0_5.0,5,30,33,60,30,28,2
21329.png,7.0_6.0,9,49,43,80,31,34,2
2133.png,4.0_2.0_6.0,100,104,146,147,43,46,3
21330.png,2.0,3,21,18,33,12,15,1
21331.png,3.0_7.0_1.0,1,26,32,60,34,31,3
21332.png,1.0_2.0,25,58,71,87,29,46,2
21333.png,1.0_9.0,5,42,47,78,36,42,2
21334.png,2.0_6.0_3.0,1,22,25,51,29,24,3
21335.png,6.0,2,14,13,21,7,11,1
21336.png,5.0_5.0_2.0,4,17,25,39,22,21,3
21337.png,3.0_8.0,21,75,50,110,35,29,2
21338.png,1.0_3.0,5,41,49,73,32,44,2
21339.png,2.0_3.0_4.0,1,18,27,55,37,26,3
2134.png,3.0_10.0,6,26,26,45,19,20,2
21340.png,5.0_9.0,1,46,59,97,51,58,2
21341.png,6.0_4.0,1,19,20,42,23,19,2
21342.png,6.0,4,24,21,34,10,17,1
21343.png,1.0_4.0_10.0_2.0,18,67,58,113,46,40,4
21344.png,1.0_6.0_6.0,9,47,56,82,35,47,3
21345.png,4.0_7.0,5,29,35,50,21,30,2
21346.png,1.0_4.0,1,30,27,46,16,26,2
21347.png,1.0_7.0_8.0,7,29,33,63,34,26,3
21348.png,1.0_2.0_7.0,1,12,17,32,20,16,3
21349.png,2.0_5.0_3.0,2,19,19,41,22,17,3
2135.png,7.0_10.0,4,19,21,38,19,17,2
21350.png,4.0_9.0,5,31,29,55,24,24,2
21351.png,4.0_4.0,4,41,62,85,44,58,2
21352.png,1.0_8.0,3,49,53,84,35,50,2
21353.png,3.0_3.0_4.0,1,24,22,42,18,21,3
21354.png,9.0,2,15,16,24,9,14,1
21355.png,1.0_3.0_10.0,10,37,38,73,36,28,3
21356.png,8.0_1.0,24,97,96,159,62,72,2
21357.png,3.0_3.0,6,18,18,28,10,12,2
21358.png,4.0_2.0,15,62,61,101,39,46,2
21359.png,9.0,4,36,35,67,31,31,1
2136.png,1.0_1.0_7.0,1,15,21,37,22,20,3
21360.png,3.0_5.0,2,19,20,37,18,18,2
21361.png,1.0_2.0_4.0,5,41,53,88,47,48,3
21362.png,5.0_2.0_5.0,36,103,67,149,46,31,3
21363.png,1.0,5,26,23,31,5,18,1
21364.png,2.0_1.0_8.0_3.0,1,17,16,59,42,15,4
21365.png,2.0,8,42,51,60,18,43,1
21366.png,1.0_8.0_7.0_4.0,1,23,23,66,43,22,4
21367.png,1.0_7.0,4,24,26,36,12,22,2
21368.png,3.0_8.0,6,25,29,56,31,23,2
21369.png,8.0_6.0,6,34,38,67,33,32,2
2137.png,2.0_5.0,18,95,69,139,44,51,2
21370.png,1.0_8.0_9.0,6,55,54,109,54,48,3
21371.png,3.0_4.0_8.0,17,64,55,121,57,38,3
21372.png,8.0,14,55,54,75,20,40,1
21373.png,5.0,25,118,147,217,99,122,1
21374.png,1.0_1.0,12,48,54,86,38,42,2
21375.png,2.0_10.0,34,84,86,144,60,52,2
21376.png,4.0_8.0_7.0,18,80,62,142,62,44,3
21377.png,2.0_4.0,2,31,36,68,37,34,2
21378.png,8.0,12,49,60,67,18,48,1
21379.png,1.0_2.0,5,36,43,70,34,38,2
2138.png,1.0_9.0,9,51,68,108,57,59,2
21380.png,6.0_10.0,4,32,38,64,32,34,2
21381.png,3.0_2.0,6,23,24,45,22,18,2
21382.png,4.0_6.0_10.0,72,138,105,173,35,33,3
21383.png,1.0_2.0,14,56,63,98,42,49,2
21384.png,2.0_10.0_2.0_6.0,1,14,16,53,39,15,4
21385.png,3.0_9.0_3.0,5,31,30,68,37,25,3
21386.png,4.0_5.0_6.0,10,70,58,118,48,48,3
21387.png,2.0_10.0_6.0,3,26,31,54,28,28,3
21388.png,1.0_5.0,29,96,86,141,45,57,2
21389.png,2.0_4.0,3,26,30,50,24,27,2
2139.png,3.0_7.0,4,29,32,53,24,28,2
21390.png,8.0_6.0,8,52,50,83,31,42,2
21391.png,1.0_2.0_6.0,2,32,41,88,56,39,3
21392.png,3.0,2,13,13,19,6,11,1
21393.png,3.0_8.0,7,35,41,54,19,34,2
21394.png,5.0_1.0,18,93,44,119,26,26,2
21395.png,7.0_8.0,9,43,51,73,30,42,2
21396.png,4.0_3.0_8.0,93,161,175,241,80,82,3
21397.png,1.0_3.0_3.0,4,36,45,84,48,41,3
21398.png,1.0_5.0,3,19,26,34,15,23,2
21399.png,1.0_1.0_5.0,5,22,26,47,25,21,3
214.png,8.0,3,32,27,45,13,24,1
2140.png,2.0_2.0,5,39,38,65,26,33,2
21400.png,1.0_2.0_2.0,4,40,55,112,72,51,3
21401.png,1.0_3.0,6,29,24,41,12,18,2
21402.png,1.0_7.0_2.0,1,21,21,47,26,20,3
21403.png,4.0_9.0,9,39,43,66,27,34,2
21404.png,1.0_4.0,1,19,19,33,14,18,2
21405.png,3.0_10.0,4,24,27,36,12,23,2
21406.png,1.0_7.0_6.0,32,106,62,146,40,30,3
21407.png,8.0_1.0,1,16,16,36,20,15,2
21408.png,4.0_8.0,9,70,73,122,52,64,2
21409.png,1.0_6.0,6,37,39,77,40,33,2
2141.png,2.0_8.0,3,28,35,64,36,32,2
21410.png,3.0_3.0,19,160,202,339,179,183,2
21411.png,2.0_7.0,69,206,99,227,21,30,2
21412.png,2.0_1.0_10.0,9,46,39,95,49,30,3
21413.png,8.0,36,128,131,167,39,95,1
21414.png,7.0_1.0,10,69,100,145,76,90,2
21415.png,1.0_6.0,1,29,35,70,41,34,2
21416.png,5.0_8.0,2,21,19,38,17,17,2
21417.png,2.0_1.0_9.0,8,28,33,49,21,25,3
21418.png,1.0_10.0_3.0,10,35,41,84,49,31,3
21419.png,3.0_2.0,6,28,28,47,19,22,2
2142.png,5.0_10.0_10.0,14,53,41,94,41,27,3
21420.png,8.0,9,81,94,128,47,85,1
21421.png,3.0_2.0,4,28,28,52,24,24,2
21422.png,6.0_10.0,8,43,51,106,63,43,2
21423.png,8.0,2,25,25,32,7,23,1
21424.png,2.0_10.0_8.0,10,32,32,53,21,22,3
21425.png,3.0_7.0,9,55,51,86,31,42,2
21426.png,2.0_3.0_7.0,4,29,35,62,33,31,3
21427.png,9.0_10.0_10.0,32,93,80,149,56,48,3
21428.png,3.0_3.0,4,36,44,84,48,40,2
21429.png,5.0_1.0_2.0,23,111,86,172,61,63,3
2143.png,3.0_4.0_9.0,5,32,36,74,42,31,3
21430.png,2.0_1.0,2,18,22,35,17,20,2
21431.png,4.0,12,64,63,93,29,51,1
21432.png,1.0_6.0,7,52,59,96,44,52,2
21433.png,2.0_7.0,3,52,70,114,62,67,2
21434.png,6.0_7.0,12,70,82,128,58,70,2
21435.png,7.0_5.0,4,25,29,55,30,25,2
21436.png,1.0_5.0_6.0,8,28,32,65,37,24,3
21437.png,4.0_4.0,1,17,18,30,13,17,2
21438.png,4.0_7.0,28,67,77,115,48,49,2
21439.png,6.0_8.0,6,35,39,75,40,33,2
2144.png,1.0_4.0_8.0,4,25,25,48,23,21,3
21440.png,1.0_4.0,7,31,25,50,19,18,2
21441.png,4.0_3.0,5,36,41,60,24,36,2
21442.png,5.0,8,51,42,71,20,34,1
21443.png,3.0_6.0,3,23,24,38,15,21,2
21444.png,1.0_7.0,23,70,59,97,27,36,2
21445.png,1.0_8.0_5.0,4,25,27,58,33,23,3
21446.png,5.0_9.0,6,42,50,67,25,44,2
21447.png,2.0_9.0,31,75,63,107,32,32,2
21448.png,4.0_9.0,7,44,41,75,31,34,2
21449.png,3.0_2.0_10.0,3,30,20,69,39,17,3
2145.png,5.0_7.0,8,73,71,111,38,63,2
21450.png,1.0,21,95,107,124,29,86,1
21451.png,9.0_4.0,14,80,105,177,97,91,2
21452.png,1.0,10,49,60,72,23,50,1
21453.png,8.0_4.0,7,32,35,49,17,28,2
21454.png,4.0_2.0_3.0,10,82,44,107,25,34,3
21455.png,1.0_1.0,21,74,76,127,53,55,2
21456.png,5.0_1.0,8,46,46,80,34,38,2
21457.png,3.0,4,29,22,38,9,18,1
21458.png,2.0_3.0,10,45,51,73,28,41,2
21459.png,2.0_9.0_3.0,5,19,24,51,32,19,3
2146.png,2.0_4.0_9.0,9,46,40,72,26,31,3
21460.png,1.0_1.0_1.0,5,31,27,51,20,22,3
21461.png,2.0_5.0_6.0,14,89,109,162,73,95,3
21462.png,1.0_2.0,6,50,61,103,53,55,2
21463.png,4.0_1.0,8,42,41,72,30,33,2
21464.png,8.0_4.0,11,41,42,73,32,31,2
21465.png,7.0,13,60,67,91,31,54,1
21466.png,4.0_8.0,1,24,30,50,26,29,2
21467.png,1.0,14,56,54,80,24,40,1
21468.png,1.0_10.0,12,51,36,68,17,24,2
21469.png,1.0_7.0_5.0,25,95,75,167,72,50,3
2147.png,1.0_5.0_1.0,5,24,25,47,23,20,3
21470.png,1.0_2.0_9.0_10.0,1,13,14,34,21,13,4
21471.png,2.0_1.0,20,68,58,99,31,38,2
21472.png,1.0_3.0_10.0,3,31,31,55,24,28,3
21473.png,2.0_9.0_10.0,34,144,88,219,75,54,3
21474.png,2.0_6.0,8,37,46,67,30,38,2
21475.png,1.0_9.0_3.0,2,19,17,43,24,15,3
21476.png,1.0_10.0_10.0,1,32,41,90,58,40,3
21477.png,1.0,6,46,43,58,12,37,1
21478.png,3.0_1.0_4.0,15,81,87,118,37,72,3
21479.png,8.0_5.0,3,25,28,46,21,25,2
2148.png,5.0_6.0,7,36,40,59,23,33,2
21480.png,1.0_10.0,3,26,31,50,24,28,2
21481.png,2.0_7.0_3.0,1,17,17,43,26,16,3
21482.png,1.0_7.0_10.0,20,75,70,107,32,50,3
21483.png,6.0_1.0,2,21,26,43,22,24,2
21484.png,1.0_5.0,2,16,14,28,12,12,2
21485.png,7.0_5.0,49,145,95,192,47,46,2
21486.png,5.0_2.0,17,89,94,186,97,77,2
21487.png,4.0_5.0,7,44,44,78,34,37,2
21488.png,1.0,7,51,47,66,15,40,1
21489.png,8.0,18,60,54,82,22,36,1
2149.png,1.0_1.0,8,31,42,54,23,34,2
21490.png,1.0_1.0_2.0,2,21,24,45,24,22,3
21491.png,1.0_3.0_10.0,2,16,17,40,24,15,3
21492.png,3.0_8.0,9,42,56,90,48,47,2
21493.png,5.0_1.0,1,27,36,61,34,35,2
21494.png,2.0_7.0,14,57,52,99,42,38,2
21495.png,4.0_4.0,2,17,21,32,15,19,2
21496.png,7.0_10.0,4,38,47,74,36,43,2
21497.png,2.0_3.0,3,16,21,32,16,18,2
21498.png,7.0_2.0,8,48,55,104,56,47,2
21499.png,3.0_4.0_4.0,2,15,18,37,22,16,3
215.png,3.0_10.0_2.0,7,43,41,114,71,34,3
2150.png,1.0_10.0_5.0,5,29,30,60,31,25,3
21500.png,3.0_1.0,2,21,21,33,12,19,2
21501.png,5.0_7.0,9,63,72,143,80,63,2
21502.png,2.0_10.0_1.0_1.0,13,58,54,130,72,41,4
21503.png,8.0,4,41,55,71,30,51,1
21504.png,1.0_5.0,11,62,69,118,56,58,2
21505.png,4.0_8.0,27,103,58,129,26,31,2
21506.png,1.0_8.0,1,36,67,103,67,66,2
21507.png,1.0_7.0,1,22,27,50,28,26,2
21508.png,1.0_1.0_7.0,7,35,27,53,18,20,3
21509.png,5.0,1,14,15,22,8,14,1
2151.png,4.0,9,20,23,30,10,14,1
21510.png,3.0_10.0,2,15,20,37,22,18,2
21511.png,5.0_1.0,3,34,46,76,42,43,2
21512.png,3.0_3.0,9,48,56,76,28,47,2
21513.png,3.0_7.0,13,71,91,147,76,78,2
21514.png,2.0_5.0,3,30,38,50,20,35,2
21515.png,3.0_6.0_10.0,15,57,46,98,41,31,3
21516.png,3.0_1.0_5.0,1,23,27,51,28,26,3
21517.png,1.0,2,21,22,28,7,20,1
21518.png,3.0_10.0_1.0,11,26,42,51,25,31,3
21519.png,3.0_8.0,2,32,35,62,30,33,2
2152.png,1.0_1.0_7.0_2.0,2,23,25,60,37,23,4
21520.png,3.0_6.0,12,113,162,224,111,150,2
21521.png,3.0_4.0,27,87,45,111,24,18,2
21522.png,1.0_10.0,10,60,74,121,61,64,2
21523.png,6.0_4.0,8,40,49,75,35,41,2
21524.png,5.0_7.0,4,27,30,51,24,26,2
21525.png,3.0_2.0_3.0_4.0,1,15,16,46,31,15,4
21526.png,3.0,1,11,12,20,9,11,1
21527.png,4.0_8.0,5,29,35,51,22,30,2
21528.png,3.0_8.0,1,43,56,98,55,55,2
21529.png,4.0_2.0,3,31,40,72,41,37,2
2153.png,7.0_9.0,1,16,20,40,24,19,2
21530.png,1.0_1.0,1,19,25,44,25,24,2
21531.png,1.0_5.0_9.0_5.0,11,50,42,93,43,31,4
21532.png,4.0_2.0,7,29,37,57,28,30,2
21533.png,4.0_6.0,4,23,25,45,22,21,2
21534.png,4.0_2.0,12,66,84,158,92,72,2
21535.png,8.0_3.0,6,31,44,64,33,38,2
21536.png,1.0_6.0,4,37,46,88,51,42,2
21537.png,3.0_6.0,3,41,58,79,38,55,2
21538.png,3.0_10.0,6,38,43,62,24,37,2
21539.png,3.0_2.0,4,27,27,52,25,23,2
2154.png,6.0,26,93,70,121,28,44,1
21540.png,9.0_9.0,19,82,68,145,63,49,2
21541.png,6.0,5,35,41,53,18,36,1
21542.png,6.0_7.0,7,34,39,66,32,32,2
21543.png,3.0_5.0,4,30,38,55,25,34,2
21544.png,1.0_8.0,13,79,94,144,65,81,2
21545.png,1.0_8.0_8.0_2.0,1,9,12,36,27,11,4
21546.png,1.0_1.0_5.0_10.0,14,63,59,137,74,45,4
21547.png,1.0_8.0,11,51,59,97,46,48,2
21548.png,6.0_1.0,3,25,26,51,26,23,2
21549.png,4.0_3.0,1,17,20,34,17,19,2
2155.png,2.0_5.0_8.0,5,26,26,52,26,21,3
21550.png,7.0_10.0,10,38,41,60,22,31,2
21551.png,1.0_10.0,5,32,45,64,32,40,2
21552.png,1.0_5.0_1.0,3,32,40,62,30,37,3
21553.png,1.0_9.0,7,43,55,76,33,48,2
21554.png,4.0_8.0_4.0,8,33,44,75,42,36,3
21555.png,1.0_6.0,1,20,26,39,19,25,2
21556.png,3.0_4.0,7,54,76,91,37,69,2
21557.png,1.0_4.0,4,13,17,25,12,13,2
21558.png,3.0_7.0_1.0,16,69,77,177,108,61,3
21559.png,1.0_7.0_9.0,15,69,69,111,42,54,3
2156.png,1.0_9.0_9.0,1,35,49,104,69,48,3
21560.png,8.0_2.0,1,26,34,62,36,33,2
21561.png,1.0_2.0,3,30,36,65,35,33,2
21562.png,2.0_7.0_6.0_3.0,3,16,18,43,27,15,4
21563.png,1.0_7.0,4,27,30,41,14,26,2
21564.png,1.0_7.0,15,41,40,59,18,25,2
21565.png,5.0,8,54,62,79,25,54,1
21566.png,5.0,14,103,95,152,49,81,1
21567.png,2.0_4.0,5,28,25,47,19,20,2
21568.png,2.0_7.0_2.0,3,51,44,102,51,41,3
21569.png,1.0_5.0_2.0_6.0,3,23,21,93,70,18,4
2157.png,1.0_1.0_4.0,1,14,19,44,30,18,3
21570.png,4.0_7.0,8,77,100,155,78,92,2
21571.png,3.0_10.0,3,23,28,49,26,25,2
21572.png,2.0_6.0_2.0,15,57,43,95,38,28,3
21573.png,1.0_8.0_3.0_9.0,2,17,23,50,33,21,4
21574.png,4.0_6.0_10.0,17,78,111,164,86,94,3
21575.png,2.0_5.0_3.0,26,82,50,118,36,24,3
21576.png,1.0_6.0_3.0,1,15,17,37,22,16,3
21577.png,1.0_9.0_1.0,1,24,29,53,29,28,3
21578.png,5.0_4.0,14,57,51,92,35,37,2
21579.png,2.0_7.0_1.0,17,58,72,114,56,55,3
2158.png,2.0_7.0,4,22,28,47,25,24,2
21580.png,4.0_7.0,8,25,30,39,14,22,2
21581.png,1.0_5.0,13,93,95,173,80,82,2
21582.png,1.0_5.0_8.0,19,73,54,127,54,35,3
21583.png,4.0_10.0,9,49,51,83,34,42,2
21584.png,1.0_4.0,2,20,25,42,22,23,2
21585.png,4.0_4.0_6.0,25,85,82,154,69,57,3
21586.png,6.0_9.0,3,43,55,103,60,52,2
21587.png,4.0,142,200,239,264,64,97,1
21588.png,7.0_3.0,19,82,83,141,59,64,2
21589.png,2.0_2.0_7.0_1.0,2,18,20,80,62,18,4
2159.png,6.0,6,26,25,36,10,19,1
21590.png,5.0_3.0_9.0,16,50,39,85,35,23,3
21591.png,2.0,4,43,24,55,12,20,1
21592.png,6.0_8.0,4,50,65,103,53,61,2
21593.png,1.0_10.0_7.0,1,14,14,40,26,13,3
21594.png,3.0_8.0_10.0_1.0,10,31,43,111,80,33,4
21595.png,9.0_3.0,17,50,71,80,30,54,2
21596.png,1.0_2.0,16,50,54,91,41,38,2
21597.png,1.0_4.0,3,25,28,44,19,25,2
21598.png,4.0_5.0_4.0,16,72,69,117,45,53,3
21599.png,6.0_2.0_10.0,1,27,30,65,38,29,3
216.png,2.0_8.0_10.0,13,63,69,144,81,56,3
2160.png,8.0_9.0,8,39,46,62,23,38,2
21600.png,1.0_8.0,8,31,33,47,16,25,2
21601.png,3.0_1.0,1,25,23,40,15,22,2
21602.png,6.0_10.0,2,16,15,29,13,13,2
21603.png,7.0_6.0,7,29,31,53,24,24,2
21604.png,4.0,1,16,18,27,11,17,1
21605.png,1.0_10.0_3.0,1,19,26,52,33,25,3
21606.png,1.0_10.0_3.0,11,45,45,84,39,34,3
21607.png,1.0_2.0_9.0,25,74,55,120,46,30,3
21608.png,1.0_7.0_8.0_3.0,1,11,14,36,25,13,4
21609.png,2.0_7.0,1,21,29,56,35,28,2
2161.png,4.0_3.0,6,37,41,77,40,35,2
21610.png,1.0_6.0,9,33,37,88,55,28,2
21611.png,3.0_4.0_7.0,1,21,30,57,36,29,3
21612.png,2.0_7.0,1,14,17,37,23,16,2
21613.png,1.0_1.0_5.0,14,87,88,152,65,74,3
21614.png,1.0_10.0_2.0,3,40,51,94,54,48,3
21615.png,1.0_10.0,5,25,29,43,18,24,2
21616.png,2.0,4,30,35,50,20,31,1
21617.png,5.0_5.0_4.0,1,15,21,36,21,20,3
21618.png,1.0_6.0_2.0,91,126,147,179,53,56,3
21619.png,1.0_9.0_7.0,4,22,21,45,23,17,3
2162.png,3.0_10.0_3.0,11,54,45,96,42,34,3
21620.png,2.0,33,74,71,95,21,38,1
21621.png,7.0_8.0_3.0,13,57,44,107,50,31,3
21622.png,8.0_8.0,29,91,92,156,65,63,2
21623.png,2.0_5.0_4.0,1,18,25,55,37,24,3
21624.png,2.0_8.0_7.0,4,30,31,58,28,27,3
21625.png,2.0_3.0,14,67,86,119,52,72,2
21626.png,1.0_10.0,22,70,69,103,33,47,2
21627.png,4.0_9.0_4.0,17,107,70,159,52,53,3
21628.png,4.0_2.0,4,67,83,138,71,79,2
21629.png,1.0_9.0_7.0,1,15,19,33,18,18,3
2163.png,4.0_5.0,10,102,71,162,60,61,2
21630.png,5.0_7.0_8.0,18,78,71,120,42,53,3
21631.png,1.0_7.0,4,19,20,30,11,16,2
21632.png,1.0_9.0_1.0,4,24,28,55,31,24,3
21633.png,4.0_10.0_4.0,9,107,138,145,38,129,3
21634.png,4.0_1.0,6,40,44,61,21,38,2
21635.png,1.0_9.0_1.0_4.0,7,39,36,91,52,29,4
21636.png,7.0_4.0,2,14,17,27,13,15,2
21637.png,6.0_10.0,16,104,136,254,150,120,2
21638.png,9.0_6.0,1,14,20,38,24,19,2
21639.png,4.0_8.0_1.0,10,46,54,112,66,44,3
2164.png,5.0_1.0_10.0,10,73,81,128,55,71,3
21640.png,6.0_10.0_1.0,8,68,60,125,57,52,3
21641.png,3.0_8.0,1,27,31,63,36,30,2
21642.png,5.0_8.0,23,115,94,180,65,71,2
21643.png,3.0_7.0_2.0,23,88,64,174,86,41,3
21644.png,4.0_2.0_5.0,51,104,83,153,49,32,3
21645.png,7.0_2.0,13,43,38,73,30,25,2
21646.png,3.0_5.0,15,75,91,163,88,76,2
21647.png,9.0_4.0,1,23,32,61,38,31,2
21648.png,1.0_8.0_3.0_3.0,10,54,56,114,60,46,4
21649.png,3.0_2.0,4,25,29,50,25,25,2
2165.png,2.0_2.0,2,19,22,37,18,20,2
21650.png,1.0_4.0,1,18,21,42,24,20,2
21651.png,1.0_5.0_8.0,20,149,72,201,52,52,3
21652.png,2.0_4.0_6.0,107,153,145,200,47,38,3
21653.png,7.0,1,27,31,47,20,30,1
21654.png,7.0_9.0,15,66,73,116,50,58,2
21655.png,1.0,2,42,30,51,9,28,1
21656.png,1.0_1.0,1,22,27,34,12,26,2
21657.png,5.0_9.0,15,62,83,126,64,68,2
21658.png,1.0_7.0,2,22,29,44,22,27,2
21659.png,6.0,3,28,26,35,7,23,1
2166.png,1.0_10.0,21,71,69,115,44,48,2
21660.png,2.0_2.0,1,17,21,38,21,20,2
21661.png,4.0_5.0,19,55,48,83,28,29,2
21662.png,9.0,6,28,29,49,21,23,1
21663.png,7.0,15,49,37,64,15,22,1
21664.png,6.0_1.0_8.0,13,54,45,123,69,32,3
21665.png,2.0_5.0_5.0,9,52,64,125,73,55,3
21666.png,5.0_4.0,7,48,66,115,67,59,2
21667.png,2.0_4.0,14,44,43,72,28,29,2
21668.png,9.0_9.0,1,35,48,87,52,47,2
21669.png,5.0_10.0_10.0,4,68,71,212,144,67,3
2167.png,4.0,3,28,35,49,21,32,1
21670.png,6.0_5.0,19,58,62,100,42,43,2
21671.png,7.0_9.0,17,79,95,158,79,78,2
21672.png,1.0_2.0,1,15,14,40,25,13,2
21673.png,2.0_10.0_1.0_8.0,6,25,24,58,33,18,4
21674.png,4.0_6.0,9,58,66,122,64,57,2
21675.png,3.0_2.0,1,22,25,42,20,24,2
21676.png,3.0_1.0,2,22,26,36,14,24,2
21677.png,3.0_10.0_10.0,3,32,38,104,72,35,3
21678.png,4.0_3.0,6,29,31,48,19,25,2
21679.png,8.0_8.0,11,47,43,88,41,32,2
2168.png,1.0_5.0,28,145,171,263,118,143,2
21680.png,6.0,4,49,61,83,34,57,1
21681.png,3.0,8,51,66,81,30,58,1
21682.png,2.0_10.0,47,162,75,193,31,28,2
21683.png,2.0_9.0_4.0_4.0,12,41,43,105,64,31,4
21684.png,3.0_9.0,5,23,21,41,18,16,2
21685.png,4.0_2.0,5,25,27,44,19,22,2
21686.png,1.0_3.0,6,47,64,106,59,58,2
21687.png,3.0_7.0,23,88,108,261,173,85,2
21688.png,8.0_9.0,5,24,28,43,19,23,2
21689.png,3.0_7.0_3.0,12,54,53,105,51,41,3
2169.png,3.0_4.0,12,86,108,161,75,96,2
21690.png,2.0_5.0,1,17,18,30,13,17,2
21691.png,4.0_6.0_10.0,11,52,40,108,56,29,3
21692.png,3.0,7,34,36,47,13,29,1
21693.png,7.0_6.0,4,13,16,24,11,12,2
21694.png,4.0_7.0_4.0,9,34,35,82,48,26,3
21695.png,2.0_10.0_2.0_10.0,3,54,69,107,53,66,4
21696.png,1.0_2.0_8.0,5,31,31,60,29,26,3
21697.png,8.0_2.0,8,35,36,61,26,28,2
21698.png,1.0_9.0,7,40,35,65,25,28,2
21699.png,6.0_8.0,7,29,33,52,23,26,2
217.png,2.0,12,50,49,73,23,37,1
2170.png,3.0_2.0_2.0,9,40,38,74,34,29,3
21700.png,1.0,11,46,31,55,9,20,1
21701.png,1.0_10.0_9.0,8,73,89,116,43,81,3
21702.png,2.0_1.0_7.0,10,36,39,63,27,29,3
21703.png,4.0_7.0_3.0,16,56,57,111,55,41,3
21704.png,8.0,8,25,31,36,11,23,1
21705.png,1.0_2.0,14,55,54,86,31,40,2
21706.png,5.0_2.0,3,38,35,69,31,32,2
21707.png,3.0_6.0,7,30,34,50,20,27,2
21708.png,3.0_3.0,3,42,47,90,48,44,2
21709.png,1.0_1.0_5.0,16,65,74,113,48,58,3
2171.png,2.0_9.0,5,66,80,141,75,75,2
21710.png,2.0_2.0,12,24,85,98,74,73,2
21711.png,7.0,5,28,34,44,16,29,1
21712.png,1.0_9.0,9,44,41,71,27,32,2
21713.png,7.0_9.0,3,31,39,61,30,36,2
21714.png,8.0_8.0,5,30,36,57,27,31,2
21715.png,2.0_7.0,7,21,18,33,12,11,2
21716.png,2.0_9.0,31,141,138,239,98,107,2
21717.png,4.0_4.0,7,35,39,50,15,32,2
21718.png,3.0,2,89,44,120,31,42,1
21719.png,3.0_3.0,2,13,18,28,15,16,2
2172.png,3.0_4.0_10.0,5,37,44,70,33,39,3
21720.png,7.0_8.0_3.0,10,21,51,76,55,41,3
21721.png,1.0_10.0,1,15,18,27,12,17,2
21722.png,6.0_7.0,8,44,50,85,41,42,2
21723.png,7.0_5.0,2,24,30,52,28,28,2
21724.png,4.0_1.0,3,21,25,42,21,22,2
21725.png,3.0_6.0,5,34,43,108,74,38,2
21726.png,2.0_1.0_8.0,11,64,76,104,40,65,3
21727.png,4.0_6.0_3.0,14,57,52,104,47,38,3
21728.png,2.0_8.0,1,16,21,36,20,20,2
21729.png,2.0_6.0,1,15,15,38,23,14,2
2173.png,2.0_6.0,6,37,49,89,52,43,2
21730.png,1.0_6.0_5.0,33,135,60,162,27,27,3
21731.png,2.0_4.0,1,33,36,67,34,35,2
21732.png,8.0_7.0,3,29,30,43,14,27,2
21733.png,1.0_2.0_1.0,11,46,37,75,29,26,3
21734.png,3.0_6.0,27,125,66,157,32,39,2
21735.png,3.0_10.0_10.0,14,63,66,136,73,52,3
21736.png,9.0_9.0,18,69,74,109,40,56,2
21737.png,1.0_6.0,9,34,31,51,17,22,2
21738.png,2.0_4.0,10,59,71,124,65,61,2
21739.png,2.0_5.0_2.0,19,36,41,68,32,22,3
2174.png,1.0_5.0,4,45,63,103,58,59,2
21740.png,2.0_2.0_7.0,3,20,28,50,30,25,3
21741.png,5.0_2.0,9,42,50,88,46,41,2
21742.png,5.0_1.0,5,32,41,51,19,36,2
21743.png,1.0_3.0_4.0,14,47,37,80,33,23,3
21744.png,2.0_2.0,9,25,30,53,28,21,2
21745.png,9.0_5.0_4.0,29,77,96,141,64,67,3
21746.png,6.0,2,21,26,33,12,24,1
21747.png,1.0_4.0,15,46,44,66,20,29,2
21748.png,2.0_5.0,5,33,39,62,29,34,2
21749.png,1.0_6.0,2,17,17,31,14,15,2
2175.png,2.0_10.0,7,26,27,43,17,20,2
21750.png,4.0_2.0_6.0,12,45,36,79,34,24,3
21751.png,9.0_10.0,6,34,47,68,34,41,2
21752.png,5.0_5.0,1,36,42,69,33,41,2
21753.png,5.0_6.0,14,22,65,71,49,51,2
21754.png,6.0_3.0,6,30,34,56,26,28,2
21755.png,3.0_8.0,9,58,56,101,43,47,2
21756.png,1.0_4.0_2.0,16,199,44,231,32,28,3
21757.png,1.0_4.0_8.0,2,21,23,47,26,21,3
21758.png,3.0_3.0_3.0,12,76,81,120,44,69,3
21759.png,1.0_10.0,2,20,23,39,19,21,2
2176.png,1.0_2.0_4.0_10.0,14,58,41,94,36,27,4
21760.png,1.0_2.0_2.0,16,63,59,115,52,43,3
21761.png,4.0_4.0,6,32,31,49,17,25,2
21762.png,9.0_5.0,10,42,38,78,36,28,2
21763.png,2.0_8.0,2,27,21,43,16,19,2
21764.png,1.0_4.0,13,74,109,140,66,96,2
21765.png,9.0_2.0,2,16,18,29,13,16,2
21766.png,6.0_2.0,9,84,81,145,61,72,2
21767.png,1.0_2.0_6.0,3,25,27,59,34,24,3
21768.png,4.0_1.0,3,22,26,42,20,23,2
21769.png,6.0,10,42,51,63,21,41,1
2177.png,3.0_8.0,3,45,50,73,28,47,2
21770.png,4.0_8.0,15,44,49,73,29,34,2
21771.png,7.0_6.0,6,35,47,68,33,41,2
21772.png,5.0_1.0,5,30,29,50,20,24,2
21773.png,6.0_6.0,4,27,29,54,27,25,2
21774.png,8.0_4.0,29,98,84,159,61,55,2
21775.png,5.0_4.0,9,49,44,84,35,35,2
21776.png,1.0_4.0_9.0,13,55,51,96,41,38,3
21777.png,1.0_1.0_3.0,20,123,55,163,40,35,3
21778.png,1.0_8.0,2,19,21,42,23,19,2
21779.png,4.0_3.0,8,37,42,67,30,34,2
2178.png,1.0_4.0_4.0,12,69,66,141,72,54,3
21780.png,1.0_7.0_9.0,20,142,76,189,47,56,3
21781.png,1.0_6.0_10.0,8,26,37,56,30,29,3
21782.png,4.0_10.0,4,37,42,66,29,38,2
21783.png,2.0_7.0,3,18,16,28,10,13,2
21784.png,7.0_1.0_9.0,8,55,67,150,95,59,3
21785.png,2.0_8.0_1.0,12,50,65,130,80,53,3
21786.png,2.0_3.0_3.0_4.0,5,36,43,104,68,38,4
21787.png,2.0_1.0,13,51,85,93,42,72,2
21788.png,4.0_6.0_10.0,7,30,26,58,28,19,3
21789.png,9.0_4.0,9,60,75,139,79,66,2
2179.png,1.0_6.0,1,23,36,64,41,35,2
21790.png,1.0_4.0,2,52,66,110,58,64,2
21791.png,1.0_7.0,9,31,29,51,20,20,2
21792.png,3.0_4.0,1,16,16,37,21,15,2
21793.png,1.0_4.0_4.0,1,27,28,62,35,27,3
21794.png,1.0,19,69,82,95,26,63,1
21795.png,6.0_4.0,4,31,41,69,38,37,2
21796.png,1.0_2.0_1.0,5,108,134,254,146,129,3
21797.png,1.0_6.0,6,29,33,53,24,27,2
21798.png,1.0_2.0,1,26,31,54,28,30,2
21799.png,2.0_10.0_3.0_10.0,4,24,30,72,48,26,4
218.png,1.0_8.0,2,21,23,36,15,21,2
2180.png,1.0,7,43,48,58,15,41,1
21800.png,1.0_4.0,1,20,18,43,23,17,2
21801.png,5.0,3,24,25,39,15,22,1
21802.png,6.0_5.0_2.0,13,41,38,70,29,25,3
21803.png,1.0_2.0,1,14,16,26,12,15,2
21804.png,8.0_3.0,11,32,31,46,14,20,2
21805.png,3.0_6.0,5,33,42,66,33,37,2
21806.png,2.0_6.0,12,55,57,109,54,45,2
21807.png,1.0_7.0_7.0,10,47,64,111,64,54,3
21808.png,8.0,5,36,42,56,20,37,1
21809.png,9.0,9,46,63,86,40,54,1
2181.png,8.0,1,19,24,34,15,23,1
21810.png,2.0_1.0_5.0,15,66,53,108,42,38,3
21811.png,1.0_8.0_6.0,13,138,77,189,51,64,3
21812.png,1.0,6,33,39,44,11,33,1
21813.png,3.0,4,29,38,52,23,34,1
21814.png,3.0_4.0,4,11,19,26,15,15,2
21815.png,1.0_2.0,9,36,41,58,22,32,2
21816.png,1.0,4,23,24,29,6,20,1
21817.png,2.0_1.0,1,21,23,34,13,22,2
21818.png,1.0_10.0_9.0,2,23,29,54,31,27,3
21819.png,3.0_8.0,17,107,119,182,75,102,2
2182.png,5.0_9.0_5.0,22,86,91,157,71,69,3
21820.png,1.0_9.0,4,28,29,53,25,25,2
21821.png,1.0_10.0,1,22,29,53,31,28,2
21822.png,7.0_4.0,7,31,43,75,44,36,2
21823.png,1.0,11,55,58,69,14,47,1
21824.png,3.0_10.0_9.0,40,136,128,218,82,88,3
21825.png,2.0_6.0,9,31,31,50,19,22,2
21826.png,1.0,5,38,29,50,12,24,1
21827.png,1.0_10.0,6,41,51,79,38,45,2
21828.png,4.0_4.0,1,18,20,35,17,19,2
21829.png,2.0_4.0_4.0,1,16,19,38,22,18,3
2183.png,2.0_9.0,2,15,16,30,15,14,2
21830.png,3.0_3.0_7.0,5,41,32,82,41,27,3
21831.png,7.0_4.0,6,19,22,36,17,16,2
21832.png,4.0,9,40,36,49,9,27,1
21833.png,6.0_3.0_6.0,4,33,33,65,32,29,3
21834.png,3.0_3.0,8,33,51,77,44,43,2
21835.png,1.0_10.0_1.0,7,46,63,90,44,56,3
21836.png,3.0,3,27,28,39,12,25,1
21837.png,9.0_5.0,6,76,109,159,83,103,2
21838.png,2.0,9,38,44,58,20,35,1
21839.png,5.0,4,19,27,35,16,23,1
2184.png,5.0_1.0_10.0,7,27,24,55,28,17,3
21840.png,1.0_10.0_5.0,9,34,34,67,33,25,3
21841.png,1.0_5.0,11,37,31,56,19,20,2
21842.png,2.0_10.0,5,34,41,60,26,36,2
21843.png,5.0,4,25,28,37,12,24,1
21844.png,3.0_5.0,6,29,32,54,25,26,2
21845.png,4.0,28,51,194,148,97,166,1
21846.png,1.0_7.0_1.0,6,26,28,49,23,22,3
21847.png,9.0_7.0,3,34,48,87,53,45,2
21848.png,4.0_4.0_4.0,26,133,43,154,21,17,3
21849.png,1.0_1.0_1.0,15,74,81,133,59,66,3
2185.png,3.0_10.0,17,6,69,56,50,52,2
21850.png,1.0_5.0_9.0_9.0,1,18,24,70,52,23,4
21851.png,2.0_6.0,19,61,45,89,28,26,2
21852.png,2.0_6.0,3,24,28,50,26,25,2
21853.png,6.0,2,21,26,36,15,24,1
21854.png,1.0_7.0_3.0,22,57,49,93,36,27,3
21855.png,1.0_6.0_5.0,7,49,63,98,49,56,3
21856.png,1.0_1.0_4.0,5,22,25,48,26,20,3
21857.png,2.0_7.0_3.0,22,90,102,179,89,80,3
21858.png,1.0_10.0_1.0_3.0,21,89,99,199,110,78,4
21859.png,2.0_10.0,10,56,60,117,61,50,2
2186.png,2.0_3.0_5.0,45,118,82,162,44,37,3
21860.png,8.0,6,52,51,63,11,45,1
21861.png,6.0_9.0_10.0,1,19,22,43,24,21,3
21862.png,3.0_10.0_2.0,4,35,35,79,44,31,3
21863.png,1.0_3.0_6.0,15,65,57,134,69,42,3
21864.png,1.0,7,38,37,48,10,30,1
21865.png,1.0_1.0,2,27,37,64,37,35,2
21866.png,2.0_7.0_6.0,3,30,40,84,54,37,3
21867.png,7.0_5.0,9,32,29,52,20,20,2
21868.png,5.0,3,24,22,36,12,19,1
21869.png,4.0_4.0,11,34,31,52,18,20,2
2187.png,1.0_7.0_6.0,18,85,58,148,63,40,3
21870.png,2.0_6.0,4,37,47,78,41,43,2
21871.png,7.0,11,54,59,82,28,48,1
21872.png,2.0_3.0,43,150,109,228,78,66,2
21873.png,2.0_5.0_2.0,5,89,125,206,117,120,3
21874.png,2.0_2.0,4,70,75,124,54,71,2
21875.png,4.0_4.0_3.0,9,28,28,54,26,19,3
21876.png,8.0,16,58,45,72,14,29,1
21877.png,2.0_8.0,4,28,31,78,50,27,2
21878.png,3.0_6.0,3,27,33,52,25,30,2
21879.png,1.0_3.0_2.0_10.0,5,58,60,118,60,55,4
2188.png,5.0_4.0,5,21,33,50,29,28,2
21880.png,3.0_8.0,17,92,93,135,43,76,2
21881.png,4.0_1.0,3,23,34,56,33,31,2
21882.png,9.0,7,10,60,48,38,53,1
21883.png,2.0_3.0,5,42,53,76,34,48,2
21884.png,1.0_5.0,36,88,89,127,39,53,2
21885.png,9.0_5.0,4,42,52,81,39,48,2
21886.png,7.0_5.0_7.0,20,72,66,140,68,46,3
21887.png,2.0_6.0_8.0,7,28,31,59,31,24,3
21888.png,3.0_9.0,6,19,24,43,24,18,2
21889.png,1.0_6.0_8.0,1,43,44,92,49,43,3
2189.png,1.0,16,44,42,58,14,26,1
21890.png,1.0_6.0_4.0_1.0,6,37,38,101,64,32,4
21891.png,1.0_5.0_5.0_4.0,34,121,90,205,84,56,4
21892.png,1.0_2.0_2.0,15,54,55,96,42,40,3
21893.png,7.0_9.0,15,96,114,154,58,99,2
21894.png,1.0_1.0,6,35,46,60,25,40,2
21895.png,2.0_2.0_3.0,6,53,59,103,50,53,3
21896.png,1.0_6.0,2,13,18,32,19,16,2
21897.png,7.0_4.0,3,64,74,125,61,71,2
21898.png,2.0_2.0,1,31,42,78,47,41,2
21899.png,10.0,2,34,27,48,14,25,1
219.png,3.0_2.0_8.0,19,82,118,170,88,99,3
2190.png,1.0,7,55,57,76,21,50,1
21900.png,3.0_7.0,5,32,32,53,21,27,2
21901.png,5.0_5.0_5.0,11,46,34,74,28,23,3
21902.png,9.0_3.0_5.0,1,50,67,145,95,66,3
21903.png,2.0_5.0,45,134,82,179,45,37,2
21904.png,6.0,5,22,23,32,10,18,1
21905.png,4.0_5.0_1.0,0,67,77,148,81,77,3
21906.png,3.0,10,34,35,46,12,25,1
21907.png,5.0,10,35,33,45,10,23,1
21908.png,1.0_1.0_8.0,24,59,55,101,42,31,3
21909.png,1.0_2.0_2.0,15,57,56,118,61,41,3
2191.png,3.0_7.0,7,27,25,48,21,18,2
21910.png,7.0_5.0,7,29,35,52,23,28,2
21911.png,2.0,3,20,27,30,10,24,1
21912.png,6.0,8,30,31,41,11,23,1
21913.png,3.0_4.0,10,43,46,75,32,36,2
21914.png,4.0_2.0_2.0,2,19,25,53,34,23,3
21915.png,9.0_8.0,7,33,40,60,27,33,2
21916.png,4.0_2.0,3,24,28,45,21,25,2
21917.png,4.0_10.0_6.0,13,67,63,122,55,50,3
21918.png,2.0_3.0_7.0,2,16,17,32,16,15,3
21919.png,8.0_2.0,6,33,38,56,23,32,2
2192.png,1.0_1.0_2.0,10,41,38,83,42,28,3
21920.png,7.0_10.0,10,38,31,67,29,21,2
21921.png,3.0_4.0,1,16,16,33,17,15,2
21922.png,4.0_9.0,5,32,37,65,33,32,2
21923.png,1.0_9.0_2.0,1,20,24,53,33,23,3
21924.png,5.0_7.0,1,14,14,28,14,13,2
21925.png,1.0_2.0_3.0,9,39,39,75,36,30,3
21926.png,1.0_10.0_10.0,17,70,51,115,45,34,3
21927.png,2.0_8.0,5,19,20,35,16,15,2
21928.png,2.0_6.0,16,55,44,93,38,28,2
21929.png,9.0,3,18,28,33,15,25,1
2193.png,6.0_2.0,16,69,57,107,38,41,2
21930.png,6.0_6.0,1,22,28,55,33,27,2
21931.png,2.0_8.0,4,32,41,64,32,37,2
21932.png,2.0_7.0_6.0_3.0,67,122,117,210,88,50,4
21933.png,2.0_10.0,4,51,61,84,33,57,2
21934.png,4.0_8.0,17,57,66,103,46,49,2
21935.png,3.0_2.0,3,25,28,51,26,25,2
21936.png,7.0_2.0,17,66,49,99,33,32,2
21937.png,3.0_5.0,7,25,27,43,18,20,2
21938.png,2.0_7.0,2,21,26,46,25,24,2
21939.png,1.0_5.0,14,66,70,119,53,56,2
2194.png,2.0_3.0_5.0,5,42,50,106,64,45,3
21940.png,1.0,20,78,75,98,20,55,1
21941.png,3.0,3,14,18,29,15,15,1
21942.png,5.0,2,16,21,30,14,19,1
21943.png,5.0_8.0_1.0,84,174,132,256,82,48,3
21944.png,7.0_2.0,13,52,41,78,26,28,2
21945.png,6.0_7.0,10,66,50,92,26,40,2
21946.png,5.0,12,42,41,63,21,29,1
21947.png,8.0_5.0,5,49,64,107,58,59,2
21948.png,3.0_10.0,8,67,63,91,24,55,2
21949.png,2.0,9,61,62,99,38,53,1
2195.png,6.0_2.0_8.0,17,56,43,94,38,26,3
21950.png,2.0_3.0_4.0,45,70,71,107,37,26,3
21951.png,8.0_7.0,16,65,55,105,40,39,2
21952.png,3.0_7.0,3,34,44,70,36,41,2
21953.png,3.0_9.0_3.0,9,61,62,136,75,53,3
21954.png,7.0_7.0,6,31,34,56,25,28,2
21955.png,7.0_3.0,1,34,49,75,41,48,2
21956.png,1.0_5.0_4.0_3.0,1,18,18,47,29,17,4
21957.png,1.0_10.0_3.0,14,68,49,114,46,35,3
21958.png,5.0_3.0,9,36,30,57,21,21,2
21959.png,2.0_8.0_3.0_9.0,1,15,16,56,41,15,4
2196.png,8.0,23,99,93,145,46,70,1
21960.png,1.0_10.0_5.0,7,40,44,70,30,37,3
21961.png,1.0_10.0_1.0,2,23,26,55,32,24,3
21962.png,4.0_1.0,3,24,28,51,27,25,2
21963.png,2.0_9.0_7.0,12,51,44,91,40,32,3
21964.png,3.0_6.0,12,58,72,119,61,60,2
21965.png,6.0,11,44,40,63,19,29,1
21966.png,1.0_6.0,19,88,94,148,60,75,2
21967.png,3.0_5.0,7,40,38,79,39,31,2
21968.png,2.0_8.0,11,31,28,55,24,17,2
21969.png,1.0_9.0,9,38,37,63,25,28,2
2197.png,2.0_4.0_4.0_2.0,4,22,27,55,33,23,4
21970.png,1.0_10.0_1.0,9,33,33,63,30,24,3
21971.png,6.0_7.0,1,24,30,50,26,29,2
21972.png,6.0_5.0,5,30,34,54,24,29,2
21973.png,6.0_4.0,11,57,71,99,42,60,2
21974.png,2.0_9.0_1.0,17,52,50,103,51,33,3
21975.png,4.0_5.0,14,2,101,99,97,87,2
21976.png,1.0,11,58,42,74,16,31,1
21977.png,9.0_8.0,8,45,62,94,49,54,2
21978.png,4.0_2.0,67,190,138,256,66,71,2
21979.png,4.0,1,18,24,38,20,23,1
2198.png,6.0,29,101,97,149,48,68,1
21980.png,4.0,2,30,27,38,8,25,1
21981.png,5.0_2.0,1,16,28,37,21,27,2
21982.png,2.0_9.0,2,22,26,48,26,24,2
21983.png,7.0,13,41,41,69,28,28,1
21984.png,2.0_2.0,6,37,34,64,27,28,2
21985.png,2.0_4.0_10.0,2,14,17,34,20,15,3
21986.png,1.0_2.0,14,50,54,82,32,40,2
21987.png,1.0_10.0_4.0,3,27,29,52,25,26,3
21988.png,3.0_9.0,49,142,111,198,56,62,2
21989.png,7.0_3.0,6,31,38,58,27,32,2
2199.png,7.0_2.0,2,19,17,30,11,15,2
21990.png,9.0_9.0,21,98,85,156,58,64,2
21991.png,2.0_7.0,7,25,27,40,15,20,2
21992.png,7.0_1.0,4,27,24,45,18,20,2
21993.png,3.0_7.0,6,42,55,118,76,49,2
21994.png,1.0_9.0_3.0,8,38,44,93,55,36,3
21995.png,4.0_8.0,3,27,37,67,40,34,2
21996.png,7.0,1,47,46,73,26,45,1
21997.png,3.0_2.0,6,31,37,65,34,31,2
21998.png,2.0_3.0,4,17,24,38,21,20,2
21999.png,8.0_8.0,41,105,97,156,51,56,2
22.png,5.0_1.0_5.0,4,24,21,51,27,17,3
220.png,5.0_1.0,4,47,60,96,49,56,2
2200.png,1.0_9.0_3.0,39,94,73,133,39,34,3
22000.png,1.0_6.0_5.0,1,35,54,78,43,53,3
22001.png,2.0_4.0,5,30,30,60,30,25,2
22002.png,9.0_10.0,5,21,25,46,25,20,2
22003.png,2.0_10.0_5.0,56,109,79,137,28,23,3
22004.png,1.0_3.0,28,120,102,201,81,74,2
22005.png,3.0_2.0,3,31,39,67,36,36,2
22006.png,3.0_7.0_5.0,4,28,30,76,48,26,3
22007.png,1.0_2.0,1,26,34,47,21,33,2
22008.png,9.0_2.0_8.0,4,43,53,82,39,49,3
22009.png,9.0_7.0,3,20,20,35,15,17,2
2201.png,2.0_7.0,3,19,19,42,23,16,2
22010.png,5.0_2.0,6,28,29,52,24,23,2
22011.png,9.0,1,18,19,27,9,18,1
22012.png,3.0_6.0,11,84,109,178,94,98,2
22013.png,2.0_8.0_1.0,30,134,139,254,120,109,3
22014.png,1.0_7.0_4.0,4,18,16,36,18,12,3
22015.png,2.0_1.0_1.0,10,39,39,61,22,29,3
22016.png,5.0_2.0,7,41,39,71,30,32,2
22017.png,3.0_10.0_3.0,8,35,36,62,27,28,3
22018.png,3.0_2.0,3,29,34,58,29,31,2
22019.png,1.0_3.0,6,74,105,149,75,99,2
2202.png,7.0_3.0_6.0,7,40,34,61,21,27,3
22020.png,7.0_2.0_1.0,13,50,36,78,28,23,3
22021.png,1.0_1.0_10.0,6,40,46,91,51,40,3
22022.png,1.0_5.0,9,33,33,50,17,24,2
22023.png,2.0_1.0,2,31,41,60,29,39,2
22024.png,3.0_1.0_10.0_3.0,1,18,22,55,37,21,4
22025.png,8.0_3.0,14,49,60,77,28,46,2
22026.png,6.0_2.0,2,30,35,62,32,33,2
22027.png,2.0_7.0_9.0,1,79,97,181,102,96,3
22028.png,1.0_7.0,6,42,54,82,40,48,2
22029.png,8.0_4.0,3,32,42,66,34,39,2
2203.png,2.0,1,14,17,23,9,16,1
22030.png,1.0_3.0_2.0,19,58,68,99,41,49,3
22031.png,1.0_7.0,5,22,26,39,17,21,2
22032.png,4.0_2.0,1,19,19,36,17,18,2
22033.png,6.0_5.0,7,39,50,83,44,43,2
22034.png,1.0_1.0,19,77,54,103,26,35,2
22035.png,3.0_7.0_4.0,10,31,38,77,46,28,3
22036.png,1.0_9.0,13,74,93,129,55,80,2
22037.png,7.0_8.0,8,73,92,146,73,84,2
22038.png,1.0_1.0_4.0,3,24,24,58,34,21,3
22039.png,7.0_1.0,5,24,29,53,29,24,2
2204.png,4.0_10.0,12,86,109,176,90,97,2
22040.png,5.0_7.0,3,20,32,42,22,29,2
22041.png,4.0_4.0,5,20,28,35,15,23,2
22042.png,1.0_5.0,2,19,17,29,10,15,2
22043.png,6.0_5.0_10.0,24,74,97,129,55,73,3
22044.png,2.0_8.0,1,20,24,42,22,23,2
22045.png,4.0_1.0,21,90,76,139,49,55,2
22046.png,2.0,5,22,19,31,9,14,1
22047.png,1.0_6.0_5.0_10.0,10,102,40,149,47,30,4
22048.png,2.0,4,34,35,52,18,31,1
22049.png,2.0_10.0_2.0_10.0,9,40,34,99,59,25,4
2205.png,1.0_6.0_4.0,12,37,42,78,41,30,3
22050.png,2.0_8.0,1,25,28,47,22,27,2
22051.png,2.0_10.0_6.0,12,64,64,130,66,52,3
22052.png,2.0_10.0_6.0,2,76,47,129,53,45,3
22053.png,3.0_3.0,1,18,17,34,16,16,2
22054.png,1.0_1.0_1.0,27,107,105,202,95,78,3
22055.png,1.0_5.0,11,46,50,74,28,39,2
22056.png,3.0_10.0,5,47,62,130,83,57,2
22057.png,2.0_9.0,1,17,21,35,18,20,2
22058.png,1.0_10.0,1,2,27,33,31,26,2
22059.png,3.0,8,47,54,82,35,46,1
2206.png,3.0_2.0_4.0,11,59,51,103,44,40,3
22060.png,9.0_1.0,5,55,39,83,28,34,2
22061.png,1.0_8.0_6.0,1,30,42,80,50,41,3
22062.png,4.0_4.0,7,39,48,75,36,41,2
22063.png,2.0_3.0_9.0_10.0,1,16,17,50,34,16,4
22064.png,2.0,9,38,36,55,17,27,1
22065.png,1.0_5.0_9.0,5,35,34,72,37,29,3
22066.png,1.0_10.0_4.0,15,91,106,274,183,91,3
22067.png,2.0_9.0,1,26,31,51,25,30,2
22068.png,9.0_5.0,11,38,34,56,18,23,2
22069.png,1.0_8.0,9,38,36,63,25,27,2
2207.png,2.0_4.0,7,26,25,38,12,18,2
22070.png,1.0_8.0,6,31,31,49,18,25,2
22071.png,8.0_4.0,2,13,14,30,17,12,2
22072.png,2.0_2.0,6,23,31,47,24,25,2
22073.png,3.0_7.0,1,72,103,152,80,102,2
22074.png,2.0_6.0,3,13,16,24,11,13,2
22075.png,9.0,6,61,77,101,40,71,1
22076.png,4.0_10.0_4.0_5.0,1,12,14,45,33,13,4
22077.png,1.0_6.0_1.0,9,27,49,92,65,40,3
22078.png,2.0_8.0,5,52,62,107,55,57,2
22079.png,4.0_6.0,12,53,49,74,21,37,2
2208.png,8.0,7,37,40,50,13,33,1
22080.png,8.0_7.0,22,91,111,160,69,89,2
22081.png,9.0_6.0,8,40,42,71,31,34,2
22082.png,1.0_10.0_4.0,7,48,54,109,61,47,3
22083.png,2.0_9.0_5.0,13,45,47,99,54,34,3
22084.png,5.0_7.0,6,34,26,47,13,20,2
22085.png,2.0_2.0,3,24,25,42,18,22,2
22086.png,3.0_9.0,13,53,65,98,45,52,2
22087.png,5.0_10.0,4,21,26,33,12,22,2
22088.png,4.0_1.0,8,43,44,79,36,36,2
22089.png,1.0_4.0,2,22,24,42,20,22,2
2209.png,4.0_4.0,5,44,54,98,54,49,2
22090.png,2.0_3.0_6.0,14,163,84,271,108,70,3
22091.png,2.0_9.0,1,30,36,48,18,35,2
22092.png,1.0_4.0_5.0,9,23,50,78,55,41,3
22093.png,4.0_5.0,2,26,32,58,32,30,2
22094.png,1.0_1.0_3.0,2,57,72,117,60,70,3
22095.png,3.0_10.0,1,17,21,30,13,20,2
22096.png,2.0_5.0,4,22,21,40,18,17,2
22097.png,1.0,7,25,24,30,5,17,1
22098.png,2.0_9.0,10,52,54,94,42,44,2
22099.png,7.0_9.0,14,49,53,95,46,39,2
221.png,1.0_5.0_7.0,4,25,31,57,32,27,3
2210.png,4.0_10.0,10,54,53,96,42,43,2
22100.png,7.0,1,17,16,26,9,15,1
22101.png,3.0_3.0,1,17,20,33,16,19,2
22102.png,5.0_9.0,15,58,38,76,18,23,2
22103.png,5.0_10.0,9,45,39,79,34,30,2
22104.png,1.0_5.0_8.0,18,70,73,100,30,55,3
22105.png,6.0_8.0_3.0,11,35,38,71,36,27,3
22106.png,3.0,8,39,31,50,11,23,1
22107.png,5.0_2.0,9,49,61,83,34,52,2
22108.png,1.0_3.0_3.0,22,45,46,77,32,24,3
22109.png,7.0_6.0,6,24,27,49,25,21,2
2211.png,8.0_6.0,1,16,24,31,15,23,2
22110.png,2.0_3.0_4.0_7.0,2,20,22,58,38,20,4
22111.png,4.0_5.0,1,18,27,49,31,26,2
22112.png,1.0_9.0,20,103,132,201,98,112,2
22113.png,3.0_9.0,8,32,35,60,28,27,2
22114.png,1.0_10.0,3,46,62,105,59,59,2
22115.png,5.0_6.0,5,28,32,61,33,27,2
22116.png,8.0,5,23,25,34,11,20,1
22117.png,4.0,13,74,69,99,25,56,1
22118.png,1.0_1.0,1,27,27,47,20,26,2
22119.png,3.0_1.0,5,23,28,36,13,23,2
2212.png,3.0_8.0_8.0,20,84,61,118,34,41,3
22120.png,7.0_9.0_2.0,54,126,126,241,115,72,3
22121.png,1.0_2.0,2,12,14,28,16,12,2
22122.png,4.0_4.0,5,36,48,76,40,43,2
22123.png,2.0_5.0_5.0_10.0,42,112,99,186,74,57,4
22124.png,1.0_10.0_5.0,7,36,34,76,40,27,3
22125.png,8.0_9.0,1,17,24,32,15,23,2
22126.png,6.0_7.0,7,33,38,59,26,31,2
22127.png,5.0_2.0,10,53,67,97,44,57,2
22128.png,3.0_10.0,18,54,52,83,29,34,2
22129.png,1.0_2.0,7,36,42,68,32,35,2
2213.png,2.0_1.0,2,32,40,64,32,38,2
22130.png,3.0_5.0,5,34,31,60,26,26,2
22131.png,9.0_5.0,33,102,95,150,48,62,2
22132.png,2.0_6.0,1,14,19,35,21,18,2
22133.png,1.0,8,33,25,41,8,17,1
22134.png,4.0_9.0,1,29,37,60,31,36,2
22135.png,3.0_3.0,7,42,34,84,42,27,2
22136.png,1.0_9.0_8.0,23,61,58,101,40,35,3
22137.png,1.0_5.0_2.0,6,19,21,40,21,15,3
22138.png,1.0_7.0_6.0,4,23,42,68,45,38,3
22139.png,8.0_1.0,29,90,71,120,30,42,2
2214.png,8.0_1.0,9,28,30,46,18,21,2
22140.png,2.0_1.0,4,26,32,43,17,28,2
22141.png,1.0_6.0,12,47,37,86,39,25,2
22142.png,5.0_8.0,1,23,21,38,15,20,2
22143.png,2.0_8.0,4,38,47,87,49,43,2
22144.png,1.0_2.0,4,22,20,40,18,16,2
22145.png,7.0_9.0,4,37,48,94,57,44,2
22146.png,2.0_10.0,8,30,30,52,22,22,2
22147.png,3.0_1.0,3,17,20,29,12,17,2
22148.png,2.0_5.0,3,22,20,35,13,17,2
22149.png,1.0_8.0,20,110,150,195,85,130,2
2215.png,9.0_6.0_4.0,8,39,70,112,73,62,3
22150.png,1.0,5,42,55,69,27,50,1
22151.png,3.0,7,36,33,51,15,26,1
22152.png,4.0_5.0_10.0,21,66,49,102,36,28,3
22153.png,1.0_5.0,5,53,72,98,45,67,2
22154.png,3.0_2.0,3,25,28,48,23,25,2
22155.png,1.0_9.0_7.0,54,146,92,195,49,38,3
22156.png,1.0_2.0_7.0,11,61,71,100,39,60,3
22157.png,1.0_9.0_10.0,19,44,40,68,24,21,3
22158.png,1.0_2.0_10.0_10.0,116,217,145,266,49,29,4
22159.png,1.0_3.0_4.0,10,50,56,118,68,46,3
2216.png,7.0,1,28,36,45,17,35,1
22160.png,3.0,5,53,53,69,16,48,1
22161.png,9.0_3.0,3,17,23,34,17,20,2
22162.png,4.0_2.0,3,29,24,51,22,21,2
22163.png,8.0,6,60,44,76,16,38,1
22164.png,2.0_4.0,4,40,59,106,66,55,2
22165.png,3.0_8.0_9.0,7,57,50,126,69,43,3
22166.png,1.0_4.0_1.0,16,97,95,154,57,79,3
22167.png,5.0_9.0,5,40,54,95,55,49,2
22168.png,2.0_4.0,10,75,77,134,59,67,2
22169.png,9.0_9.0,16,88,89,166,78,73,2
2217.png,2.0_10.0,8,47,40,78,31,32,2
22170.png,3.0_5.0,5,35,40,67,32,35,2
22171.png,2.0_1.0_6.0,5,37,39,76,39,34,3
22172.png,1.0_4.0_10.0,14,67,58,109,42,44,3
22173.png,1.0_4.0_9.0,14,104,41,135,31,27,3
22174.png,9.0_8.0,2,21,19,39,18,17,2
22175.png,8.0_1.0_4.0,70,170,128,234,64,58,3
22176.png,1.0_2.0_5.0,3,39,52,90,51,49,3
22177.png,1.0_3.0,1,19,22,31,12,21,2
22178.png,1.0_9.0_9.0_1.0,3,19,21,57,38,18,4
22179.png,9.0_9.0,6,22,29,46,24,23,2
2218.png,2.0_1.0,1,7,76,91,84,75,2
22180.png,10.0,0,51,35,73,22,35,1
22181.png,9.0,4,26,26,38,12,22,1
22182.png,1.0_7.0_2.0,27,82,59,125,43,32,3
22183.png,3.0,2,36,15,45,9,13,1
22184.png,3.0,4,8,17,14,6,13,1
22185.png,1.0_10.0,7,46,60,75,29,53,2
22186.png,1.0_3.0,6,43,47,69,26,41,2
22187.png,2.0_4.0,1,26,25,48,22,24,2
22188.png,8.0_8.0_9.0_6.0,16,65,54,125,60,38,4
22189.png,1.0_1.0_10.0,13,68,70,126,58,57,3
2219.png,1.0_1.0,8,28,35,100,72,27,2
22190.png,2.0_5.0_6.0,1,21,25,51,30,24,3
22191.png,5.0_4.0_1.0,9,29,44,85,56,35,3
22192.png,6.0_3.0,1,26,30,55,29,29,2
22193.png,9.0,4,44,32,58,14,28,1
22194.png,2.0_3.0,30,82,102,171,89,72,2
22195.png,1.0_6.0_10.0,5,42,65,109,67,60,3
22196.png,3.0_3.0_2.0,21,43,51,68,25,30,3
22197.png,4.0_3.0,22,103,116,218,115,94,2
22198.png,3.0_6.0,7,23,28,47,24,21,2
22199.png,4.0_7.0,7,26,27,47,21,20,2
222.png,2.0,4,23,23,32,9,19,1
2220.png,6.0_2.0,1,17,21,30,13,20,2
22200.png,2.0_5.0_2.0,108,136,155,206,70,47,3
22201.png,1.0_4.0_6.0,2,19,22,45,26,20,3
22202.png,3.0_2.0,19,114,132,230,116,113,2
22203.png,3.0_1.0,11,45,52,83,38,41,2
22204.png,9.0_5.0,14,107,141,186,79,127,2
22205.png,2.0_6.0,5,33,46,80,47,41,2
22206.png,1.0_6.0,5,26,35,56,30,30,2
22207.png,8.0_8.0,3,28,31,58,30,28,2
22208.png,6.0_3.0,1,22,24,43,21,23,2
22209.png,7.0_3.0,18,66,56,114,48,38,2
2221.png,1.0_10.0_10.0,5,21,22,41,20,17,3
22210.png,1.0_1.0,1,49,59,71,22,58,2
22211.png,5.0_3.0,8,34,41,63,29,33,2
22212.png,2.0_7.0_6.0,20,62,48,109,47,28,3
22213.png,7.0,7,29,33,41,12,26,1
22214.png,6.0_2.0,16,89,101,185,96,85,2
22215.png,7.0_8.0_7.0,6,37,36,88,51,30,3
22216.png,7.0_6.0,8,43,48,69,26,40,2
22217.png,7.0_3.0_10.0,43,202,136,308,106,93,3
22218.png,1.0_8.0,5,39,40,87,48,35,2
22219.png,1.0_9.0_1.0,5,47,57,88,41,52,3
2222.png,3.0_3.0,13,64,63,130,66,50,2
22220.png,2.0_9.0,5,27,37,48,21,32,2
22221.png,3.0_2.0,1,19,16,31,12,15,2
22222.png,1.0_8.0,11,40,33,66,26,22,2
22223.png,3.0_1.0_4.0,12,58,44,107,49,32,3
22224.png,5.0_3.0,21,86,98,151,65,77,2
22225.png,3.0_1.0_10.0,1,36,51,95,59,50,3
22226.png,1.0_1.0_8.0,18,86,44,116,30,26,3
22227.png,5.0_4.0,3,18,26,38,20,23,2
22228.png,1.0_8.0,1,21,28,44,23,27,2
22229.png,3.0_3.0,1,11,17,26,15,16,2
2223.png,9.0_7.0,2,26,28,55,29,26,2
22230.png,2.0_5.0,12,67,81,109,42,69,2
22231.png,2.0_5.0_8.0,2,24,29,70,46,27,3
22232.png,7.0_7.0,3,17,19,33,16,16,2
22233.png,9.0_2.0,11,52,39,81,29,28,2
22234.png,3.0_6.0,3,20,25,41,21,22,2
22235.png,9.0_7.0,13,36,31,57,21,18,2
22236.png,5.0_10.0,4,25,32,55,30,28,2
22237.png,9.0,1,22,25,37,15,24,1
22238.png,2.0_10.0,7,39,45,68,29,38,2
22239.png,4.0_7.0,5,40,44,85,45,39,2
2224.png,2.0_8.0,12,40,34,60,20,22,2
22240.png,3.0_6.0,7,49,68,110,61,61,2
22241.png,9.0_6.0,3,23,30,43,20,27,2
22242.png,1.0_10.0_4.0,28,90,58,134,44,30,3
22243.png,1.0_2.0_10.0,37,117,123,223,106,86,3
22244.png,1.0_5.0,4,18,21,33,15,17,2
22245.png,4.0_3.0_7.0,1,19,18,36,17,17,3
22246.png,2.0_7.0_10.0,32,190,115,268,78,83,3
22247.png,3.0_10.0,2,25,28,43,18,26,2
22248.png,1.0_3.0_5.0,49,137,78,174,37,29,3
22249.png,6.0,1,20,19,29,9,18,1
2225.png,3.0_7.0,2,17,17,29,12,15,2
22250.png,4.0_2.0,1,36,45,81,45,44,2
22251.png,7.0_10.0,12,36,37,60,24,25,2
22252.png,1.0_3.0,5,41,49,69,28,44,2
22253.png,7.0_9.0,1,15,19,31,16,18,2
22254.png,1.0_5.0_3.0,13,53,56,94,41,43,3
22255.png,3.0_5.0,5,30,35,71,41,30,2
22256.png,9.0,2,21,22,36,15,20,1
22257.png,2.0,7,41,32,53,12,25,1
22258.png,2.0_6.0,7,32,33,61,29,26,2
22259.png,4.0_1.0,39,115,69,145,30,30,2
2226.png,3.0_4.0_5.0,10,37,30,60,23,20,3
22260.png,6.0,1,20,25,30,10,24,1
22261.png,1.0_1.0_9.0,6,37,37,59,22,31,3
22262.png,3.0,3,38,49,66,28,46,1
22263.png,3.0_5.0,2,31,34,64,33,32,2
22264.png,4.0_7.0,13,62,65,108,46,52,2
22265.png,5.0_10.0,2,20,15,32,12,13,2
22266.png,3.0,6,38,43,54,16,37,1
22267.png,9.0,2,24,16,33,9,14,1
22268.png,2.0_10.0,2,18,18,32,14,16,2
22269.png,2.0_4.0_2.0,18,104,97,197,93,79,3
2227.png,1.0_6.0_3.0_1.0,11,56,60,121,65,49,4
22270.png,1.0_4.0,3,20,20,32,12,17,2
22271.png,2.0_5.0_3.0,17,50,54,99,49,37,3
22272.png,1.0_6.0_10.0,44,139,115,258,119,71,3
22273.png,1.0_1.0_2.0,5,32,38,70,38,33,3
22274.png,1.0_6.0,9,134,55,163,29,46,2
22275.png,9.0_2.0,3,22,28,52,30,25,2
22276.png,3.0_7.0,1,19,26,39,20,25,2
22277.png,8.0,3,33,29,47,14,26,1
22278.png,4.0_6.0_1.0,24,102,64,141,39,40,3
22279.png,8.0_3.0,6,28,29,61,33,23,2
2228.png,9.0_5.0_10.0,2,37,36,80,43,34,3
22280.png,1.0_3.0_10.0,2,39,41,83,44,39,3
22281.png,1.0_2.0,2,28,28,43,15,26,2
22282.png,2.0_1.0,7,56,67,108,52,60,2
22283.png,3.0_2.0,11,32,27,41,9,16,2
22284.png,2.0,10,41,36,70,29,26,1
22285.png,1.0_1.0,4,70,89,136,66,85,2
22286.png,2.0_1.0_10.0_1.0,2,11,14,38,27,12,4
22287.png,1.0_5.0_4.0,5,27,28,48,21,23,3
22288.png,9.0,8,44,54,70,26,46,1
22289.png,1.0_10.0,9,36,30,64,28,21,2
2229.png,2.0_10.0_5.0,1,26,29,75,49,28,3
22290.png,6.0_7.0,15,75,70,126,51,55,2
22291.png,5.0_1.0_10.0,56,84,115,155,71,59,3
22292.png,6.0_5.0,3,19,21,43,24,18,2
22293.png,2.0,3,52,58,71,19,55,1
22294.png,9.0_8.0,6,41,45,72,31,39,2
22295.png,2.0_4.0_9.0,1,27,29,60,33,28,3
22296.png,1.0_7.0_4.0,1,11,13,28,17,12,3
22297.png,1.0_5.0_8.0,8,49,44,93,44,36,3
22298.png,4.0,5,33,34,46,13,29,1
22299.png,1.0_1.0,12,78,95,152,74,83,2
223.png,1.0_9.0_10.0,3,23,24,51,28,21,3
2230.png,2.0_6.0_5.0,13,66,69,129,63,56,3
22300.png,3.0_2.0_6.0,15,27,63,102,75,48,3
22301.png,1.0_1.0,48,103,72,122,19,24,2
22302.png,1.0_5.0,11,1,85,54,53,74,2
22303.png,1.0_10.0_6.0,10,48,52,92,44,42,3
22304.png,2.0_3.0_5.0,22,67,59,120,53,37,3
22305.png,2.0_8.0_2.0,13,69,70,166,97,57,3
22306.png,9.0_6.0_10.0,12,45,37,75,30,25,3
22307.png,6.0_4.0_10.0,4,17,24,48,31,20,3
22308.png,2.0_2.0_1.0_1.0,24,212,83,308,96,59,4
22309.png,5.0,4,23,26,37,14,22,1
2231.png,2.0_4.0,24,94,83,142,48,59,2
22310.png,1.0_2.0_7.0,5,21,24,41,20,19,3
22311.png,3.0_5.0,2,38,50,82,44,48,2
22312.png,9.0,5,31,32,50,19,27,1
22313.png,4.0_6.0,12,50,49,82,32,37,2
22314.png,1.0_6.0_5.0,17,74,68,121,47,51,3
22315.png,7.0_2.0,5,20,25,37,17,20,2
22316.png,1.0_3.0_3.0,1,17,18,38,21,17,3
22317.png,2.0_6.0_10.0,11,57,72,131,74,61,3
22318.png,5.0_5.0,12,114,105,195,81,93,2
22319.png,4.0_7.0,6,37,45,80,43,39,2
2232.png,2.0_9.0_6.0,10,51,64,114,63,54,3
22320.png,3.0,17,58,67,89,31,50,1
22321.png,9.0,5,44,36,55,11,31,1
22322.png,5.0_3.0,3,41,59,91,50,56,2
22323.png,9.0,1,32,42,52,20,41,1
22324.png,2.0_5.0,5,30,30,59,29,25,2
22325.png,7.0_6.0,8,44,51,71,27,43,2
22326.png,1.0,1,18,23,28,10,22,1
22327.png,6.0_1.0_2.0,12,60,56,99,39,44,3
22328.png,5.0_10.0,13,66,74,105,39,61,2
22329.png,1.0_4.0,4,19,25,36,17,21,2
2233.png,3.0_4.0_1.0,10,49,45,89,40,35,3
22330.png,6.0_6.0,5,36,34,66,30,29,2
22331.png,2.0_2.0_6.0_7.0,1,9,12,33,24,11,4
22332.png,4.0,5,19,21,27,8,16,1
22333.png,10.0,43,139,150,150,11,107,1
22334.png,2.0_2.0,16,116,71,160,44,55,2
22335.png,1.0_4.0_10.0,23,88,62,140,52,39,3
22336.png,5.0,6,27,25,39,12,19,1
22337.png,2.0_8.0_5.0,3,30,36,81,51,33,3
22338.png,4.0_7.0_4.0,1,19,26,49,30,25,3
22339.png,1.0_2.0_3.0,15,47,45,72,25,30,3
2234.png,4.0_7.0,5,42,45,71,29,40,2
22340.png,2.0_1.0_7.0,15,42,33,61,19,18,3
22341.png,2.0,2,26,19,39,13,17,1
22342.png,5.0_2.0,5,30,33,61,31,28,2
22343.png,4.0_5.0,11,54,55,98,44,44,2
22344.png,1.0_5.0,11,53,46,87,34,35,2
22345.png,1.0_2.0_8.0,1,18,21,48,30,20,3
22346.png,9.0_2.0,11,56,64,92,36,53,2
22347.png,5.0_6.0,17,63,64,111,48,47,2
22348.png,1.0_2.0_5.0,14,46,34,69,23,20,3
22349.png,2.0,1,30,23,40,10,22,1
2235.png,3.0_8.0,4,27,35,59,32,31,2
22350.png,1.0_7.0_7.0,3,16,26,43,27,23,3
22351.png,1.0_7.0,4,23,31,42,19,27,2
22352.png,7.0_1.0,18,70,47,88,18,29,2
22353.png,4.0_10.0,12,48,60,92,44,48,2
22354.png,9.0_1.0_8.0,10,53,49,106,53,39,3
22355.png,1.0_7.0,1,18,17,35,17,16,2
22356.png,7.0_2.0,7,1,168,163,162,161,2
22357.png,2.0_8.0_6.0,2,17,23,45,28,21,3
22358.png,9.0,4,35,41,58,23,37,1
22359.png,3.0_4.0,4,34,48,83,49,44,2
2236.png,5.0_5.0,7,36,39,67,31,32,2
22360.png,7.0_1.0,11,55,76,108,53,65,2
22361.png,2.0_3.0,5,18,19,31,13,14,2
22362.png,2.0_7.0,17,65,77,111,46,60,2
22363.png,2.0_2.0_6.0_8.0,14,44,33,86,42,19,4
22364.png,5.0_8.0,2,35,41,71,36,39,2
22365.png,3.0_7.0_6.0,6,40,48,78,38,42,3
22366.png,5.0_2.0,2,21,26,46,25,24,2
22367.png,1.0_1.0_1.0,5,22,27,45,23,22,3
22368.png,2.0_3.0,2,31,29,59,28,27,2
22369.png,1.0_7.0,5,19,25,35,16,20,2
2237.png,4.0_2.0,7,39,46,79,40,39,2
22370.png,2.0_6.0_6.0,3,18,25,46,28,22,3
22371.png,1.0_5.0_3.0,9,51,59,115,64,50,3
22372.png,2.0_4.0_1.0_4.0,2,12,20,37,25,18,4
22373.png,4.0,75,275,197,349,74,122,1
22374.png,2.0_9.0_10.0,142,254,192,328,74,50,3
22375.png,7.0_5.0_1.0,9,46,43,102,56,34,3
22376.png,3.0_1.0_3.0,9,43,37,71,28,28,3
22377.png,1.0_1.0,3,27,28,47,20,25,2
22378.png,5.0_4.0,6,33,33,61,28,27,2
22379.png,5.0_10.0_3.0,12,51,43,99,48,31,3
2238.png,1.0,6,29,28,41,12,22,1
22380.png,2.0_2.0_6.0,14,64,51,107,43,37,3
22381.png,2.0_8.0,29,85,73,137,52,44,2
22382.png,8.0,5,41,45,63,22,40,1
22383.png,1.0_8.0_4.0,19,110,39,138,28,20,3
22384.png,7.0_8.0,8,47,48,99,52,40,2
22385.png,3.0_4.0,1,19,26,48,29,25,2
22386.png,1.0_3.0,55,134,141,186,52,86,2
22387.png,3.0_4.0_2.0,18,69,85,180,111,67,3
22388.png,4.0_4.0_7.0,1,17,23,40,23,22,3
22389.png,8.0,9,39,43,56,17,34,1
2239.png,5.0_8.0_10.0,14,53,50,90,37,36,3
22390.png,5.0,9,34,35,48,14,26,1
22391.png,2.0_9.0,5,27,35,46,19,30,2
22392.png,1.0,11,58,53,71,13,42,1
22393.png,1.0_6.0_3.0,7,41,61,84,43,54,3
22394.png,4.0_7.0,23,38,120,150,112,97,2
22395.png,1.0_10.0_8.0,14,64,79,115,51,65,3
22396.png,6.0_2.0,8,56,62,112,56,54,2
22397.png,4.0_6.0,2,16,19,30,14,17,2
22398.png,6.0,6,31,25,46,15,19,1
22399.png,2.0_3.0,4,72,90,141,69,86,2
224.png,6.0_8.0,14,48,56,86,38,42,2
2240.png,2.0_2.0,3,32,40,61,29,37,2
22400.png,6.0_8.0,1,24,25,45,21,24,2
22401.png,3.0_5.0,43,130,90,186,56,47,2
22402.png,1.0_7.0,6,18,23,29,11,17,2
22403.png,1.0_10.0,19,75,52,105,30,33,2
22404.png,4.0_4.0,1,30,28,52,22,27,2
22405.png,9.0_4.0,5,24,26,46,22,21,2
22406.png,3.0_5.0,8,27,34,48,21,26,2
22407.png,5.0_2.0_6.0,4,28,33,56,28,29,3
22408.png,3.0_5.0,4,26,29,45,19,25,2
22409.png,4.0_9.0,2,19,23,41,22,21,2
2241.png,3.0_10.0,11,40,35,59,19,24,2
22410.png,2.0_8.0,7,40,48,72,32,41,2
22411.png,5.0,4,23,25,35,12,21,1
22412.png,2.0_10.0_10.0,19,77,65,152,75,46,3
22413.png,2.0_4.0_7.0_4.0,9,29,34,73,44,25,4
22414.png,5.0_4.0,15,73,47,109,36,32,2
22415.png,1.0_10.0_7.0_2.0,5,23,37,72,49,32,4
22416.png,1.0_9.0,1,24,34,60,36,33,2
22417.png,3.0_2.0,4,37,58,88,51,54,2
22418.png,1.0_7.0_8.0_8.0,1,17,18,53,36,17,4
22419.png,6.0_4.0,5,42,47,68,26,42,2
2242.png,4.0_3.0_10.0,14,95,120,235,140,106,3
22420.png,6.0_7.0_7.0,8,45,52,113,68,44,3
22421.png,5.0_5.0,9,36,29,51,15,20,2
22422.png,7.0_10.0,15,97,121,194,97,106,2
22423.png,4.0_4.0,4,20,21,42,22,17,2
22424.png,3.0_1.0,13,74,90,132,58,77,2
22425.png,3.0_9.0,13,45,39,73,28,26,2
22426.png,9.0_1.0,8,43,58,104,61,50,2
22427.png,5.0_1.0,2,32,38,78,46,36,2
22428.png,3.0_5.0_5.0,10,42,44,93,51,34,3
22429.png,1.0_2.0_6.0,7,25,26,55,30,19,3
2243.png,1.0_9.0_10.0,31,112,131,230,118,100,3
22430.png,1.0,1,15,16,21,6,15,1
22431.png,1.0,4,20,24,28,8,20,1
22432.png,5.0_9.0,1,27,38,72,45,37,2
22433.png,1.0_10.0,5,32,35,68,36,30,2
22434.png,2.0_3.0,9,43,34,60,17,25,2
22435.png,2.0_7.0_7.0,2,14,14,30,16,12,3
22436.png,3.0_1.0_2.0,5,63,56,148,85,51,3
22437.png,6.0_4.0_10.0,11,42,37,72,30,26,3
22438.png,8.0_5.0,3,35,43,60,25,40,2
22439.png,5.0_10.0,1,23,30,54,31,29,2
2244.png,5.0_2.0,3,28,38,60,32,35,2
22440.png,1.0_3.0,6,30,42,50,20,36,2
22441.png,1.0_4.0_10.0,5,58,66,140,82,61,3
22442.png,1.0_10.0_6.0,3,0,20,24,24,17,3
22443.png,2.0_1.0_8.0,17,14,63,68,54,46,3
22444.png,2.0_1.0_6.0,13,59,67,160,101,54,3
22445.png,9.0_2.0,6,40,52,87,47,46,2
22446.png,1.0_6.0_3.0,13,51,40,90,39,27,3
22447.png,5.0_8.0,14,99,53,132,33,39,2
22448.png,3.0_8.0_5.0_3.0,22,99,102,180,81,80,4
22449.png,1.0_3.0_7.0_8.0,3,40,51,121,81,48,4
2245.png,1.0_2.0_1.0,13,48,34,79,31,21,3
22450.png,4.0,1,28,18,36,8,17,1
22451.png,6.0_5.0_8.0,20,78,68,166,88,48,3
22452.png,2.0_2.0,17,50,59,102,52,42,2
22453.png,3.0_1.0,7,48,57,93,45,50,2
22454.png,4.0_9.0,1,19,29,51,32,28,2
22455.png,2.0_4.0,1,17,23,44,27,22,2
22456.png,2.0,1,15,17,24,9,16,1
22457.png,6.0,6,35,36,47,12,30,1
22458.png,1.0_10.0_8.0,8,40,38,93,53,30,3
22459.png,1.0_6.0_10.0,13,49,44,88,39,31,3
2246.png,1.0_7.0_6.0_2.0,1,17,19,55,38,18,4
22460.png,1.0_2.0,1,26,29,44,18,28,2
22461.png,2.0_1.0_1.0,22,91,50,117,26,28,3
22462.png,1.0_3.0_10.0,1,29,40,86,57,39,3
22463.png,7.0_2.0,4,36,47,72,36,43,2
22464.png,1.0_3.0,5,28,36,48,20,31,2
22465.png,6.0_2.0,4,32,38,72,40,34,2
22466.png,5.0,7,28,32,43,15,25,1
22467.png,8.0_4.0,3,26,28,46,20,25,2
22468.png,6.0,1,26,32,46,20,31,1
22469.png,5.0_10.0_5.0_10.0,15,64,35,105,41,20,4
2247.png,4.0_2.0,6,28,31,48,20,25,2
22470.png,1.0_1.0,10,47,43,69,22,33,2
22471.png,2.0_10.0,3,18,20,34,16,17,2
22472.png,3.0,4,31,39,45,14,35,1
22473.png,1.0_2.0_4.0,4,36,40,73,37,36,3
22474.png,7.0_9.0,2,18,23,40,22,21,2
22475.png,2.0_6.0_8.0,1,18,21,37,19,20,3
22476.png,1.0_3.0,5,37,51,69,32,46,2
22477.png,9.0_7.0,15,66,44,88,22,29,2
22478.png,4.0_8.0,14,92,112,204,112,98,2
22479.png,1.0_6.0_2.0,4,33,39,73,40,35,3
2248.png,4.0_3.0,1,24,37,59,35,36,2
22480.png,3.0_9.0,15,78,102,190,112,87,2
22481.png,1.0_3.0,4,30,35,51,21,31,2
22482.png,5.0_5.0_7.0,17,70,58,127,57,41,3
22483.png,5.0_8.0,25,88,64,130,42,39,2
22484.png,2.0_8.0_8.0,1,16,19,41,25,18,3
22485.png,5.0_10.0,2,33,31,63,30,29,2
22486.png,3.0_2.0,12,48,37,75,27,25,2
22487.png,1.0_8.0,8,54,74,116,62,66,2
22488.png,1.0_1.0_2.0,5,22,27,57,35,22,3
22489.png,2.0_10.0_8.0,8,31,27,57,26,19,3
2249.png,4.0_8.0,9,32,37,57,25,28,2
22490.png,1.0_2.0,3,13,15,23,10,12,2
22491.png,8.0,3,20,24,34,14,21,1
22492.png,5.0_10.0,17,106,142,227,121,125,2
22493.png,6.0_1.0_6.0,9,47,49,97,50,40,3
22494.png,2.0_4.0,16,69,76,113,44,60,2
22495.png,1.0_3.0_4.0,3,27,33,57,30,30,3
22496.png,1.0_10.0_1.0_1.0,4,28,38,64,36,34,4
22497.png,4.0_7.0,7,24,21,37,13,14,2
22498.png,1.0_5.0_7.0,10,41,38,84,43,28,3
22499.png,2.0_3.0,1,18,20,29,11,19,2
225.png,2.0,10,41,32,51,10,22,1
2250.png,1.0_4.0_8.0,7,46,54,111,65,47,3
22500.png,5.0,2,18,22,29,11,20,1
22501.png,3.0_1.0,1,18,24,37,19,23,2
22502.png,2.0_6.0_1.0,11,51,39,87,36,28,3
22503.png,2.0_8.0,8,23,21,39,16,13,2
22504.png,5.0_3.0,2,22,22,38,16,20,2
22505.png,4.0_10.0_10.0,3,20,27,59,39,24,3
22506.png,8.0_9.0,6,29,34,66,37,28,2
22507.png,7.0,12,35,50,55,20,38,1
22508.png,2.0,14,54,51,74,20,37,1
22509.png,8.0_6.0,4,25,29,63,38,25,2
2251.png,5.0_1.0,1,21,22,37,16,21,2
22510.png,4.0_2.0,18,72,73,144,72,55,2
22511.png,1.0_5.0,49,138,181,283,145,132,2
22512.png,3.0_4.0_4.0,9,45,45,103,58,36,3
22513.png,2.0,9,45,52,74,29,43,1
22514.png,3.0_2.0,5,48,57,107,59,52,2
22515.png,7.0,1,16,20,26,10,19,1
22516.png,1.0_10.0,13,53,54,75,22,41,2
22517.png,4.0_4.0,1,31,42,74,43,41,2
22518.png,3.0_1.0,2,20,24,41,21,22,2
22519.png,2.0_9.0,4,26,23,44,18,19,2
2252.png,5.0_10.0,12,62,63,104,42,51,2
22520.png,3.0,8,51,70,77,26,62,1
22521.png,2.0_5.0_2.0,1,15,17,37,22,16,3
22522.png,6.0,6,26,29,40,14,23,1
22523.png,1.0_9.0,1,15,16,27,12,15,2
22524.png,1.0,11,28,36,49,21,25,1
22525.png,3.0_2.0_1.0,20,84,63,138,54,43,3
22526.png,1.0_2.0_8.0,21,81,83,129,48,62,3
22527.png,1.0_8.0_9.0,16,62,77,107,45,61,3
22528.png,7.0_5.0_8.0,26,91,59,135,44,33,3
22529.png,4.0_4.0,2,35,39,71,36,37,2
2253.png,5.0,5,23,32,41,18,27,1
22530.png,3.0_1.0,5,49,66,99,50,61,2
22531.png,3.0,8,31,30,42,11,22,1
22532.png,3.0_2.0,3,37,48,84,47,45,2
22533.png,7.0_9.0,6,21,26,43,22,20,2
22534.png,6.0,3,42,45,75,33,42,1
22535.png,1.0_1.0_1.0,7,28,35,53,25,28,3
22536.png,6.0,2,28,36,46,18,34,1
22537.png,4.0_1.0_8.0,3,21,22,59,38,19,3
22538.png,2.0,2,30,30,44,14,28,1
22539.png,2.0_3.0_6.0,31,91,76,146,55,45,3
2254.png,3.0,4,26,25,38,12,21,1
22540.png,2.0_9.0,9,95,75,167,72,66,2
22541.png,1.0_6.0_6.0,17,117,68,208,91,51,3
22542.png,2.0_1.0_5.0,6,18,17,30,12,11,3
22543.png,7.0,10,36,36,48,12,26,1
22544.png,7.0,2,19,21,26,7,19,1
22545.png,3.0_2.0,3,43,65,84,41,62,2
22546.png,4.0_4.0,2,49,58,166,117,56,2
22547.png,2.0_9.0,1,26,29,52,26,28,2
22548.png,4.0_10.0,8,46,46,90,44,38,2
22549.png,3.0_1.0,7,48,50,83,35,43,2
2255.png,1.0,5,26,26,34,8,21,1
22550.png,1.0_7.0_2.0,3,25,23,43,18,20,3
22551.png,3.0_1.0,1,19,24,41,22,23,2
22552.png,5.0,1,17,22,30,13,21,1
22553.png,1.0_7.0,2,24,29,47,23,27,2
22554.png,8.0,4,27,21,36,9,17,1
22555.png,2.0_10.0,5,51,69,113,62,64,2
22556.png,1.0_5.0,4,21,26,38,17,22,2
22557.png,3.0_8.0_9.0,8,121,101,222,101,93,3
22558.png,9.0,1,32,26,46,14,25,1
22559.png,3.0,7,34,39,44,10,32,1
2256.png,2.0_5.0,3,20,57,81,61,54,2
22560.png,1.0_7.0,1,18,25,39,21,24,2
22561.png,1.0_4.0_9.0,2,21,23,40,19,21,3
22562.png,3.0,8,68,96,126,58,88,1
22563.png,6.0_3.0_8.0,21,80,41,111,31,20,3
22564.png,1.0_6.0,7,47,61,94,47,54,2
22565.png,1.0_9.0_2.0,4,26,27,62,36,23,3
22566.png,4.0_5.0,16,42,43,65,23,27,2
22567.png,2.0_2.0,7,57,70,135,78,63,2
22568.png,1.0_10.0_2.0,1,24,26,56,32,25,3
22569.png,2.0_9.0,8,28,31,50,22,23,2
2257.png,3.0_3.0,2,15,17,27,12,15,2
22570.png,2.0_5.0,1,13,14,26,13,13,2
22571.png,2.0_7.0,1,24,29,45,21,28,2
22572.png,1.0_5.0,4,23,28,46,23,24,2
22573.png,9.0_2.0,1,23,30,59,36,29,2
22574.png,1.0_2.0_1.0,5,25,31,56,31,26,3
22575.png,3.0,5,26,31,41,15,26,1
22576.png,1.0_10.0,7,50,52,93,43,45,2
22577.png,1.0_10.0_1.0,31,90,72,132,42,41,3
22578.png,1.0_6.0,5,24,25,44,20,20,2
22579.png,3.0_4.0,8,38,44,66,28,36,2
2258.png,1.0,18,50,50,68,18,32,1
22580.png,5.0_1.0,24,63,81,106,43,57,2
22581.png,3.0_8.0,3,16,20,34,18,17,2
22582.png,1.0_10.0_6.0,22,56,48,88,32,26,3
22583.png,1.0_3.0,1,24,33,52,28,32,2
22584.png,1.0_2.0_6.0,10,42,45,80,38,35,3
22585.png,2.0_7.0,2,19,23,43,24,21,2
22586.png,2.0_1.0,17,40,48,60,20,31,2
22587.png,4.0,1,16,16,23,7,15,1
22588.png,6.0,1,22,27,38,16,26,1
22589.png,2.0_4.0_7.0,32,85,92,160,75,60,3
2259.png,1.0_6.0_2.0,18,53,65,116,63,47,3
22590.png,2.0_2.0,1,14,17,29,15,16,2
22591.png,1.0_9.0_5.0,15,82,47,123,41,32,3
22592.png,5.0_10.0,9,55,64,127,72,55,2
22593.png,4.0_9.0,6,40,44,72,32,38,2
22594.png,4.0_10.0,10,31,36,59,28,26,2
22595.png,5.0_9.0,44,170,113,232,62,69,2
22596.png,1.0,1,24,40,40,16,39,1
22597.png,1.0_5.0_2.0,1,10,13,30,20,12,3
22598.png,1.0_9.0,10,36,36,58,22,26,2
22599.png,3.0_4.0,5,27,26,45,18,21,2
226.png,1.0_3.0_6.0,4,23,28,50,27,24,3
2260.png,3.0_2.0,5,29,26,43,14,21,2
22600.png,3.0,13,54,49,82,28,36,1
22601.png,1.0_1.0,3,23,24,38,15,21,2
22602.png,2.0_7.0,2,31,41,82,51,39,2
22603.png,3.0_4.0,1,27,35,53,26,34,2
22604.png,1.0,6,34,30,42,8,24,1
22605.png,1.0_10.0_1.0,8,45,60,88,43,52,3
22606.png,5.0_10.0,7,37,38,66,29,31,2
22607.png,6.0_1.0,1,43,63,85,42,62,2
22608.png,1.0_8.0,9,26,23,40,14,14,2
22609.png,2.0_1.0,2,14,19,34,20,17,2
2261.png,4.0_3.0,3,22,25,38,16,22,2
22610.png,5.0_10.0,11,36,40,49,13,29,2
22611.png,2.0_9.0_9.0,8,34,37,78,44,29,3
22612.png,2.0_1.0,8,36,39,63,27,31,2
22613.png,2.0_4.0,9,31,35,59,28,26,2
22614.png,2.0,18,102,68,127,25,50,1
22615.png,7.0_7.0,2,14,17,30,16,15,2
22616.png,8.0_9.0,24,104,62,140,36,38,2
22617.png,3.0,1,16,20,25,9,19,1
22618.png,2.0_10.0_8.0,7,46,54,90,44,47,3
22619.png,1.0_9.0_1.0,67,189,108,257,68,41,3
2262.png,1.0_1.0,1,22,29,42,20,28,2
22620.png,1.0_9.0,1,27,36,61,34,35,2
22621.png,3.0,19,131,82,162,31,63,1
22622.png,1.0_7.0,3,26,36,52,26,33,2
22623.png,2.0_6.0_7.0,4,29,31,72,43,27,3
22624.png,7.0_9.0,7,44,56,107,63,49,2
22625.png,1.0_1.0,1,18,17,32,14,16,2
22626.png,7.0,7,40,43,68,28,36,1
22627.png,1.0_6.0_6.0,4,32,32,55,23,28,3
22628.png,2.0_1.0,5,35,30,76,41,25,2
22629.png,2.0_10.0,1,22,32,50,28,31,2
2263.png,5.0_6.0,2,29,41,78,49,39,2
22630.png,2.0_2.0_3.0,7,24,26,44,20,19,3
22631.png,2.0_7.0,9,30,39,79,49,30,2
22632.png,1.0_10.0,8,41,61,107,66,53,2
22633.png,1.0_5.0_7.0_4.0,3,19,17,56,37,14,4
22634.png,3.0_2.0,19,54,58,94,40,39,2
22635.png,3.0_7.0,8,38,52,83,45,44,2
22636.png,4.0_9.0,15,54,46,81,27,31,2
22637.png,1.0_3.0,47,153,144,245,92,97,2
22638.png,3.0_3.0_10.0,66,112,114,162,50,48,3
22639.png,3.0_3.0,3,36,43,76,40,40,2
2264.png,1.0,12,35,34,40,5,22,1
22640.png,7.0,8,35,35,51,16,27,1
22641.png,1.0_7.0,11,53,68,115,62,57,2
22642.png,2.0_5.0,18,55,64,84,29,46,2
22643.png,7.0,11,49,66,82,33,55,1
22644.png,3.0_3.0,7,140,42,173,33,35,2
22645.png,4.0_6.0,18,124,110,202,78,92,2
22646.png,3.0_2.0_6.0,20,76,51,112,36,31,3
22647.png,6.0_8.0,3,23,27,45,22,24,2
22648.png,6.0_2.0,2,23,29,54,31,27,2
22649.png,1.0_5.0_3.0_5.0,39,163,132,256,93,93,4
2265.png,2.0_10.0,7,38,50,76,38,43,2
22650.png,1.0_4.0_9.0,19,71,66,115,44,47,3
22651.png,3.0_9.0_7.0,14,86,98,173,87,84,3
22652.png,8.0,10,27,26,37,10,16,1
22653.png,1.0_10.0_5.0,14,57,56,117,60,42,3
22654.png,3.0_10.0,5,29,39,76,47,34,2
22655.png,2.0_8.0_5.0,152,150,194,238,88,42,3
22656.png,3.0_5.0,5,63,78,131,68,73,2
22657.png,7.0_2.0,7,41,47,73,32,40,2
22658.png,1.0_5.0,3,28,27,43,15,24,2
22659.png,1.0_7.0,1,15,16,27,12,15,2
2266.png,1.0_2.0,4,27,27,40,13,23,2
22660.png,4.0_4.0,5,24,22,42,18,17,2
22661.png,6.0_2.0,79,121,167,197,76,88,2
22662.png,1.0_1.0_5.0,17,79,68,125,46,51,3
22663.png,7.0_2.0,2,37,41,71,34,39,2
22664.png,1.0_4.0,1,11,13,25,14,12,2
22665.png,7.0_5.0,10,34,27,45,11,17,2
22666.png,4.0_2.0,1,34,50,81,47,49,2
22667.png,1.0_9.0,6,29,29,52,23,23,2
22668.png,2.0,7,35,25,45,10,18,1
22669.png,5.0_6.0,3,17,17,33,16,14,2
2267.png,1.0_2.0,1,19,24,38,19,23,2
22670.png,2.0_7.0_7.0,15,73,94,201,128,79,3
22671.png,2.0_2.0_2.0_7.0,4,34,39,85,51,35,4
22672.png,7.0_5.0,3,13,15,25,12,12,2
22673.png,2.0_3.0_4.0,14,108,47,147,39,33,3
22674.png,8.0,14,66,74,100,34,60,1
22675.png,3.0_5.0,26,100,64,131,31,38,2
22676.png,1.0,7,46,49,54,8,42,1
22677.png,6.0_6.0,6,26,21,46,20,15,2
22678.png,2.0_7.0_9.0,5,30,43,70,40,38,3
22679.png,5.0_8.0,17,55,54,90,35,37,2
2268.png,4.0_1.0,6,53,42,89,36,36,2
22680.png,2.0_2.0,1,17,22,34,17,21,2
22681.png,5.0_5.0,19,56,55,106,50,36,2
22682.png,3.0_7.0,18,81,82,123,42,64,2
22683.png,9.0,12,80,95,131,51,83,1
22684.png,4.0,6,54,50,81,27,44,1
22685.png,2.0_10.0_1.0,8,30,31,57,27,23,3
22686.png,1.0_4.0_9.0,4,18,21,40,22,17,3
22687.png,3.0_10.0,3,25,32,63,38,29,2
22688.png,1.0_10.0_2.0,4,31,39,66,35,35,3
22689.png,9.0_8.0,21,127,95,181,54,74,2
2269.png,1.0_8.0,3,25,29,39,14,26,2
22690.png,2.0_9.0_1.0,22,73,55,117,44,33,3
22691.png,1.0,10,100,83,131,31,73,1
22692.png,2.0_2.0,6,27,31,50,23,25,2
22693.png,3.0_1.0_9.0,12,42,37,71,29,25,3
22694.png,2.0_5.0_6.0,16,86,99,174,88,83,3
22695.png,2.0_7.0_2.0,3,56,61,124,68,58,3
22696.png,3.0_6.0,3,21,24,45,24,21,2
22697.png,1.0_5.0_3.0,2,21,20,41,20,18,3
22698.png,1.0_3.0_3.0,6,37,35,75,38,29,3
22699.png,7.0_5.0,6,63,94,167,104,88,2
227.png,1.0,5,22,21,27,5,16,1
2270.png,3.0_3.0,6,25,28,48,23,22,2
22700.png,7.0_2.0,7,28,32,46,18,25,2
22701.png,3.0,4,29,31,42,13,27,1
22702.png,1.0_3.0,2,11,18,33,22,16,2
22703.png,9.0_1.0,5,21,20,32,11,15,2
22704.png,2.0_7.0,8,40,55,118,78,47,2
22705.png,1.0_4.0,1,18,17,30,12,16,2
22706.png,1.0_3.0_1.0,25,74,55,98,24,30,3
22707.png,1.0_1.0_9.0,9,75,33,106,31,24,3
22708.png,1.0_8.0_1.0,14,41,41,63,22,27,3
22709.png,1.0_2.0_7.0_7.0,7,42,41,102,60,34,4
2271.png,4.0_3.0_5.0,8,43,48,89,46,40,3
22710.png,6.0_7.0_8.0,21,86,89,146,60,68,3
22711.png,1.0_8.0,6,46,55,72,26,49,2
22712.png,4.0_2.0_1.0,31,77,60,112,35,29,3
22713.png,1.0_1.0_6.0,5,60,69,115,55,64,3
22714.png,2.0_6.0,16,57,44,88,31,28,2
22715.png,2.0_1.0,8,30,29,43,13,21,2
22716.png,6.0_6.0,4,29,33,59,30,29,2
22717.png,4.0_3.0,3,36,35,82,46,32,2
22718.png,1.0_6.0,13,51,47,71,20,34,2
22719.png,4.0_8.0,19,83,76,136,53,57,2
2272.png,8.0,2,20,20,27,7,18,1
22720.png,1.0_4.0_10.0,7,43,50,83,40,43,3
22721.png,3.0_8.0,5,39,42,66,27,37,2
22722.png,2.0_5.0,3,25,36,44,19,33,2
22723.png,2.0_8.0,1,20,25,47,27,24,2
22724.png,1.0_3.0_3.0,66,94,91,131,37,25,3
22725.png,5.0_2.0,5,30,31,55,25,26,2
22726.png,2.0_3.0,2,14,14,26,12,12,2
22727.png,1.0_5.0_9.0,12,42,36,80,38,24,3
22728.png,1.0_2.0,14,56,61,93,37,47,2
22729.png,1.0_3.0,1,16,19,31,15,18,2
2273.png,2.0_7.0,49,157,136,228,71,87,2
22730.png,6.0_8.0,5,39,43,89,50,38,2
22731.png,1.0_8.0,1,17,23,33,16,22,2
22732.png,5.0_4.0,24,70,49,96,26,25,2
22733.png,9.0_9.0,8,31,33,58,27,25,2
22734.png,3.0_2.0,7,38,50,76,38,43,2
22735.png,8.0_4.0,4,29,26,57,28,22,2
22736.png,3.0_2.0,7,42,58,93,51,51,2
22737.png,6.0,6,36,34,52,16,28,1
22738.png,2.0_7.0,3,27,29,56,29,26,2
22739.png,1.0_7.0,5,32,42,65,33,37,2
2274.png,2.0_8.0,18,102,131,197,95,113,2
22740.png,1.0_1.0_5.0,12,52,50,105,53,38,3
22741.png,2.0_1.0_10.0,13,47,37,77,30,24,3
22742.png,4.0_6.0,17,54,57,96,42,40,2
22743.png,2.0_4.0,4,6,20,23,17,16,2
22744.png,5.0,8,37,36,52,15,28,1
22745.png,1.0_8.0,5,31,36,51,20,31,2
22746.png,7.0,7,43,47,58,15,40,1
22747.png,4.0_1.0_3.0,9,30,27,53,23,18,3
22748.png,5.0_8.0_10.0,13,51,38,90,39,25,3
22749.png,7.0,21,96,115,142,46,94,1
2275.png,5.0_1.0,2,13,19,25,12,17,2
22750.png,2.0,1,17,17,23,6,16,1
22751.png,6.0_4.0_2.0,1,11,12,25,14,11,3
22752.png,3.0_1.0_7.0,2,39,57,103,64,55,3
22753.png,3.0_10.0,3,24,24,40,16,21,2
22754.png,1.0_1.0,8,26,26,35,9,18,2
22755.png,6.0_1.0,6,26,19,39,13,13,2
22756.png,2.0,29,126,141,222,96,112,1
22757.png,8.0_5.0,9,35,40,59,24,31,2
22758.png,1.0_1.0_3.0,7,42,37,70,28,30,3
22759.png,1.0_10.0_1.0,1,36,45,74,38,44,3
2276.png,1.0_8.0_4.0,6,35,37,66,31,31,3
22760.png,8.0_9.0_5.0,8,34,42,74,40,34,3
22761.png,1.0_8.0_10.0,15,143,51,209,66,36,3
22762.png,1.0_3.0,7,24,27,37,13,20,2
22763.png,1.0_9.0_5.0_10.0,7,34,30,76,42,23,4
22764.png,5.0,8,36,27,43,7,19,1
22765.png,2.0,1,17,20,26,9,19,1
22766.png,1.0_6.0,1,13,17,27,14,16,2
22767.png,5.0_3.0,6,42,45,78,36,39,2
22768.png,1.0_5.0,14,59,66,107,48,52,2
22769.png,2.0_4.0,5,36,31,66,30,26,2
2277.png,3.0_9.0,2,20,25,31,11,23,2
22770.png,1.0_7.0_5.0,10,54,45,103,49,35,3
22771.png,1.0_7.0_5.0,2,23,28,52,29,26,3
22772.png,1.0_3.0,8,54,57,107,53,49,2
22773.png,2.0_9.0,18,52,50,83,31,32,2
22774.png,8.0_3.0,16,103,138,245,142,122,2
22775.png,1.0_6.0,3,14,18,30,16,15,2
22776.png,3.0_6.0,17,64,78,141,77,61,2
22777.png,1.0,19,70,55,90,20,36,1
22778.png,4.0,6,45,47,65,20,41,1
22779.png,1.0_7.0_6.0,14,91,77,154,63,63,3
2278.png,1.0_7.0,61,121,94,151,30,33,2
22780.png,3.0_2.0_9.0,14,63,67,113,50,53,3
22781.png,3.0_2.0,22,67,53,91,24,31,2
22782.png,1.0_1.0_2.0,14,63,61,121,58,47,3
22783.png,3.0_3.0,12,47,55,87,40,43,2
22784.png,5.0,2,16,17,25,9,15,1
22785.png,3.0,10,37,38,53,16,28,1
22786.png,2.0_1.0_6.0,46,172,78,205,33,32,3
22787.png,1.0_1.0,7,66,86,96,30,79,2
22788.png,3.0_5.0,17,50,40,69,19,23,2
22789.png,1.0_3.0,20,67,61,96,29,41,2
2279.png,4.0_4.0_8.0,8,37,27,63,26,19,3
22790.png,1.0_8.0,3,24,28,53,29,25,2
22791.png,9.0_9.0,7,39,46,85,46,39,2
22792.png,3.0_6.0,5,32,41,75,43,36,2
22793.png,3.0_8.0,3,28,31,59,31,28,2
22794.png,1.0_1.0,3,36,44,54,18,41,2
22795.png,1.0_2.0,10,44,45,75,31,35,2
22796.png,4.0,1,20,16,29,9,15,1
22797.png,7.0,17,68,44,80,12,27,1
22798.png,2.0_7.0_8.0_5.0,1,11,12,35,24,11,4
22799.png,1.0_1.0_3.0,86,158,131,201,43,45,3
228.png,1.0_1.0_1.0,12,59,45,91,32,33,3
2280.png,9.0_9.0,13,59,64,108,49,51,2
22800.png,3.0_8.0_3.0_6.0,6,32,38,76,44,32,4
22801.png,2.0_8.0,1,21,26,42,21,25,2
22802.png,2.0_1.0_6.0,34,200,82,229,29,48,3
22803.png,2.0_8.0,5,44,55,71,27,50,2
22804.png,4.0_6.0,13,58,63,112,54,50,2
22805.png,3.0_10.0,21,72,72,127,55,51,2
22806.png,3.0_1.0,6,26,27,41,15,21,2
22807.png,5.0_4.0,1,15,18,34,19,17,2
22808.png,2.0_1.0,5,25,23,52,27,18,2
22809.png,1.0_2.0_6.0,19,39,43,71,32,24,3
2281.png,2.0_7.0,7,46,53,79,33,46,2
22810.png,3.0_2.0,5,26,30,46,20,25,2
22811.png,5.0_2.0,13,39,43,87,48,30,2
22812.png,1.0_3.0,8,38,53,87,49,45,2
22813.png,1.0_2.0_8.0,5,20,26,49,29,21,3
22814.png,8.0_7.0,14,61,67,96,35,53,2
22815.png,2.0_1.0_2.0,22,69,59,123,54,37,3
22816.png,4.0_8.0,6,28,29,52,24,23,2
22817.png,6.0_7.0,2,21,24,45,24,22,2
22818.png,7.0_10.0,2,8,14,27,19,12,2
22819.png,4.0_7.0_2.0,6,26,26,61,35,20,3
2282.png,2.0_7.0,16,79,89,146,67,73,2
22820.png,3.0_3.0,91,226,209,357,131,118,2
22821.png,5.0_8.0_4.0,21,89,78,222,133,57,3
22822.png,3.0_7.0,6,32,40,67,35,34,2
22823.png,1.0_6.0_3.0,29,163,81,217,54,52,3
22824.png,2.0_4.0,1,14,19,24,10,18,2
22825.png,2.0_10.0_2.0,3,22,19,51,29,16,3
22826.png,2.0_5.0,28,140,75,198,58,47,2
22827.png,2.0_5.0,17,85,60,115,30,43,2
22828.png,2.0_1.0_10.0_7.0,1,2,23,46,44,22,4
22829.png,3.0_5.0_7.0,24,90,70,143,53,46,3
2283.png,1.0_6.0,3,21,28,47,26,25,2
22830.png,3.0,10,68,42,89,21,32,1
22831.png,2.0,12,43,49,58,15,37,1
22832.png,1.0_2.0_1.0,4,30,32,61,31,28,3
22833.png,2.0_10.0_6.0,15,49,50,108,59,35,3
22834.png,1.0_7.0_8.0,2,28,35,64,36,33,3
22835.png,2.0_4.0,8,75,75,170,95,67,2
22836.png,1.0_4.0_1.0,8,34,41,68,34,33,3
22837.png,4.0_5.0,1,47,63,119,72,62,2
22838.png,8.0_9.0,16,50,53,85,35,37,2
22839.png,3.0_3.0,7,50,57,78,28,50,2
2284.png,2.0_9.0,4,23,18,36,13,14,2
22840.png,2.0,3,25,30,40,15,27,1
22841.png,4.0_2.0,12,47,45,79,32,33,2
22842.png,6.0_3.0_6.0,13,53,55,107,54,42,3
22843.png,2.0_2.0_5.0_4.0,1,15,12,41,26,11,4
22844.png,9.0_6.0,5,45,53,92,47,48,2
22845.png,5.0_10.0,6,48,53,87,39,47,2
22846.png,2.0,20,89,107,142,53,87,1
22847.png,8.0_5.0,16,58,51,102,44,35,2
22848.png,7.0_9.0,9,49,52,73,24,43,2
22849.png,3.0_2.0,8,86,97,159,73,89,2
2285.png,6.0_2.0,5,38,42,84,46,37,2
22850.png,2.0_4.0_2.0,7,25,27,51,26,20,3
22851.png,6.0_2.0_6.0,1,17,21,51,34,20,3
22852.png,4.0_1.0,19,100,64,143,43,45,2
22853.png,1.0_3.0,8,27,30,52,25,22,2
22854.png,5.0_3.0_2.0,8,120,54,167,47,46,3
22855.png,4.0,8,62,70,91,29,62,1
22856.png,3.0_5.0,8,45,50,78,33,42,2
22857.png,9.0,8,45,42,67,22,34,1
22858.png,7.0_6.0,18,95,120,195,100,102,2
22859.png,4.0,7,28,25,37,9,18,1
2286.png,1.0_4.0,1,14,18,28,14,17,2
22860.png,1.0_1.0,2,18,21,30,12,19,2
22861.png,1.0_5.0_7.0_9.0,4,19,29,73,54,25,4
22862.png,1.0_4.0_8.0,5,48,46,84,36,41,3
22863.png,5.0_1.0,1,27,32,47,20,31,2
22864.png,1.0_4.0_2.0_9.0,20,82,86,127,45,66,4
22865.png,2.0_3.0_7.0,14,58,52,91,33,38,3
22866.png,2.0_10.0_2.0_6.0,4,29,22,69,40,18,4
22867.png,9.0_7.0,4,59,70,119,60,66,2
22868.png,1.0_7.0_8.0_5.0,12,49,48,100,51,36,4
22869.png,2.0_5.0,2,14,18,30,16,16,2
2287.png,5.0_4.0,11,57,61,123,66,50,2
22870.png,4.0_7.0,2,27,33,50,23,31,2
22871.png,1.0_6.0_3.0_2.0,14,175,71,243,68,57,4
22872.png,5.0_8.0,16,86,113,139,53,97,2
22873.png,1.0_6.0_4.0,4,19,24,44,25,20,3
22874.png,7.0_9.0,22,238,71,281,43,49,2
22875.png,4.0_1.0_10.0,9,46,44,81,35,35,3
22876.png,6.0_6.0,8,37,34,56,19,26,2
22877.png,1.0_3.0,5,25,30,48,23,25,2
22878.png,1.0_2.0,11,43,47,78,35,36,2
22879.png,4.0_2.0,1,16,18,28,12,17,2
2288.png,2.0_8.0_1.0,19,85,93,167,82,74,3
22880.png,9.0,1,12,14,16,4,13,1
22881.png,1.0_3.0_6.0,13,48,47,96,48,34,3
22882.png,1.0_10.0_10.0,6,24,25,46,22,19,3
22883.png,6.0,12,49,57,70,21,45,1
22884.png,3.0_1.0,6,65,85,141,76,79,2
22885.png,1.0_1.0,1,14,14,24,10,13,2
22886.png,4.0_6.0,12,73,57,112,39,45,2
22887.png,7.0_3.0,12,48,53,86,38,41,2
22888.png,1.0_8.0,1,19,25,44,25,24,2
22889.png,6.0,5,26,21,36,10,16,1
2289.png,5.0,5,25,29,39,14,24,1
22890.png,6.0_7.0,12,48,43,75,27,31,2
22891.png,4.0_5.0,1,24,32,61,37,31,2
22892.png,4.0_2.0,1,29,32,47,18,31,2
22893.png,2.0_9.0,21,32,65,86,54,44,2
22894.png,1.0_8.0,4,25,25,46,21,21,2
22895.png,3.0_6.0,6,28,30,52,24,24,2
22896.png,2.0_6.0,15,77,89,139,62,74,2
22897.png,5.0_1.0,11,70,74,139,69,63,2
22898.png,1.0_5.0_10.0,10,39,30,89,50,20,3
22899.png,5.0,4,30,35,47,17,31,1
229.png,7.0_2.0,5,19,20,36,17,15,2
2290.png,3.0_10.0,2,33,34,60,27,32,2
22900.png,8.0_3.0,7,65,73,115,50,66,2
22901.png,2.0,11,60,51,82,22,40,1
22902.png,3.0,9,43,39,56,13,30,1
22903.png,2.0_4.0,10,57,59,106,49,49,2
22904.png,1.0_6.0,4,22,20,39,17,16,2
22905.png,1.0_10.0_5.0,11,41,39,77,36,28,3
22906.png,4.0,1,24,25,33,9,24,1
22907.png,5.0_4.0,8,27,31,50,23,23,2
22908.png,1.0_9.0,8,39,41,70,31,33,2
22909.png,8.0,10,49,59,68,19,49,1
2291.png,2.0_6.0,13,66,67,139,73,54,2
22910.png,8.0_8.0,7,66,83,128,62,76,2
22911.png,7.0_6.0,6,41,53,91,50,47,2
22912.png,3.0,8,35,45,49,14,37,1
22913.png,3.0_3.0,2,23,30,41,18,28,2
22914.png,2.0_5.0_3.0_5.0,6,21,21,55,34,15,4
22915.png,2.0_1.0,1,23,28,45,22,27,2
22916.png,1.0_7.0_10.0_10.0,6,17,24,46,29,18,4
22917.png,3.0_10.0,1,73,114,199,126,113,2
22918.png,1.0_1.0_5.0,1,11,12,31,20,11,3
22919.png,6.0,6,33,39,50,17,33,1
2292.png,1.0_2.0_5.0,1,9,12,29,20,11,3
22920.png,1.0_9.0_2.0,36,85,67,121,36,31,3
22921.png,4.0_10.0_9.0,17,49,44,89,40,27,3
22922.png,4.0,8,30,30,44,14,22,1
22923.png,1.0_10.0,3,16,21,27,11,18,2
22924.png,4.0_5.0_4.0,4,33,41,89,56,37,3
22925.png,3.0,1,12,16,23,11,15,1
22926.png,6.0_9.0,7,32,32,47,15,25,2
22927.png,3.0_2.0,5,34,28,63,29,23,2
22928.png,7.0_1.0,13,59,55,92,33,42,2
22929.png,1.0,5,30,35,40,10,30,1
2293.png,2.0_4.0,1,17,17,31,14,16,2
22930.png,9.0_3.0,3,27,28,53,26,25,2
22931.png,8.0,4,26,33,41,15,29,1
22932.png,1.0_6.0,5,50,53,98,48,48,2
22933.png,1.0_1.0_10.0,6,20,20,36,16,14,3
22934.png,4.0,9,40,41,62,22,32,1
22935.png,1.0_7.0,3,25,26,44,19,23,2
22936.png,7.0,25,103,86,141,38,61,1
22937.png,8.0_5.0,5,43,28,70,27,23,2
22938.png,4.0_3.0,19,129,128,213,84,109,2
22939.png,1.0_10.0_2.0_10.0,13,64,50,110,46,37,4
2294.png,9.0_2.0,6,33,36,54,21,30,2
22940.png,7.0_10.0_3.0,10,33,42,85,52,32,3
22941.png,2.0_8.0_1.0,3,16,25,45,29,22,3
22942.png,2.0_6.0,2,25,29,54,29,27,2
22943.png,2.0_8.0_9.0,5,38,50,114,76,45,3
22944.png,2.0_9.0,5,52,66,110,58,61,2
22945.png,7.0,6,53,59,85,32,53,1
22946.png,2.0_6.0,7,30,36,54,24,29,2
22947.png,5.0,5,34,28,47,13,23,1
22948.png,1.0_7.0,4,27,30,50,23,26,2
22949.png,1.0_8.0,5,17,20,31,14,15,2
2295.png,3.0_2.0,48,137,119,211,74,71,2
22950.png,2.0_6.0,3,18,23,41,23,20,2
22951.png,1.0_3.0_4.0,3,26,32,64,38,29,3
22952.png,2.0_5.0,8,34,37,54,20,29,2
22953.png,5.0_3.0_5.0,7,38,37,68,30,30,3
22954.png,2.0_2.0,1,20,30,47,27,29,2
22955.png,9.0_1.0,4,30,29,50,20,25,2
22956.png,4.0_6.0_3.0,21,70,49,106,36,28,3
22957.png,3.0_9.0,5,45,63,108,63,58,2
22958.png,2.0_2.0_3.0_10.0,10,45,37,113,68,27,4
22959.png,9.0_3.0,3,26,29,52,26,26,2
2296.png,4.0_10.0,2,20,25,43,23,23,2
22960.png,1.0_1.0_10.0,3,30,27,45,15,24,3
22961.png,2.0_8.0,7,44,40,59,15,33,2
22962.png,9.0,7,33,28,44,11,21,1
22963.png,5.0_1.0_5.0,44,110,106,188,78,62,3
22964.png,5.0_7.0,5,23,30,42,19,25,2
22965.png,3.0,20,47,41,57,10,21,1
22966.png,3.0_1.0_3.0,1,15,16,42,27,15,3
22967.png,1.0_1.0_10.0,8,33,32,69,36,24,3
22968.png,1.0_7.0_10.0,5,26,30,64,38,25,3
22969.png,5.0,1,25,33,41,16,32,1
2297.png,3.0_7.0,2,15,19,27,12,17,2
22970.png,7.0,1,18,15,26,8,14,1
22971.png,6.0_9.0,16,61,53,100,39,37,2
22972.png,2.0_5.0,11,49,49,77,28,38,2
22973.png,7.0_7.0,12,45,35,81,36,23,2
22974.png,2.0_6.0_10.0,2,18,18,37,19,16,3
22975.png,1.0_10.0_8.0,14,56,53,102,46,39,3
22976.png,9.0_8.0,13,47,47,84,37,34,2
22977.png,2.0_2.0,7,34,33,51,17,26,2
22978.png,1.0_6.0,17,55,50,82,27,33,2
22979.png,2.0_7.0,1,13,17,23,10,16,2
2298.png,6.0,3,17,19,26,9,16,1
22980.png,2.0_8.0_2.0,28,175,71,247,72,43,3
22981.png,1.0_6.0,20,79,69,129,50,49,2
22982.png,3.0_1.0,10,29,29,42,13,19,2
22983.png,6.0_2.0_4.0,7,32,35,74,42,28,3
22984.png,1.0_5.0,4,24,28,54,30,24,2
22985.png,6.0_1.0,10,51,58,83,32,48,2
22986.png,1.0_7.0_6.0,3,36,50,79,43,47,3
22987.png,1.0_3.0_8.0,2,30,36,76,46,34,3
22988.png,5.0_3.0,4,32,34,53,21,30,2
22989.png,4.0_4.0,6,51,68,90,39,62,2
2299.png,9.0_2.0,44,110,99,151,41,55,2
22990.png,1.0,12,61,56,77,16,44,1
22991.png,6.0_6.0,15,71,62,126,55,47,2
22992.png,6.0_7.0,17,68,73,122,54,56,2
22993.png,5.0_5.0,6,20,23,37,17,17,2
22994.png,1.0_3.0_8.0,18,70,69,119,49,51,3
22995.png,3.0_4.0,17,77,81,144,67,64,2
22996.png,2.0,4,25,34,41,16,30,1
22997.png,1.0_2.0_3.0_8.0,7,75,40,133,58,33,4
22998.png,9.0,8,29,36,47,18,28,1
22999.png,1.0,1,16,17,20,4,16,1
23.png,4.0_7.0,5,29,37,74,45,32,2
230.png,3.0,5,44,47,67,23,42,1
2300.png,1.0_7.0,2,20,22,32,12,20,2
23000.png,7.0,3,36,26,45,9,23,1
23001.png,3.0_9.0_10.0_2.0,20,60,58,144,84,38,4
23002.png,7.0_3.0,4,25,31,50,25,27,2
23003.png,5.0_2.0,14,82,95,156,74,81,2
23004.png,3.0_7.0,6,31,42,60,29,36,2
23005.png,4.0_6.0_4.0,6,33,32,61,28,26,3
23006.png,1.0_4.0,1,20,27,45,25,26,2
23007.png,3.0_6.0_5.0,3,31,39,65,34,36,3
23008.png,1.0,4,20,24,27,7,20,1
23009.png,1.0_6.0_1.0,2,27,21,46,19,19,3
2301.png,7.0_1.0,11,47,46,69,22,35,2
23010.png,1.0_7.0,6,70,83,118,48,77,2
23011.png,6.0_7.0,3,28,32,55,27,29,2
23012.png,5.0,10,44,44,60,16,34,1
23013.png,9.0_2.0,1,23,28,47,24,27,2
23014.png,2.0_7.0_7.0,26,84,88,143,59,62,3
23015.png,4.0,3,28,32,39,11,29,1
23016.png,1.0_7.0_8.0,10,34,35,58,24,25,3
23017.png,2.0_5.0_2.0_7.0,4,39,42,128,89,38,4
23018.png,1.0_9.0_3.0,5,34,35,81,47,30,3
23019.png,2.0_8.0,7,34,36,66,32,29,2
2302.png,1.0_6.0,11,71,89,139,68,78,2
23020.png,2.0_3.0,8,23,27,46,23,19,2
23021.png,4.0_3.0,2,33,34,61,28,32,2
23022.png,5.0_7.0,3,25,27,48,23,24,2
23023.png,5.0_10.0,45,125,76,170,45,31,2
23024.png,2.0_3.0_7.0_5.0,2,14,17,43,29,15,4
23025.png,2.0_5.0_10.0,9,149,80,247,98,71,3
23026.png,4.0_1.0_10.0,17,90,78,162,72,61,3
23027.png,2.0,6,34,38,58,24,32,1
23028.png,2.0_4.0_2.0,50,127,86,190,63,36,3
23029.png,2.0_6.0,4,20,26,49,29,22,2
2303.png,1.0_7.0_4.0,5,18,16,46,28,11,3
23030.png,2.0_2.0_9.0,12,57,62,115,58,50,3
23031.png,2.0_6.0,5,32,33,50,18,28,2
23032.png,1.0_5.0_9.0_1.0,1,19,19,45,26,18,4
23033.png,3.0_3.0_3.0,7,60,49,97,37,42,3
23034.png,5.0,8,51,74,98,47,66,1
23035.png,4.0_6.0,10,54,46,82,28,36,2
23036.png,2.0_10.0_7.0,1,24,31,68,44,30,3
23037.png,8.0_2.0,19,193,63,235,42,44,2
23038.png,2.0,11,44,36,61,17,25,1
23039.png,1.0_7.0,1,37,49,95,58,48,2
2304.png,3.0_8.0_1.0,10,37,41,73,36,31,3
23040.png,2.0,5,22,32,38,16,27,1
23041.png,9.0,13,59,64,79,20,51,1
23042.png,1.0_3.0,2,58,88,131,73,86,2
23043.png,1.0_6.0,20,54,46,74,20,26,2
23044.png,1.0_2.0,6,34,39,67,33,33,2
23045.png,7.0_8.0,35,235,74,273,38,39,2
23046.png,5.0,2,17,17,26,9,15,1
23047.png,5.0_5.0,9,36,34,62,26,25,2
23048.png,2.0_2.0,7,37,48,74,37,41,2
23049.png,1.0_4.0,2,21,23,41,20,21,2
2305.png,5.0_3.0,6,25,20,35,10,14,2
23050.png,3.0_1.0,11,49,54,81,32,43,2
23051.png,2.0_6.0,28,86,82,156,70,54,2
23052.png,6.0_3.0,2,25,25,46,21,23,2
23053.png,2.0_6.0,20,54,48,77,23,28,2
23054.png,5.0_2.0,7,24,25,40,16,18,2
23055.png,2.0,23,46,53,66,20,30,1
23056.png,8.0_6.0,18,70,49,96,26,31,2
23057.png,6.0_4.0,16,87,81,150,63,65,2
23058.png,6.0,4,19,19,28,9,15,1
23059.png,1.0_6.0_6.0,5,42,53,95,53,48,3
2306.png,1.0_9.0_5.0,3,39,34,81,42,31,3
23060.png,2.0_6.0_4.0,14,44,46,79,35,32,3
23061.png,7.0_2.0,8,37,46,58,21,38,2
23062.png,5.0_10.0_5.0,13,56,48,110,54,35,3
23063.png,1.0_2.0,1,29,38,66,37,37,2
23064.png,3.0,5,23,24,32,9,19,1
23065.png,1.0_4.0,1,8,12,21,13,11,2
23066.png,2.0_9.0_2.0,11,72,68,139,67,57,3
23067.png,3.0_3.0_5.0_4.0,7,22,39,107,85,32,4
23068.png,4.0_10.0,11,58,74,121,63,63,2
23069.png,4.0_4.0_7.0,35,104,86,177,73,51,3
2307.png,5.0_9.0,5,40,48,81,41,43,2
23070.png,1.0_1.0_7.0,23,109,93,199,90,70,3
23071.png,3.0_1.0_4.0,15,67,81,164,97,66,3
23072.png,2.0_3.0,2,13,16,24,11,14,2
23073.png,7.0,8,36,44,55,19,36,1
23074.png,8.0_10.0,86,234,118,264,30,32,2
23075.png,1.0_8.0_2.0,3,20,25,45,25,22,3
23076.png,7.0,9,71,84,104,33,75,1
23077.png,7.0,1,25,34,51,26,33,1
23078.png,1.0_6.0,6,35,25,47,12,19,2
23079.png,2.0_1.0,2,40,51,69,29,49,2
2308.png,4.0_9.0,17,59,73,139,80,56,2
23080.png,1.0_7.0,35,93,64,127,34,29,2
23081.png,4.0,8,60,51,97,37,43,1
23082.png,1.0_1.0,4,18,17,28,10,13,2
23083.png,3.0_7.0,11,48,53,96,48,42,2
23084.png,3.0_3.0_1.0,13,45,34,69,24,21,3
23085.png,1.0_2.0,1,14,16,28,14,15,2
23086.png,1.0_2.0_1.0_2.0,1,15,15,45,30,14,4
23087.png,1.0_7.0_7.0,2,14,20,41,27,18,3
23088.png,9.0_6.0,5,31,32,55,24,27,2
23089.png,9.0_8.0,8,32,30,53,21,22,2
2309.png,1.0_1.0_7.0_10.0,6,38,49,102,64,43,4
23090.png,6.0_4.0,5,42,39,69,27,34,2
23091.png,1.0_7.0_4.0,11,38,34,69,31,23,3
23092.png,1.0,4,37,41,53,16,37,1
23093.png,7.0_1.0,5,22,25,35,13,20,2
23094.png,2.0_5.0_7.0_10.0,2,24,29,137,113,27,4
23095.png,2.0_8.0,12,44,38,84,40,26,2
23096.png,2.0_6.0,1,16,20,33,17,19,2
23097.png,8.0,3,31,28,42,11,25,1
23098.png,7.0_2.0,1,15,16,26,11,15,2
23099.png,4.0_1.0,21,122,148,246,124,127,2
231.png,1.0_4.0_4.0,11,38,39,65,27,28,3
2310.png,1.0_5.0,13,49,45,73,24,32,2
23100.png,4.0_4.0,5,19,18,33,14,13,2
23101.png,1.0_4.0,7,31,37,52,21,30,2
23102.png,1.0,1,18,21,26,8,20,1
23103.png,2.0_2.0_2.0,4,23,28,55,32,24,3
23104.png,6.0_7.0,3,46,47,95,49,44,2
23105.png,7.0_1.0,5,37,35,57,20,30,2
23106.png,2.0_1.0_8.0,14,52,45,94,42,31,3
23107.png,1.0,5,35,24,41,6,19,1
23108.png,4.0_2.0,1,15,110,111,96,109,2
23109.png,2.0_3.0_6.0,24,137,57,175,38,33,3
2311.png,2.0_2.0_7.0,1,20,27,65,45,26,3
23110.png,1.0_4.0_9.0,21,118,121,226,108,100,3
23111.png,8.0_1.0,6,34,44,61,27,38,2
23112.png,4.0_9.0,5,18,21,34,16,16,2
23113.png,6.0,8,38,39,57,19,31,1
23114.png,3.0_4.0_3.0,45,127,96,200,73,51,3
23115.png,2.0,7,30,37,39,9,30,1
23116.png,6.0,3,30,32,43,13,29,1
23117.png,3.0_7.0,8,28,26,44,16,18,2
23118.png,8.0_7.0,7,68,75,147,79,68,2
23119.png,4.0_4.0,8,46,51,79,33,43,2
2312.png,5.0_10.0_10.0,19,60,50,105,45,31,3
23120.png,4.0_9.0_6.0,5,25,35,68,43,30,3
23121.png,1.0_6.0_1.0,10,40,52,88,48,42,3
23122.png,5.0,1,49,66,80,31,65,1
23123.png,3.0_9.0_1.0,50,5,141,91,86,91,3
23124.png,2.0_3.0,6,56,64,124,68,58,2
23125.png,1.0_4.0,1,12,15,24,12,14,2
23126.png,1.0_9.0,5,28,34,51,23,29,2
23127.png,6.0_10.0_7.0,24,105,111,207,102,87,3
23128.png,1.0_4.0_1.0,28,138,142,281,143,114,3
23129.png,6.0_4.0,5,58,66,120,62,61,2
2313.png,2.0_10.0_4.0_7.0,1,10,13,37,27,12,4
23130.png,2.0_8.0,10,45,40,75,30,30,2
23131.png,5.0_2.0_5.0,4,24,21,51,27,17,3
23132.png,2.0_1.0,16,105,129,187,82,113,2
23133.png,1.0_7.0,4,25,32,48,23,28,2
23134.png,3.0_1.0,1,26,29,59,33,28,2
23135.png,7.0_3.0_5.0,22,86,70,154,68,48,3
23136.png,6.0_2.0,17,68,45,93,25,28,2
23137.png,9.0_2.0,13,62,83,141,79,70,2
23138.png,1.0_6.0,11,71,85,142,71,74,2
23139.png,2.0_5.0,9,51,55,78,27,46,2
2314.png,1.0_6.0_8.0,2,23,28,57,34,26,3
23140.png,1.0_9.0,6,33,46,58,25,40,2
23141.png,4.0_7.0,4,18,15,29,11,11,2
23142.png,1.0_6.0,6,42,50,75,33,44,2
23143.png,1.0_10.0_3.0,11,65,55,116,51,44,3
23144.png,3.0_9.0_9.0,35,78,70,128,50,35,3
23145.png,9.0_5.0,47,133,157,294,161,110,2
23146.png,6.0_7.0_3.0,110,145,148,208,63,38,3
23147.png,2.0_3.0,3,31,29,51,20,26,2
23148.png,2.0,5,38,45,56,18,40,1
23149.png,8.0_2.0,14,65,68,117,52,54,2
2315.png,2.0_1.0_10.0_1.0,3,17,21,61,44,18,4
23150.png,8.0_5.0,4,29,28,56,27,24,2
23151.png,1.0,11,53,65,71,18,54,1
23152.png,2.0_10.0_10.0,6,34,32,67,33,26,3
23153.png,1.0_9.0_2.0_3.0,1,11,12,37,26,11,4
23154.png,3.0_6.0,3,32,39,71,39,36,2
23155.png,1.0_4.0,5,48,68,110,62,63,2
23156.png,8.0_5.0,20,55,46,106,51,26,2
23157.png,6.0_5.0_1.0_5.0,7,28,29,74,46,22,4
23158.png,7.0_4.0,16,149,110,253,104,94,2
23159.png,2.0_6.0_8.0,4,27,41,80,53,37,3
2316.png,3.0_5.0,3,26,27,43,17,24,2
23160.png,2.0_10.0_2.0,9,33,34,50,17,25,3
23161.png,1.0_10.0,1,17,21,43,26,20,2
23162.png,1.0_10.0_6.0_6.0,13,48,43,96,48,30,4
23163.png,7.0_7.0,10,46,52,78,32,42,2
23164.png,2.0_5.0,3,21,22,34,13,19,2
23165.png,1.0_9.0,1,16,16,37,21,15,2
23166.png,4.0_6.0_4.0,19,93,40,130,37,21,3
23167.png,1.0_10.0_8.0,4,41,43,89,48,39,3
23168.png,4.0,6,31,27,42,11,21,1
23169.png,1.0,3,30,20,38,8,17,1
2317.png,1.0_7.0,14,53,60,92,39,46,2
23170.png,2.0_7.0,4,19,23,41,22,19,2
23171.png,7.0_5.0,14,57,48,80,23,34,2
23172.png,2.0_5.0,2,20,25,44,24,23,2
23173.png,6.0,1,21,19,29,8,18,1
23174.png,3.0_7.0,43,239,315,450,211,272,2
23175.png,1.0_4.0,3,22,25,39,17,22,2
23176.png,2.0_2.0_4.0,25,81,59,133,52,34,3
23177.png,2.0_3.0,15,71,50,99,28,35,2
23178.png,6.0_2.0,1,79,86,166,87,85,2
23179.png,1.0_2.0_7.0,2,19,25,46,27,23,3
2318.png,6.0_7.0,9,41,45,69,28,36,2
23180.png,7.0_6.0_10.0,11,34,28,61,27,17,3
23181.png,3.0,6,36,28,47,11,22,1
23182.png,3.0_3.0,4,3,34,27,24,30,2
23183.png,1.0_2.0,3,16,20,29,13,17,2
23184.png,6.0_4.0,6,33,40,60,27,34,2
23185.png,3.0_3.0,6,39,40,61,22,34,2
23186.png,8.0_9.0,3,21,36,57,36,33,2
23187.png,1.0_5.0_10.0,13,45,46,81,36,33,3
23188.png,1.0_2.0_4.0_2.0,1,11,13,39,28,12,4
23189.png,3.0_9.0,14,71,94,148,77,80,2
2319.png,1.0_9.0,12,60,64,107,47,52,2
23190.png,3.0_1.0_1.0,11,38,44,86,48,33,3
23191.png,8.0,9,45,40,69,24,31,1
23192.png,3.0_3.0,8,30,28,51,21,20,2
23193.png,1.0_4.0_8.0,13,49,58,95,46,45,3
23194.png,1.0_6.0_2.0,14,50,47,89,39,33,3
23195.png,1.0_3.0_7.0,58,12,94,52,40,36,3
23196.png,8.0_4.0,13,45,40,71,26,27,2
23197.png,2.0_6.0_2.0_2.0,5,23,27,67,44,22,4
23198.png,3.0_1.0_3.0,7,42,40,81,39,33,3
23199.png,1.0_7.0,5,39,51,82,43,46,2
232.png,1.0_10.0,8,30,32,45,15,24,2
2320.png,2.0_10.0,11,55,51,89,34,40,2
23200.png,2.0_8.0,5,29,31,53,24,26,2
23201.png,4.0_5.0,9,35,31,51,16,22,2
23202.png,4.0_8.0,8,30,27,52,22,19,2
23203.png,1.0_8.0,9,43,45,84,41,36,2
23204.png,2.0_6.0_4.0_2.0,35,118,105,243,125,70,4
23205.png,7.0,8,59,71,98,39,63,1
23206.png,4.0_10.0_7.0,14,51,35,82,31,21,3
23207.png,2.0_5.0,2,27,28,74,47,26,2
23208.png,9.0_2.0,9,45,57,89,44,48,2
23209.png,2.0_8.0_10.0,1,27,37,85,58,36,3
2321.png,8.0_1.0,9,43,38,62,19,29,2
23210.png,2.0_3.0_10.0,13,97,129,181,84,116,3
23211.png,1.0_3.0_2.0_7.0,19,79,63,134,55,44,4
23212.png,1.0_4.0,1,58,85,117,59,84,2
23213.png,4.0,3,26,32,42,16,29,1
23214.png,4.0_6.0_1.0,1,13,17,33,20,16,3
23215.png,2.0_4.0,4,31,30,50,19,26,2
23216.png,2.0,7,33,36,52,19,29,1
23217.png,5.0_9.0,6,33,34,65,32,28,2
23218.png,5.0_1.0,4,27,31,50,23,27,2
23219.png,1.0_3.0,2,25,28,49,24,26,2
2322.png,4.0_2.0,10,42,48,74,32,38,2
23220.png,6.0_4.0_1.0,6,44,65,106,62,59,3
23221.png,1.0_6.0,13,128,174,228,100,161,2
23222.png,1.0_3.0,4,21,24,46,25,20,2
23223.png,5.0,38,169,198,239,70,160,1
23224.png,3.0_5.0_1.0,15,72,71,127,55,56,3
23225.png,1.0_8.0_5.0,17,65,51,120,55,34,3
23226.png,1.0_9.0,1,18,20,32,14,19,2
23227.png,1.0_8.0,4,23,20,35,12,16,2
23228.png,2.0_2.0,6,29,26,47,18,20,2
23229.png,4.0,5,32,22,44,12,17,1
2323.png,2.0_6.0,8,27,27,49,22,19,2
23230.png,3.0_5.0,1,47,59,118,71,58,2
23231.png,1.0_10.0_1.0,14,37,38,58,21,24,3
23232.png,1.0_1.0_10.0,2,3,15,22,19,13,3
23233.png,2.0_1.0,10,46,42,73,27,32,2
23234.png,2.0_5.0,1,51,68,112,61,67,2
23235.png,1.0,16,51,58,65,14,42,1
23236.png,9.0_5.0,6,37,48,89,52,42,2
23237.png,3.0_3.0,7,26,29,44,18,22,2
23238.png,3.0_3.0,4,20,22,38,18,18,2
23239.png,2.0_6.0,3,23,20,36,13,17,2
2324.png,8.0,5,36,41,60,24,36,1
23240.png,1.0_4.0,9,34,37,56,22,28,2
23241.png,3.0_3.0_2.0,1,31,51,94,63,50,3
23242.png,1.0,4,29,40,46,17,36,1
23243.png,9.0_4.0,11,36,47,78,42,36,2
23244.png,4.0_9.0,3,30,37,53,23,34,2
23245.png,1.0_3.0_8.0,8,49,53,98,49,45,3
23246.png,3.0_3.0,9,43,47,85,42,38,2
23247.png,2.0_4.0,9,52,55,100,48,46,2
23248.png,7.0_7.0_3.0,16,62,49,106,44,33,3
23249.png,1.0,4,26,21,29,3,17,1
2325.png,4.0_1.0,14,43,47,87,44,33,2
23250.png,6.0_1.0_7.0,14,51,38,79,28,24,3
23251.png,6.0_3.0_3.0,20,192,90,276,84,70,3
23252.png,1.0_9.0,7,33,30,46,13,23,2
23253.png,1.0_7.0,4,19,22,39,20,18,2
23254.png,6.0_7.0,1,16,20,42,26,19,2
23255.png,2.0_4.0,8,48,60,91,43,52,2
23256.png,2.0_7.0_10.0,1,19,26,42,23,25,3
23257.png,5.0_4.0,2,25,30,51,26,28,2
23258.png,7.0_9.0,15,6,52,40,34,37,2
23259.png,1.0_10.0_7.0,1,17,22,36,19,21,3
2326.png,6.0_10.0,8,39,35,69,30,27,2
23260.png,2.0_4.0_10.0,34,91,83,145,54,49,3
23261.png,1.0_7.0,4,28,29,46,18,25,2
23262.png,2.0,20,77,82,108,31,62,1
23263.png,4.0_10.0,8,1,36,35,34,28,2
23264.png,2.0_5.0_10.0,5,23,28,67,44,23,3
23265.png,4.0_5.0,18,70,80,130,60,62,2
23266.png,9.0,3,23,31,43,20,28,1
23267.png,8.0_3.0,6,48,61,114,66,55,2
23268.png,1.0_8.0_6.0_8.0,25,47,48,77,30,23,4
23269.png,4.0,4,26,21,38,12,17,1
2327.png,1.0_8.0,14,62,60,98,36,46,2
23270.png,4.0_2.0,12,38,27,52,14,15,2
23271.png,1.0_4.0,1,13,13,22,9,12,2
23272.png,4.0_10.0_10.0,1,12,26,52,40,25,3
23273.png,2.0_1.0_7.0,19,47,38,71,24,19,3
23274.png,3.0_7.0,7,48,61,107,59,54,2
23275.png,4.0_9.0,8,54,66,79,25,58,2
23276.png,8.0_1.0,1,17,17,27,10,16,2
23277.png,5.0_4.0,1,18,18,33,15,17,2
23278.png,1.0_1.0_7.0_2.0,23,86,92,230,144,69,4
23279.png,1.0_5.0_10.0,18,63,72,117,54,54,3
2328.png,9.0,5,47,55,75,28,50,1
23280.png,1.0_9.0,7,27,22,42,15,15,2
23281.png,1.0_1.0_1.0,3,24,31,49,25,28,3
23282.png,1.0_3.0_7.0,11,37,35,65,28,24,3
23283.png,5.0_4.0,3,30,32,55,25,29,2
23284.png,2.0,10,42,48,57,15,38,1
23285.png,9.0_2.0,4,28,26,52,24,22,2
23286.png,3.0_1.0,6,30,34,67,37,28,2
23287.png,8.0_6.0,5,26,25,47,21,20,2
23288.png,9.0,15,10,94,49,39,79,1
23289.png,2.0_9.0_9.0,14,82,86,216,134,72,3
2329.png,1.0_5.0_2.0_6.0,1,17,20,88,71,19,4
23290.png,7.0_1.0,11,46,43,67,21,32,2
23291.png,3.0_6.0,2,32,38,63,31,36,2
23292.png,4.0_4.0,6,26,30,48,22,24,2
23293.png,1.0_10.0,9,28,27,47,19,18,2
23294.png,3.0_5.0,9,31,30,51,20,21,2
23295.png,2.0_9.0,3,18,22,35,17,19,2
23296.png,2.0_3.0,2,16,20,37,21,18,2
23297.png,1.0_7.0,14,90,47,110,20,33,2
23298.png,1.0,3,81,99,142,61,96,1
23299.png,1.0_1.0,5,28,22,41,13,17,2
233.png,1.0_3.0_5.0_8.0,9,35,42,107,72,33,4
2330.png,2.0_4.0_8.0,7,33,51,93,60,44,3
23300.png,8.0,10,37,40,55,18,30,1
23301.png,1.0_5.0,1,22,25,43,21,24,2
23302.png,4.0_5.0,5,28,36,50,22,31,2
23303.png,6.0_10.0,6,55,71,135,80,65,2
23304.png,9.0_2.0,5,48,56,79,31,51,2
23305.png,1.0_2.0,19,68,62,118,50,43,2
23306.png,6.0_8.0_5.0,14,51,44,97,46,30,3
23307.png,8.0,11,48,52,69,21,41,1
23308.png,6.0_3.0,1,29,37,61,32,36,2
23309.png,1.0_1.0_10.0,5,29,27,53,24,22,3
2331.png,2.0_6.0,2,21,28,44,23,26,2
23310.png,2.0_10.0,13,62,66,109,47,53,2
23311.png,1.0_1.0,4,25,35,47,22,31,2
23312.png,1.0_6.0_6.0,19,82,81,161,79,62,3
23313.png,5.0,20,85,62,108,23,42,1
23314.png,4.0_6.0,7,25,20,38,13,13,2
23315.png,4.0_2.0,13,99,94,181,82,81,2
23316.png,3.0,3,25,21,35,10,18,1
23317.png,6.0,5,36,30,49,13,25,1
23318.png,1.0_4.0_1.0_5.0,1,10,12,36,26,11,4
23319.png,1.0_10.0_2.0,23,65,56,113,48,33,3
2332.png,7.0_5.0_9.0,1,44,66,115,71,65,3
23320.png,2.0_10.0,15,41,28,56,15,13,2
23321.png,1.0_5.0_3.0,105,135,150,206,71,45,3
23322.png,3.0_2.0_10.0,20,144,51,190,46,31,3
23323.png,1.0_8.0_3.0,5,28,32,65,37,27,3
23324.png,1.0,8,37,35,49,12,27,1
23325.png,1.0,13,51,42,63,12,29,1
23326.png,7.0_1.0,6,34,42,63,29,36,2
23327.png,2.0_5.0_7.0,1,36,45,99,63,44,3
23328.png,1.0_3.0,3,32,34,57,25,31,2
23329.png,5.0_2.0_5.0,9,42,42,84,42,33,3
2333.png,6.0_4.0_10.0,6,93,84,134,41,78,3
23330.png,6.0_5.0,23,112,110,186,74,87,2
23331.png,1.0_9.0_10.0_6.0,0,14,13,47,33,13,4
23332.png,4.0_2.0_6.0,57,173,92,221,48,35,3
23333.png,1.0_1.0_7.0,9,79,95,126,47,86,3
23334.png,1.0_6.0_10.0,5,39,37,88,49,32,3
23335.png,1.0_9.0,1,33,49,62,29,48,2
23336.png,6.0_10.0_10.0,24,98,90,178,80,66,3
23337.png,1.0_4.0_2.0_5.0,40,73,90,156,83,50,4
23338.png,1.0_10.0_9.0,5,29,43,76,47,38,3
23339.png,4.0_1.0,2,22,24,42,20,22,2
2334.png,6.0_7.0,8,66,76,111,45,68,2
23340.png,1.0_10.0_8.0,5,19,22,39,20,17,3
23341.png,1.0_4.0_3.0,3,18,21,39,21,18,3
23342.png,2.0_6.0_2.0_2.0,1,18,19,61,43,18,4
23343.png,1.0_10.0_6.0,4,26,28,49,23,24,3
23344.png,1.0_10.0,5,32,30,55,23,25,2
23345.png,7.0_4.0,2,34,40,66,32,38,2
23346.png,2.0_8.0_7.0,6,37,31,63,26,25,3
23347.png,1.0_4.0_10.0,3,27,36,53,26,33,3
23348.png,4.0,10,47,63,86,39,53,1
23349.png,1.0_10.0_10.0,27,130,78,200,70,51,3
2335.png,1.0_3.0,1,50,64,102,52,63,2
23350.png,5.0,1,28,35,44,16,34,1
23351.png,2.0_4.0,8,44,49,73,29,41,2
23352.png,1.0_8.0_3.0,1,10,13,31,21,12,3
23353.png,3.0_1.0_7.0,5,27,27,55,28,22,3
23354.png,3.0_9.0,8,28,28,50,22,20,2
23355.png,1.0_2.0_8.0,9,28,32,53,25,23,3
23356.png,1.0_6.0,1,27,35,60,33,34,2
23357.png,1.0_10.0_4.0,14,36,39,64,28,25,3
23358.png,8.0_3.0,6,28,26,49,21,20,2
23359.png,9.0_3.0,1,15,18,30,15,17,2
2336.png,1.0_3.0_2.0,3,23,27,59,36,24,3
23360.png,3.0_4.0,2,0,35,33,33,33,2
23361.png,1.0_2.0,1,17,16,28,11,15,2
23362.png,1.0_2.0_6.0,6,19,24,41,22,18,3
23363.png,2.0_3.0,2,21,26,55,34,24,2
23364.png,8.0_1.0,5,24,24,37,13,19,2
23365.png,8.0_7.0_10.0,7,38,51,117,79,44,3
23366.png,1.0_7.0,1,21,24,37,16,23,2
23367.png,4.0_8.0,4,34,32,54,20,28,2
23368.png,1.0_1.0_5.0,12,74,91,191,117,79,3
23369.png,1.0_7.0,7,34,41,57,23,34,2
2337.png,1.0_7.0,4,31,39,57,26,35,2
23370.png,1.0_1.0_1.0,7,55,66,108,53,59,3
23371.png,1.0_10.0_10.0,14,46,47,68,22,33,3
23372.png,1.0_8.0_10.0,5,37,36,72,35,31,3
23373.png,6.0_8.0,2,36,37,70,34,35,2
23374.png,8.0_3.0,18,68,46,117,49,28,2
23375.png,6.0_9.0,3,31,36,67,36,33,2
23376.png,2.0_5.0,15,63,62,95,32,47,2
23377.png,4.0_10.0,5,21,22,32,11,17,2
23378.png,2.0_7.0_3.0,13,48,37,81,33,24,3
23379.png,7.0_10.0,3,59,85,123,64,82,2
2338.png,3.0_6.0,6,31,32,62,31,26,2
23380.png,3.0_9.0,13,64,64,117,53,51,2
23381.png,2.0_1.0,28,145,82,188,43,54,2
23382.png,2.0_3.0,1,22,27,46,24,26,2
23383.png,1.0_3.0,8,27,37,44,17,29,2
23384.png,6.0,2,5,22,23,18,20,1
23385.png,3.0_1.0,7,40,36,68,28,29,2
23386.png,5.0_1.0_8.0,1,16,20,37,21,19,3
23387.png,6.0_10.0,6,35,41,75,40,35,2
23388.png,1.0_6.0_7.0,3,31,32,76,45,29,3
23389.png,1.0_1.0_2.0,25,78,53,115,37,28,3
2339.png,1.0_8.0,7,75,96,158,83,89,2
23390.png,7.0,22,101,93,144,43,71,1
23391.png,5.0_5.0,7,48,44,86,38,37,2
23392.png,2.0_1.0,4,14,18,27,13,14,2
23393.png,1.0_8.0_8.0,21,81,82,163,82,61,3
23394.png,2.0_6.0_6.0_3.0,10,29,28,66,37,18,4
23395.png,2.0_1.0,19,44,44,64,20,25,2
23396.png,9.0_5.0,10,34,37,60,26,27,2
23397.png,3.0_7.0,8,32,37,62,30,29,2
23398.png,3.0_8.0,10,59,76,134,75,66,2
23399.png,1.0_2.0,18,112,128,207,95,110,2
234.png,8.0_4.0,10,44,32,64,20,22,2
2340.png,6.0_10.0,4,36,44,79,43,40,2
23400.png,3.0_4.0,1,17,17,30,13,16,2
23401.png,6.0,5,20,27,34,14,22,1
23402.png,7.0_10.0,71,125,104,161,36,33,2
23403.png,2.0_2.0,13,99,119,189,90,106,2
23404.png,1.0_10.0,1,37,43,78,41,42,2
23405.png,2.0_8.0,3,33,46,69,36,43,2
23406.png,2.0,39,43,69,67,24,30,1
23407.png,1.0_10.0_7.0,6,31,41,78,47,35,3
23408.png,8.0,4,27,29,40,13,25,1
23409.png,6.0_1.0,8,52,29,79,27,21,2
2341.png,1.0_1.0,17,56,65,82,26,48,2
23410.png,2.0,5,36,41,53,17,36,1
23411.png,5.0_4.0,6,26,32,44,18,26,2
23412.png,3.0_6.0,1,16,21,37,21,20,2
23413.png,7.0_4.0_5.0,81,151,142,221,70,61,3
23414.png,1.0_6.0_2.0,2,37,44,69,32,42,3
23415.png,4.0,2,19,16,27,8,14,1
23416.png,5.0_10.0_1.0,3,29,31,70,41,28,3
23417.png,1.0_10.0,15,45,44,68,23,29,2
23418.png,1.0_2.0,6,28,28,44,16,22,2
23419.png,5.0_2.0,4,24,28,49,25,24,2
2342.png,6.0_2.0,1,17,23,44,27,22,2
23420.png,6.0_9.0,4,21,26,47,26,22,2
23421.png,2.0_4.0,2,18,22,35,17,20,2
23422.png,5.0_7.0,27,111,111,183,72,84,2
23423.png,5.0_8.0_6.0,63,99,96,146,47,33,3
23424.png,4.0_5.0,45,115,104,192,77,59,2
23425.png,7.0_10.0,18,66,56,103,37,38,2
23426.png,5.0_9.0_4.0,4,22,22,47,25,18,3
23427.png,9.0,5,41,43,60,19,38,1
23428.png,1.0_4.0_7.0_5.0,17,54,50,110,56,33,4
23429.png,2.0_2.0_3.0,3,5,47,55,50,44,3
2343.png,1.0_2.0_6.0,30,194,78,257,63,48,3
23430.png,1.0_1.0_8.0,8,40,36,66,26,28,3
23431.png,1.0_10.0_7.0,5,25,29,61,36,24,3
23432.png,5.0_6.0_8.0,7,31,28,88,57,21,3
23433.png,1.0_4.0_1.0,12,60,57,123,63,45,3
23434.png,6.0_8.0,1,18,23,35,17,22,2
23435.png,1.0_3.0_7.0_9.0,15,73,67,137,64,52,4
23436.png,1.0_1.0,6,38,42,62,24,36,2
23437.png,3.0_8.0,1,21,26,45,24,25,2
23438.png,2.0_5.0_10.0_10.0,1,24,30,79,55,29,4
23439.png,8.0,4,29,31,40,11,27,1
2344.png,4.0,11,51,48,66,15,37,1
23440.png,9.0,7,31,30,37,6,23,1
23441.png,6.0_2.0,2,15,18,30,15,16,2
23442.png,1.0,6,30,21,36,6,15,1
23443.png,6.0_10.0,9,87,67,139,52,58,2
23444.png,3.0_10.0_1.0,21,104,119,188,84,98,3
23445.png,1.0_9.0_3.0,5,39,30,76,37,25,3
23446.png,7.0_1.0,6,28,31,41,13,25,2
23447.png,1.0_7.0,9,29,27,43,14,18,2
23448.png,5.0_7.0,34,153,72,199,46,38,2
23449.png,2.0_5.0,1,33,45,80,47,44,2
2345.png,7.0_3.0,2,25,29,46,21,27,2
23450.png,2.0_3.0_1.0,1,25,34,61,36,33,3
23451.png,2.0,4,31,34,51,20,30,1
23452.png,5.0_7.0,13,48,42,71,23,29,2
23453.png,9.0_8.0_5.0,13,59,64,110,51,51,3
23454.png,1.0_3.0,7,46,53,96,50,46,2
23455.png,2.0_9.0,46,75,67,92,17,21,2
23456.png,9.0_5.0,8,29,24,43,14,16,2
23457.png,1.0_4.0,9,50,60,103,53,51,2
23458.png,5.0_8.0,1,15,19,36,21,18,2
23459.png,7.0_1.0,5,24,30,44,20,25,2
2346.png,2.0_4.0_5.0,17,141,81,202,61,64,3
23460.png,2.0,13,61,62,89,28,49,1
23461.png,7.0_3.0,9,36,40,58,22,31,2
23462.png,5.0_8.0,18,104,93,166,62,75,2
23463.png,1.0_8.0,3,17,17,32,15,14,2
23464.png,8.0,5,125,165,214,89,160,1
23465.png,1.0_1.0,4,41,45,61,20,41,2
23466.png,3.0_7.0,6,37,44,78,41,38,2
23467.png,7.0_1.0,14,63,65,103,40,51,2
23468.png,1.0_4.0,3,13,17,28,15,14,2
23469.png,3.0_10.0,61,167,116,221,54,55,2
2347.png,5.0,1,24,32,47,23,31,1
23470.png,6.0,5,34,29,45,11,24,1
23471.png,3.0_5.0_2.0,17,66,50,114,48,33,3
23472.png,4.0_10.0,3,18,18,30,12,15,2
23473.png,9.0_6.0,5,13,49,62,49,44,2
23474.png,5.0_5.0_6.0,1,17,19,36,19,18,3
23475.png,5.0_7.0,2,24,29,37,13,27,2
23476.png,1.0_2.0,3,28,33,63,35,30,2
23477.png,1.0_9.0,8,36,36,59,23,28,2
23478.png,6.0,10,40,42,51,11,32,1
23479.png,9.0_10.0,1,24,24,49,25,23,2
2348.png,1.0_10.0_8.0,4,30,34,58,28,30,3
23480.png,1.0_6.0_5.0,35,203,64,231,28,29,3
23481.png,5.0_6.0,6,27,32,51,24,26,2
23482.png,1.0_1.0_9.0_4.0,9,39,34,76,37,25,4
23483.png,9.0_2.0,27,82,66,119,37,39,2
23484.png,7.0_1.0_6.0,16,70,85,160,90,69,3
23485.png,7.0_7.0_9.0,13,72,90,180,108,77,3
23486.png,5.0_5.0,3,26,30,55,29,27,2
23487.png,2.0,1,19,21,31,12,20,1
23488.png,5.0_9.0,1,31,44,73,42,43,2
23489.png,4.0_4.0,9,64,74,103,39,65,2
2349.png,1.0_5.0,10,37,33,58,21,23,2
23490.png,6.0,5,29,31,40,11,26,1
23491.png,9.0_8.0_1.0,11,50,54,99,49,43,3
23492.png,4.0_7.0,12,41,25,60,19,13,2
23493.png,2.0,4,26,29,42,16,25,1
23494.png,1.0_4.0,5,19,28,46,27,23,2
23495.png,9.0,9,34,47,54,20,38,1
23496.png,3.0_1.0_9.0,22,81,75,147,66,53,3
23497.png,3.0_2.0,2,28,33,61,33,31,2
23498.png,3.0_4.0_7.0,8,47,47,95,48,39,3
23499.png,2.0_7.0_4.0,6,27,27,45,18,21,3
235.png,2.0_1.0_10.0,9,39,44,78,39,35,3
2350.png,2.0_3.0_3.0,23,87,84,163,76,61,3
23500.png,1.0_4.0,3,16,19,29,13,16,2
23501.png,4.0_3.0,3,33,40,79,46,37,2
23502.png,1.0,1,18,21,25,7,20,1
23503.png,9.0_9.0,14,54,37,79,25,23,2
23504.png,1.0_7.0_4.0,19,67,70,115,48,51,3
23505.png,1.0_2.0,9,59,77,106,47,68,2
23506.png,5.0_4.0_1.0,9,45,36,70,25,27,3
23507.png,3.0_9.0,9,52,67,101,49,58,2
23508.png,4.0,7,24,24,34,10,17,1
23509.png,2.0_3.0,7,40,45,62,22,38,2
2351.png,3.0_5.0,4,17,22,39,22,18,2
23510.png,6.0_8.0,1,13,16,26,13,15,2
23511.png,3.0_7.0,6,32,36,66,34,30,2
23512.png,2.0_2.0,11,46,46,77,31,35,2
23513.png,1.0,11,43,51,58,15,40,1
23514.png,9.0,5,35,47,59,24,42,1
23515.png,2.0_4.0_5.0,1,16,17,43,27,16,3
23516.png,7.0,4,22,27,33,11,23,1
23517.png,1.0_1.0,10,38,29,55,17,19,2
23518.png,1.0_4.0,1,15,19,35,20,18,2
23519.png,2.0_6.0_10.0,33,58,88,125,67,55,3
2352.png,2.0_5.0,1,21,25,56,35,24,2
23520.png,1.0_3.0,11,57,69,102,45,58,2
23521.png,2.0_9.0,3,26,38,57,31,35,2
23522.png,3.0_5.0,7,60,82,139,79,75,2
23523.png,2.0_9.0,8,35,36,80,45,28,2
23524.png,4.0,16,87,74,125,38,58,1
23525.png,2.0_1.0,6,38,46,81,43,40,2
23526.png,4.0_4.0,3,29,32,58,29,29,2
23527.png,7.0,5,37,50,64,27,45,1
23528.png,1.0_7.0,6,55,60,104,49,54,2
23529.png,1.0_5.0_1.0,3,26,32,48,22,29,3
2353.png,3.0_9.0,4,26,30,45,19,26,2
23530.png,5.0_1.0,2,20,26,41,21,24,2
23531.png,1.0_8.0,10,43,37,61,18,27,2
23532.png,1.0_1.0_10.0,7,41,35,77,36,28,3
23533.png,1.0_10.0_9.0,19,57,53,88,31,34,3
23534.png,7.0_5.0,10,32,26,45,13,16,2
23535.png,1.0_6.0_8.0,2,21,20,44,23,18,3
23536.png,1.0_8.0,4,42,46,96,54,42,2
23537.png,9.0_7.0,3,39,48,78,39,45,2
23538.png,4.0_6.0,3,28,34,69,41,31,2
23539.png,4.0_2.0,7,38,38,78,40,31,2
2354.png,2.0_8.0,10,53,61,95,42,51,2
23540.png,3.0_1.0,3,22,25,44,22,22,2
23541.png,2.0,48,123,148,181,58,100,1
23542.png,4.0,1,43,31,57,14,30,1
23543.png,2.0_6.0,1,17,20,33,16,19,2
23544.png,9.0_7.0,0,29,30,47,18,30,2
23545.png,2.0_8.0,29,132,126,216,84,97,2
23546.png,1.0_2.0,2,21,25,34,13,23,2
23547.png,4.0_4.0_5.0,7,34,32,99,65,25,3
23548.png,5.0,12,45,42,56,11,30,1
23549.png,7.0_3.0,9,51,56,99,48,47,2
2355.png,8.0_4.0,1,19,22,39,20,21,2
23550.png,4.0,9,38,36,51,13,27,1
23551.png,2.0_8.0_6.0,6,48,64,153,105,58,3
23552.png,9.0,38,180,91,210,30,53,1
23553.png,6.0,15,56,61,73,17,46,1
23554.png,9.0_8.0,4,36,45,63,27,41,2
23555.png,6.0_10.0,2,17,25,43,26,23,2
23556.png,5.0_1.0,6,28,28,43,15,22,2
23557.png,2.0_4.0,1,30,37,76,46,36,2
23558.png,1.0_9.0_5.0,4,22,27,53,31,23,3
23559.png,2.0_10.0,10,41,30,62,21,20,2
2356.png,6.0,7,31,37,44,13,30,1
23560.png,1.0_5.0,12,41,52,68,27,40,2
23561.png,4.0,3,54,38,74,20,35,1
23562.png,1.0,9,39,43,54,15,34,1
23563.png,6.0_10.0,2,28,23,44,16,21,2
23564.png,4.0_8.0,1,16,23,39,23,22,2
23565.png,6.0,7,48,48,71,23,41,1
23566.png,1.0_4.0_5.0_4.0,4,14,18,32,18,14,4
23567.png,1.0_6.0,15,72,87,155,83,72,2
23568.png,2.0_10.0,22,55,53,82,27,31,2
23569.png,9.0_7.0,19,118,58,161,43,39,2
2357.png,4.0_5.0,1,19,21,31,12,20,2
23570.png,1.0_7.0_8.0,4,26,31,58,32,27,3
23571.png,2.0_2.0,2,47,67,109,62,65,2
23572.png,3.0_7.0,6,24,23,38,14,17,2
23573.png,1.0_7.0,10,37,33,66,29,23,2
23574.png,2.0,5,25,19,32,7,14,1
23575.png,8.0_1.0,5,41,48,77,36,43,2
23576.png,8.0,6,51,60,80,29,54,1
23577.png,2.0_3.0_2.0_2.0,1,15,17,58,43,16,4
23578.png,2.0_7.0,5,27,31,57,30,26,2
23579.png,8.0,3,20,21,30,10,18,1
2358.png,1.0_4.0_3.0,2,29,33,61,32,31,3
23580.png,6.0_4.0,1,16,20,39,23,19,2
23581.png,1.0_9.0,10,37,34,53,16,24,2
23582.png,4.0,6,25,27,39,14,21,1
23583.png,6.0_8.0,10,73,102,159,86,92,2
23584.png,6.0_10.0,8,32,36,55,23,28,2
23585.png,7.0_1.0,4,26,25,44,18,21,2
23586.png,8.0,19,105,87,139,34,68,1
23587.png,5.0_3.0_5.0,10,77,53,114,37,43,3
23588.png,3.0_2.0,8,54,50,97,43,42,2
23589.png,4.0_1.0,5,49,69,96,47,64,2
2359.png,1.0_1.0_1.0,11,63,55,100,37,44,3
23590.png,1.0_2.0_9.0,13,52,50,99,47,37,3
23591.png,2.0_1.0,3,22,28,35,13,25,2
23592.png,2.0_9.0,11,34,35,50,16,24,2
23593.png,3.0,3,23,25,34,11,22,1
23594.png,1.0_5.0_1.0,37,97,89,138,41,52,3
23595.png,1.0,1,30,31,46,16,30,1
23596.png,8.0,5,41,40,61,20,35,1
23597.png,1.0,6,39,28,47,8,22,1
23598.png,1.0_3.0_9.0,3,22,30,50,28,27,3
23599.png,1.0,25,84,82,93,9,57,1
236.png,1.0_1.0_4.0,18,63,59,104,41,41,3
2360.png,6.0,1,33,47,64,31,46,1
23600.png,1.0_2.0,6,20,24,35,15,18,2
23601.png,3.0_4.0,10,36,42,66,30,32,2
23602.png,4.0_2.0,2,25,26,45,20,24,2
23603.png,5.0_3.0_9.0,1,22,26,47,25,25,3
23604.png,2.0_10.0,2,25,31,57,32,29,2
23605.png,5.0_3.0,7,31,36,53,22,29,2
23606.png,5.0,7,28,33,44,16,26,1
23607.png,1.0_8.0,8,25,23,38,13,15,2
23608.png,2.0_2.0,7,28,27,46,18,20,2
23609.png,3.0,18,81,88,119,38,70,1
2361.png,4.0_1.0,17,55,56,88,33,39,2
23610.png,6.0_2.0,20,94,83,149,55,63,2
23611.png,3.0,3,26,35,42,16,32,1
23612.png,2.0_6.0,14,73,63,134,61,49,2
23613.png,2.0_9.0,7,30,34,50,20,27,2
23614.png,1.0_1.0,3,28,36,47,19,33,2
23615.png,1.0_3.0_1.0,1,13,17,46,33,16,3
23616.png,1.0_9.0,3,25,31,45,20,28,2
23617.png,1.0_10.0_8.0,4,64,68,127,63,64,3
23618.png,3.0_7.0,16,70,76,141,71,60,2
23619.png,7.0_10.0,17,78,73,132,54,56,2
2362.png,1.0_8.0,7,46,67,87,41,60,2
23620.png,2.0_1.0_4.0,197,331,246,406,75,49,3
23621.png,1.0_5.0,4,26,28,46,20,24,2
23622.png,1.0_4.0,4,29,37,65,36,33,2
23623.png,1.0_5.0,3,33,33,53,20,30,2
23624.png,8.0_5.0,10,33,32,57,24,22,2
23625.png,1.0_4.0_8.0,3,39,46,102,63,43,3
23626.png,9.0_7.0,3,20,23,35,15,20,2
23627.png,6.0_8.0,5,50,66,117,67,61,2
23628.png,9.0_8.0,9,42,43,74,32,34,2
23629.png,6.0_4.0,1,42,54,85,43,53,2
2363.png,3.0_5.0,1,17,23,39,22,22,2
23630.png,1.0_1.0,5,38,50,65,27,45,2
23631.png,1.0_6.0_3.0,2,16,15,36,20,13,3
23632.png,2.0,10,43,49,62,19,39,1
23633.png,5.0,6,37,24,49,12,18,1
23634.png,5.0_8.0,1,17,20,43,26,19,2
23635.png,4.0_1.0,4,24,25,49,25,21,2
23636.png,2.0_1.0_6.0_6.0,1,18,17,61,43,16,4
23637.png,4.0_8.0,46,271,97,317,46,51,2
23638.png,2.0_4.0_4.0,3,31,34,85,54,31,3
23639.png,1.0_1.0_6.0,4,144,87,257,113,83,3
2364.png,6.0_9.0,8,33,37,52,19,29,2
23640.png,1.0_10.0,4,43,34,89,46,30,2
23641.png,1.0_3.0,1,21,26,35,14,25,2
23642.png,3.0_4.0,6,44,64,114,70,58,2
23643.png,4.0_9.0,3,15,16,29,14,13,2
23644.png,1.0_8.0_2.0,34,110,97,202,92,63,3
23645.png,8.0_7.0,14,62,53,103,41,39,2
23646.png,7.0_10.0,7,11,38,37,26,31,2
23647.png,1.0_10.0_4.0,5,24,30,62,38,25,3
23648.png,1.0_4.0,5,26,30,46,20,25,2
23649.png,4.0_3.0,1,21,27,50,29,26,2
2365.png,2.0_10.0_1.0,34,265,90,369,104,56,3
23650.png,1.0_10.0_7.0,14,48,48,87,39,34,3
23651.png,9.0,7,25,29,40,15,22,1
23652.png,6.0_2.0,14,76,70,124,48,56,2
23653.png,4.0_2.0,8,30,26,46,16,18,2
23654.png,9.0,5,35,46,57,22,41,1
23655.png,5.0,3,24,31,49,25,28,1
23656.png,5.0_1.0,4,52,63,97,45,59,2
23657.png,2.0_1.0_8.0,9,52,41,89,37,32,3
23658.png,1.0,5,51,57,70,19,52,1
23659.png,1.0_8.0_6.0,23,32,65,70,38,42,3
2366.png,2.0_10.0,20,77,92,157,80,72,2
23660.png,3.0_7.0,10,70,81,144,74,71,2
23661.png,1.0_10.0_10.0,5,24,30,51,27,25,3
23662.png,1.0_2.0_9.0,11,88,85,201,113,74,3
23663.png,3.0_10.0_5.0,26,123,139,196,73,113,3
23664.png,5.0_2.0_8.0,2,33,35,58,25,33,3
23665.png,7.0_1.0,4,51,65,92,41,61,2
23666.png,2.0,3,19,20,26,7,17,1
23667.png,2.0_6.0,4,21,28,38,17,24,2
23668.png,1.0_6.0,3,31,31,55,24,28,2
23669.png,4.0_4.0,26,137,147,234,97,121,2
2367.png,5.0_2.0_5.0,14,53,48,100,47,34,3
23670.png,6.0_9.0,14,28,67,85,57,53,2
23671.png,10.0,1,41,25,64,23,24,1
23672.png,5.0_3.0,11,42,42,69,27,31,2
23673.png,1.0_6.0_4.0_2.0,4,25,29,62,37,25,4
23674.png,1.0_6.0,6,27,33,46,19,27,2
23675.png,3.0_9.0_9.0,17,99,98,151,52,81,3
23676.png,5.0_1.0,3,21,24,37,16,21,2
23677.png,1.0_7.0,8,37,50,59,22,42,2
23678.png,4.0_3.0,40,150,160,278,128,120,2
23679.png,1.0_2.0,4,32,39,58,26,35,2
2368.png,5.0,8,38,32,47,9,24,1
23680.png,2.0_3.0_3.0_10.0,1,18,19,55,37,18,4
23681.png,6.0_7.0,21,52,50,73,21,29,2
23682.png,3.0,7,41,43,62,21,36,1
23683.png,6.0_8.0,2,59,83,117,58,81,2
23684.png,2.0_6.0,8,28,29,47,19,21,2
23685.png,7.0_8.0,8,41,55,84,43,47,2
23686.png,1.0_1.0,7,43,42,65,22,35,2
23687.png,1.0_7.0_10.0_10.0,2,17,23,64,47,21,4
23688.png,2.0_3.0,13,57,59,96,39,46,2
23689.png,1.0_4.0_3.0,20,78,61,128,50,41,3
2369.png,3.0,18,72,61,97,25,43,1
23690.png,6.0,4,43,38,62,19,34,1
23691.png,4.0_1.0_8.0,3,41,53,82,41,50,3
23692.png,6.0_7.0,1,14,18,33,19,17,2
23693.png,7.0_6.0_3.0,8,41,42,87,46,34,3
23694.png,6.0,5,31,26,42,11,21,1
23695.png,8.0_9.0,3,19,20,34,15,17,2
23696.png,2.0_1.0_9.0,16,53,35,70,17,19,3
23697.png,2.0_7.0,19,58,39,81,23,20,2
23698.png,5.0,42,222,106,255,33,64,1
23699.png,4.0_2.0,19,90,89,152,62,70,2
237.png,1.0_9.0_3.0,45,142,76,172,30,31,3
2370.png,2.0_8.0_2.0,6,26,32,46,20,26,3
23700.png,3.0_7.0_9.0,16,87,97,182,95,81,3
23701.png,3.0_4.0,8,22,27,41,19,19,2
23702.png,6.0_9.0_7.0,2,77,51,113,36,49,3
23703.png,7.0_5.0,11,43,55,83,40,44,2
23704.png,1.0,10,84,105,134,50,95,1
23705.png,2.0_9.0_10.0,3,26,31,60,34,28,3
23706.png,1.0_5.0_8.0,8,44,44,95,51,36,3
23707.png,1.0_5.0,9,72,92,134,62,83,2
23708.png,4.0_6.0,15,75,84,135,60,69,2
23709.png,5.0_1.0,10,53,61,107,54,51,2
2371.png,1.0_10.0_5.0,7,49,50,108,59,43,3
23710.png,6.0,2,29,30,43,14,28,1
23711.png,1.0_5.0,8,82,84,150,68,76,2
23712.png,1.0_3.0,5,31,35,58,27,30,2
23713.png,4.0_7.0_6.0,12,73,59,116,43,47,3
23714.png,3.0_1.0,11,66,83,126,60,72,2
23715.png,1.0_2.0_2.0,9,52,64,132,80,55,3
23716.png,1.0_6.0_10.0_10.0,1,14,15,50,36,14,4
23717.png,9.0_9.0,4,44,55,96,52,51,2
23718.png,2.0_8.0,3,53,57,83,30,54,2
23719.png,7.0_3.0_5.0,4,27,37,52,25,33,3
2372.png,4.0_7.0,36,176,174,257,81,138,2
23720.png,2.0_2.0_2.0,16,62,65,166,104,49,3
23721.png,2.0_5.0_6.0,2,12,13,23,11,11,3
23722.png,1.0_5.0_9.0,4,39,51,85,46,47,3
23723.png,1.0,4,27,25,33,6,21,1
23724.png,3.0_2.0_7.0,15,38,29,63,25,14,3
23725.png,5.0_6.0,5,31,37,69,38,32,2
23726.png,4.0_6.0,6,55,43,80,25,37,2
23727.png,5.0_7.0,8,32,24,42,10,16,2
23728.png,4.0_9.0_3.0,7,28,24,57,29,17,3
23729.png,2.0_7.0,20,211,82,253,42,62,2
2373.png,1.0_10.0,3,23,27,39,16,24,2
23730.png,2.0_2.0_10.0,5,50,55,151,101,50,3
23731.png,2.0_4.0,6,40,43,73,33,37,2
23732.png,5.0_3.0_9.0,22,112,72,168,56,50,3
23733.png,1.0_10.0,20,134,81,190,56,61,2
23734.png,1.0_1.0_5.0,28,89,78,121,32,50,3
23735.png,1.0_1.0,6,184,255,368,184,249,2
23736.png,5.0_7.0,1,26,31,58,32,30,2
23737.png,4.0,24,98,85,132,34,61,1
23738.png,1.0_8.0,6,27,27,51,24,21,2
23739.png,5.0_1.0,9,34,30,49,15,21,2
2374.png,7.0_1.0_2.0,8,36,29,60,24,21,3
23740.png,3.0,11,55,39,73,18,28,1
23741.png,6.0_9.0,11,142,104,234,92,93,2
23742.png,1.0_7.0,9,39,36,63,24,27,2
23743.png,4.0_8.0,1,25,27,54,29,26,2
23744.png,9.0_5.0,14,70,57,104,34,43,2
23745.png,3.0_1.0,5,32,36,56,24,31,2
23746.png,1.0_2.0_2.0,11,54,40,87,33,29,3
23747.png,1.0_5.0_1.0,7,41,49,82,41,42,3
23748.png,4.0,1,29,21,43,14,20,1
23749.png,7.0,3,35,43,54,19,40,1
2375.png,1.0_7.0_7.0,5,28,26,43,15,21,3
23750.png,4.0_4.0,3,69,66,111,42,63,2
23751.png,1.0_3.0_3.0,2,18,24,50,32,22,3
23752.png,2.0_8.0_7.0,36,130,122,243,113,86,3
23753.png,1.0_7.0_1.0,19,84,78,168,84,59,3
23754.png,1.0_10.0,10,31,35,49,18,25,2
23755.png,6.0_10.0,9,39,47,76,37,38,2
23756.png,3.0,5,16,22,33,17,17,1
23757.png,1.0_1.0_3.0_2.0,13,55,63,160,105,50,4
23758.png,6.0_1.0,11,35,34,51,16,23,2
23759.png,5.0_1.0,11,44,39,67,23,28,2
2376.png,1.0_3.0,10,42,36,68,26,26,2
23760.png,3.0_3.0_1.0,2,18,17,38,20,15,3
23761.png,1.0_10.0,1,10,16,26,16,15,2
23762.png,2.0_2.0_10.0_6.0,1,15,17,53,38,16,4
23763.png,2.0_2.0,4,28,28,53,25,24,2
23764.png,1.0_10.0_2.0,1,17,20,36,19,19,3
23765.png,5.0_2.0_3.0,20,74,51,118,44,31,3
23766.png,8.0_2.0,3,38,44,68,30,41,2
23767.png,1.0_4.0_7.0,69,164,123,210,46,54,3
23768.png,2.0_7.0_10.0,6,73,43,124,51,37,3
23769.png,2.0,17,56,54,87,31,37,1
2377.png,5.0_8.0,3,28,32,47,19,29,2
23770.png,1.0_6.0,7,46,55,91,45,48,2
23771.png,3.0_7.0,17,56,60,96,40,43,2
23772.png,3.0_8.0,7,28,30,47,19,23,2
23773.png,4.0_9.0,5,28,38,56,28,33,2
23774.png,1.0_4.0_9.0,14,65,67,126,61,53,3
23775.png,1.0_2.0_1.0_2.0,11,48,49,101,53,38,4
23776.png,1.0_4.0,7,43,51,82,39,44,2
23777.png,8.0_3.0,4,35,47,76,41,43,2
23778.png,2.0_7.0,11,41,43,73,32,32,2
23779.png,1.0_6.0,2,17,21,31,14,19,2
2378.png,2.0_6.0,2,30,42,58,28,40,2
23780.png,4.0_3.0_8.0,26,97,84,196,99,58,3
23781.png,4.0_3.0,26,108,76,154,46,50,2
23782.png,2.0_8.0_8.0,2,23,34,67,44,32,3
23783.png,1.0_9.0,5,22,27,44,22,22,2
23784.png,2.0_5.0_4.0_3.0,2,19,20,68,49,18,4
23785.png,2.0_6.0,9,62,66,106,44,57,2
23786.png,1.0_2.0_7.0,8,29,36,67,38,28,3
23787.png,1.0_6.0_3.0,4,23,26,45,22,22,3
23788.png,4.0_10.0,31,136,117,239,103,86,2
23789.png,9.0_9.0_3.0,22,142,83,202,60,61,3
2379.png,8.0_5.0,5,87,101,158,71,96,2
23790.png,1.0,6,35,38,43,8,32,1
23791.png,3.0_2.0_3.0,7,96,134,255,159,127,3
23792.png,9.0,3,14,18,23,9,15,1
23793.png,3.0_10.0,1,26,33,56,30,32,2
23794.png,6.0_2.0,3,24,27,51,27,24,2
23795.png,6.0,10,9,61,33,24,51,1
23796.png,5.0,5,43,54,70,27,49,1
23797.png,2.0_4.0_2.0_1.0,1,11,13,37,26,12,4
23798.png,5.0_10.0,22,95,55,125,30,33,2
23799.png,7.0_7.0,1,21,26,50,29,25,2
238.png,7.0_7.0,8,30,30,64,34,22,2
2380.png,5.0_4.0_4.0,11,45,39,82,37,28,3
23800.png,4.0_5.0,6,36,43,70,34,37,2
23801.png,9.0,1,15,26,38,23,25,1
23802.png,2.0_6.0,3,15,19,27,12,16,2
23803.png,1.0_9.0_7.0,1,30,40,107,77,39,3
23804.png,3.0_2.0,33,87,89,133,46,56,2
23805.png,1.0_2.0_1.0,1,24,30,65,41,29,3
23806.png,5.0_2.0,12,44,53,75,31,41,2
23807.png,5.0_5.0,5,45,38,75,30,33,2
23808.png,4.0_10.0,11,36,36,69,33,25,2
23809.png,6.0_5.0_10.0,23,51,64,108,57,41,3
2381.png,4.0_1.0,8,84,101,198,114,93,2
23810.png,4.0,1,23,21,31,8,20,1
23811.png,2.0_3.0_7.0,16,53,47,80,27,31,3
23812.png,1.0_7.0,5,25,32,43,18,27,2
23813.png,2.0_8.0,3,36,41,73,37,38,2
23814.png,7.0_3.0,16,80,100,153,73,84,2
23815.png,6.0_8.0,15,93,95,159,66,80,2
23816.png,2.0_2.0_6.0_7.0,3,26,26,73,47,23,4
23817.png,7.0_5.0,2,15,17,29,14,15,2
23818.png,1.0_2.0_1.0,11,60,60,155,95,49,3
23819.png,9.0,7,40,40,55,15,33,1
2382.png,1.0_4.0,9,41,45,58,17,36,2
23820.png,3.0_7.0,15,12,62,73,61,47,2
23821.png,2.0,19,78,60,104,26,41,1
23822.png,3.0_1.0_3.0,6,28,36,62,34,30,3
23823.png,5.0,9,34,33,49,15,24,1
23824.png,2.0_5.0_5.0,19,67,51,109,42,32,3
23825.png,1.0_2.0_7.0,3,37,39,77,40,36,3
23826.png,1.0_7.0_5.0,19,61,49,95,34,30,3
23827.png,6.0,5,17,24,29,12,19,1
23828.png,1.0_9.0,8,36,44,56,20,36,2
23829.png,9.0,20,86,105,132,46,85,1
2383.png,3.0_5.0,4,23,21,41,18,17,2
23830.png,2.0_3.0_5.0_10.0,27,109,106,201,92,79,4
23831.png,2.0_4.0,11,44,47,90,46,36,2
23832.png,1.0_9.0_2.0,50,166,103,230,64,53,3
23833.png,2.0_9.0,6,19,23,32,13,17,2
23834.png,6.0_9.0,9,49,49,74,25,40,2
23835.png,3.0_7.0,5,32,41,65,33,36,2
23836.png,5.0_8.0,26,155,188,370,215,162,2
23837.png,1.0_9.0_5.0,2,21,21,41,20,19,3
23838.png,1.0_8.0,2,20,22,43,23,20,2
23839.png,1.0_8.0,3,36,38,61,25,35,2
2384.png,2.0_2.0_1.0,19,99,59,158,59,40,3
23840.png,6.0_8.0,2,14,16,26,12,14,2
23841.png,2.0_8.0_1.0,14,49,33,82,33,19,3
23842.png,1.0_1.0_6.0,1,3,21,26,23,20,3
23843.png,1.0_2.0,1,45,54,97,52,53,2
23844.png,1.0_8.0,3,20,20,29,9,17,2
23845.png,9.0_5.0_1.0,8,48,77,119,71,69,3
23846.png,4.0_7.0,17,67,46,111,44,29,2
23847.png,1.0,4,32,27,46,14,23,1
23848.png,1.0_8.0_7.0,4,21,19,41,20,15,3
23849.png,1.0_6.0_10.0,1,19,22,43,24,21,3
2385.png,2.0_1.0,4,35,47,92,57,43,2
23850.png,3.0_10.0,9,51,69,109,58,60,2
23851.png,3.0,10,45,37,60,15,27,1
23852.png,5.0_3.0_6.0,1,21,23,42,21,22,3
23853.png,3.0_5.0_7.0,7,42,44,92,50,37,3
23854.png,1.0_7.0_7.0,14,47,44,91,44,30,3
23855.png,2.0_7.0_10.0,42,110,73,139,29,31,3
23856.png,2.0_1.0_1.0,8,38,29,60,22,21,3
23857.png,3.0_5.0_9.0,15,52,59,276,224,44,3
23858.png,1.0_10.0,5,30,37,66,36,32,2
23859.png,5.0_7.0_9.0,37,142,128,242,100,91,3
2386.png,6.0_1.0,42,78,97,104,26,55,2
23860.png,1.0_5.0_7.0_10.0,3,32,31,98,66,28,4
23861.png,5.0_8.0,26,112,55,150,38,29,2
23862.png,1.0_7.0,11,44,36,69,25,25,2
23863.png,1.0_1.0_9.0,40,141,65,183,42,25,3
23864.png,2.0_4.0,1,17,22,36,19,21,2
23865.png,5.0_3.0,13,79,100,154,75,87,2
23866.png,4.0_5.0,12,54,58,122,68,46,2
23867.png,7.0,3,24,33,51,27,30,1
23868.png,5.0_8.0_6.0,29,81,57,133,52,28,3
23869.png,8.0_6.0,3,17,19,28,11,16,2
2387.png,1.0_7.0_1.0,4,21,26,40,19,22,3
23870.png,7.0_1.0,5,23,25,37,14,20,2
23871.png,3.0_8.0_5.0,9,37,39,87,50,30,3
23872.png,1.0_2.0_1.0,2,25,28,43,18,26,3
23873.png,2.0_10.0_6.0,9,51,71,167,116,62,3
23874.png,1.0_6.0_9.0_7.0,8,53,55,138,85,47,4
23875.png,4.0_2.0,4,30,30,52,22,26,2
23876.png,3.0_7.0,12,38,36,59,21,24,2
23877.png,3.0_5.0,1,17,23,43,26,22,2
23878.png,1.0_5.0_10.0,3,32,39,61,29,36,3
23879.png,6.0,1,26,28,40,14,27,1
2388.png,2.0,9,108,140,176,68,131,1
23880.png,2.0_4.0_6.0,6,27,31,56,29,25,3
23881.png,3.0_5.0,17,95,104,229,134,87,2
23882.png,2.0_2.0_10.0,30,76,68,117,41,38,3
23883.png,1.0_9.0,3,16,18,27,11,15,2
23884.png,8.0_7.0,1,25,24,46,21,23,2
23885.png,5.0_8.0,16,69,68,132,63,52,2
23886.png,8.0_3.0,4,21,21,39,18,17,2
23887.png,4.0,1,18,13,26,8,12,1
23888.png,1.0_5.0_8.0_10.0,8,27,41,76,49,33,4
23889.png,1.0_8.0,4,14,24,32,18,20,2
2389.png,3.0_3.0,4,42,47,103,61,43,2
23890.png,2.0,6,36,38,49,13,32,1
23891.png,1.0_9.0,17,53,39,71,18,22,2
23892.png,4.0_10.0_6.0,16,91,69,190,99,53,3
23893.png,5.0_4.0,15,53,63,104,51,48,2
23894.png,1.0_6.0_3.0,9,45,44,77,32,35,3
23895.png,3.0_9.0,8,46,44,82,36,36,2
23896.png,8.0_4.0,5,39,62,96,57,57,2
23897.png,7.0_9.0,9,41,44,81,40,35,2
23898.png,5.0_6.0,4,17,22,33,16,18,2
23899.png,1.0_2.0,43,99,118,163,64,75,2
239.png,1.0_4.0_10.0,2,22,23,51,29,21,3
2390.png,2.0,7,47,51,62,15,44,1
23900.png,3.0_8.0,7,39,38,66,27,31,2
23901.png,1.0,4,23,23,29,6,19,1
23902.png,1.0_6.0_3.0,4,28,31,53,25,27,3
23903.png,3.0_2.0_8.0,20,82,76,177,95,56,3
23904.png,2.0_2.0,3,31,37,63,32,34,2
23905.png,1.0_7.0,12,0,59,34,34,47,2
23906.png,6.0_7.0,6,39,53,98,59,47,2
23907.png,5.0_1.0,6,46,51,99,53,45,2
23908.png,3.0_7.0,9,43,44,78,35,35,2
23909.png,5.0_4.0,3,53,61,102,49,58,2
2391.png,4.0_5.0,2,18,21,41,23,19,2
23910.png,1.0_5.0,13,78,82,144,66,69,2
23911.png,4.0_4.0,1,39,45,86,47,44,2
23912.png,8.0_1.0,7,39,48,78,39,41,2
23913.png,8.0,11,37,25,46,9,14,1
23914.png,7.0,4,26,25,37,11,21,1
23915.png,2.0_1.0,10,30,28,44,14,18,2
23916.png,9.0_8.0,6,28,31,53,25,25,2
23917.png,1.0_1.0_9.0,10,73,93,142,69,83,3
23918.png,1.0_2.0_1.0,5,31,29,58,27,24,3
23919.png,1.0_7.0,8,40,50,70,30,42,2
2392.png,1.0_5.0,3,31,39,63,32,36,2
23920.png,1.0_5.0,1,18,24,37,19,23,2
23921.png,3.0,6,19,22,25,6,16,1
23922.png,6.0_7.0,25,156,78,204,48,53,2
23923.png,5.0,28,108,89,143,35,61,1
23924.png,5.0,23,68,62,88,20,39,1
23925.png,6.0_2.0,1,26,38,59,33,37,2
23926.png,9.0,1,28,31,46,18,30,1
23927.png,5.0_2.0,9,52,66,108,56,57,2
23928.png,1.0_10.0,1,12,16,24,12,15,2
23929.png,9.0_5.0,10,36,33,58,22,23,2
2393.png,3.0_4.0_5.0,32,128,131,286,158,99,3
23930.png,4.0_9.0,1,20,21,36,16,20,2
23931.png,5.0_9.0,6,29,31,53,24,25,2
23932.png,5.0_4.0,8,45,57,112,67,49,2
23933.png,3.0_5.0,11,47,51,99,52,40,2
23934.png,2.0_10.0,4,48,65,128,80,61,2
23935.png,3.0_10.0,7,38,49,82,44,42,2
23936.png,2.0_10.0,3,23,23,35,12,20,2
23937.png,3.0_2.0_7.0,12,36,114,121,85,102,3
23938.png,5.0_7.0,10,49,47,77,28,37,2
23939.png,1.0_3.0_8.0,3,24,27,42,18,24,3
2394.png,1.0_10.0,6,41,50,78,37,44,2
23940.png,1.0_7.0_5.0,50,144,79,185,41,29,3
23941.png,2.0_1.0,28,66,56,94,28,28,2
23942.png,5.0_3.0,47,164,110,230,66,63,2
23943.png,2.0_3.0,6,31,30,56,25,24,2
23944.png,4.0,12,41,45,61,20,33,1
23945.png,1.0_1.0,8,25,23,37,12,15,2
23946.png,7.0_3.0,56,158,87,183,25,31,2
23947.png,1.0_9.0,3,25,28,52,27,25,2
23948.png,1.0_3.0_9.0_3.0,15,57,51,112,55,36,4
23949.png,3.0_10.0,1,22,26,51,29,25,2
2395.png,1.0_4.0_6.0,102,149,165,224,75,63,3
23950.png,5.0_5.0,1,46,56,89,43,55,2
23951.png,2.0_7.0,16,51,47,83,32,31,2
23952.png,3.0_10.0_6.0,15,59,61,132,73,46,3
23953.png,7.0,1,22,26,36,14,25,1
23954.png,2.0_7.0,13,49,44,79,30,31,2
23955.png,8.0_5.0,3,22,77,91,69,74,2
23956.png,7.0_8.0_2.0,12,114,97,198,84,85,3
23957.png,1.0_9.0,3,20,22,31,11,19,2
23958.png,6.0,17,212,218,332,120,201,1
23959.png,3.0_8.0,2,73,97,166,93,95,2
2396.png,9.0,6,46,64,78,32,58,1
23960.png,1.0_2.0_4.0_4.0,2,15,16,49,34,14,4
23961.png,9.0,16,49,51,78,29,35,1
23962.png,7.0_10.0_10.0,17,80,78,142,62,61,3
23963.png,1.0_1.0,19,74,70,101,27,51,2
23964.png,6.0_9.0,14,54,64,107,53,50,2
23965.png,5.0_8.0,5,23,26,50,27,21,2
23966.png,1.0_10.0,15,58,56,94,36,41,2
23967.png,3.0_1.0_4.0,5,31,36,72,41,31,3
23968.png,6.0_8.0,2,40,45,93,53,43,2
23969.png,1.0_5.0,7,44,57,87,43,50,2
2397.png,1.0_1.0_4.0,14,44,45,77,33,31,3
23970.png,3.0_1.0_2.0,18,63,46,100,37,28,3
23971.png,2.0_3.0_7.0,8,56,54,136,80,46,3
23972.png,5.0_6.0_8.0,4,29,39,71,42,35,3
23973.png,4.0,11,48,45,71,23,34,1
23974.png,1.0_2.0_8.0,5,19,23,43,24,18,3
23975.png,3.0_10.0_4.0,9,42,52,79,37,43,3
23976.png,3.0_2.0,13,60,71,125,65,58,2
23977.png,3.0,15,42,36,57,15,21,1
23978.png,2.0_3.0,2,37,37,61,24,35,2
23979.png,9.0,3,23,22,37,14,19,1
2398.png,2.0_2.0_6.0,3,37,49,85,48,46,3
23980.png,1.0_5.0_4.0,48,71,82,125,54,34,3
23981.png,1.0,4,28,29,35,7,25,1
23982.png,6.0_2.0,32,42,103,134,92,71,2
23983.png,4.0,8,27,30,40,13,22,1
23984.png,1.0_5.0_2.0,10,43,30,70,27,20,3
23985.png,2.0_10.0_1.0,6,37,38,76,39,32,3
23986.png,1.0_10.0_1.0,4,27,29,61,34,25,3
23987.png,1.0_2.0,1,20,21,40,20,20,2
23988.png,3.0_6.0_9.0,2,21,21,48,27,19,3
23989.png,6.0_3.0_8.0,15,46,45,84,38,30,3
2399.png,3.0_7.0,7,61,84,125,64,77,2
23990.png,1.0_3.0_10.0_10.0,12,43,36,80,37,24,4
23991.png,2.0_1.0,7,42,44,82,40,37,2
23992.png,1.0_7.0_5.0_9.0,2,26,30,73,47,28,4
23993.png,4.0_9.0_4.0,9,31,30,56,25,21,3
23994.png,1.0_5.0_4.0,2,23,26,47,24,24,3
23995.png,2.0_2.0,24,97,99,188,91,75,2
23996.png,8.0_3.0_5.0,9,50,40,100,50,31,3
23997.png,3.0_10.0,2,19,20,42,23,18,2
23998.png,7.0,14,89,114,150,61,100,1
23999.png,4.0,1,18,24,33,15,23,1
24.png,8.0_9.0,56,233,93,269,36,37,2
240.png,3.0_9.0,41,127,80,166,39,39,2
2400.png,4.0,1,13,18,29,16,17,1
24000.png,1.0_7.0_1.0,41,185,100,222,37,59,3
24001.png,2.0_9.0_1.0,14,53,56,98,45,42,3
24002.png,1.0_6.0_5.0,13,66,67,130,64,54,3
24003.png,1.0_6.0_2.0,13,48,56,101,53,43,3
24004.png,1.0_7.0_4.0,12,43,53,76,33,41,3
24005.png,9.0_1.0,12,44,32,62,18,20,2
24006.png,1.0_5.0_4.0,19,109,119,219,110,100,3
24007.png,2.0_7.0_9.0,1,17,17,41,24,16,3
24008.png,2.0_5.0,6,34,38,59,25,32,2
24009.png,1.0_8.0_3.0,14,46,36,82,36,22,3
2401.png,1.0_10.0,18,60,38,85,25,20,2
24010.png,2.0,1,42,50,73,31,49,1
24011.png,1.0_4.0,3,16,18,31,15,15,2
24012.png,6.0_8.0,31,89,68,111,22,37,2
24013.png,3.0_10.0_10.0,1,18,19,39,21,18,3
24014.png,5.0_7.0,5,41,44,69,28,39,2
24015.png,9.0_5.0,1,23,28,57,34,27,2
24016.png,1.0_6.0_7.0_1.0,1,9,12,36,27,11,4
24017.png,5.0,16,61,52,89,28,36,1
24018.png,3.0_10.0,6,29,33,61,32,27,2
24019.png,3.0_10.0_4.0,13,61,53,184,123,40,3
2402.png,2.0_10.0,7,39,58,105,66,51,2
24020.png,5.0,1,10,13,18,8,12,1
24021.png,5.0_3.0_8.0,18,65,62,116,51,44,3
24022.png,1.0_3.0,19,67,55,103,36,36,2
24023.png,2.0_1.0,1,63,61,110,47,60,2
24024.png,4.0_4.0,1,18,18,29,11,17,2
24025.png,2.0_10.0,9,36,39,68,32,30,2
24026.png,3.0_10.0,10,34,34,58,24,24,2
24027.png,3.0_2.0,4,35,42,82,47,38,2
24028.png,1.0_10.0,1,14,14,34,20,13,2
24029.png,1.0_1.0,8,46,70,92,46,62,2
2403.png,6.0_6.0,3,20,21,40,20,18,2
24030.png,9.0_4.0_6.0,21,75,62,126,51,41,3
24031.png,7.0_9.0_10.0,18,61,41,95,34,23,3
24032.png,1.0_3.0_4.0,1,27,26,51,24,25,3
24033.png,5.0_8.0,7,41,44,86,45,37,2
24034.png,6.0,5,25,21,36,11,16,1
24035.png,2.0_7.0,31,187,132,297,110,101,2
24036.png,3.0_4.0,6,29,29,48,19,23,2
24037.png,1.0_1.0,14,46,38,72,26,24,2
24038.png,8.0_3.0_1.0,10,37,38,63,26,28,3
24039.png,2.0_4.0_7.0_4.0,1,17,20,54,37,19,4
2404.png,3.0_5.0,2,41,50,69,28,48,2
24040.png,1.0_8.0,3,37,41,60,23,38,2
24041.png,10.0_3.0_1.0_6.0_3.0,20,78,88,156,78,68,5
24042.png,2.0_1.0_3.0,3,17,21,45,28,18,3
24043.png,2.0_3.0_3.0_9.0,1,14,15,61,47,14,4
24044.png,1.0,10,55,49,66,11,39,1
24045.png,3.0_3.0,4,25,34,53,28,30,2
24046.png,5.0_10.0,34,117,107,182,65,73,2
24047.png,6.0_7.0,8,42,43,76,34,35,2
24048.png,1.0_1.0_1.0,6,45,45,94,49,39,3
24049.png,7.0_3.0_10.0,42,142,97,238,96,55,3
2405.png,7.0_4.0,5,28,30,41,13,25,2
24050.png,5.0_6.0_7.0,7,30,40,65,35,33,3
24051.png,7.0,2,18,19,33,15,17,1
24052.png,1.0_1.0,2,10,17,29,19,15,2
24053.png,5.0_7.0_2.0,56,164,111,256,92,55,3
24054.png,1.0_3.0_10.0,67,148,118,207,59,51,3
24055.png,1.0_7.0_1.0,67,107,94,142,35,27,3
24056.png,1.0_5.0_7.0,80,149,107,190,41,27,3
24057.png,5.0_10.0,19,61,56,88,27,37,2
24058.png,2.0_1.0_4.0,6,30,34,60,30,28,3
24059.png,6.0_8.0_4.0,40,89,84,139,50,44,3
2406.png,3.0,6,39,43,70,31,37,1
24060.png,1.0_6.0_1.0,18,117,76,159,42,58,3
24061.png,3.0_3.0,7,42,46,69,27,39,2
24062.png,4.0,6,41,47,61,20,41,1
24063.png,1.0_4.0_1.0,4,30,34,64,34,30,3
24064.png,1.0_10.0,1,14,15,26,12,14,2
24065.png,4.0_8.0,11,46,48,87,41,37,2
24066.png,1.0_8.0,37,142,82,180,38,45,2
24067.png,5.0_7.0_10.0,23,84,86,164,80,63,3
24068.png,2.0_5.0,8,53,60,113,60,52,2
24069.png,1.0_9.0_8.0,10,48,49,98,50,39,3
2407.png,2.0,10,42,33,49,7,23,1
24070.png,2.0_4.0,6,25,27,41,16,21,2
24071.png,1.0_5.0_9.0,9,56,70,123,67,61,3
24072.png,1.0_5.0,1,28,41,67,39,40,2
24073.png,3.0_9.0,9,46,56,96,50,47,2
24074.png,1.0_9.0_2.0,0,31,36,74,43,36,3
24075.png,5.0_7.0_10.0_10.0,46,198,89,270,72,43,4
24076.png,10.0,13,127,45,148,21,32,1
24077.png,1.0_7.0,8,66,77,121,55,69,2
24078.png,9.0,2,25,28,43,18,26,1
24079.png,4.0,1,22,24,32,10,23,1
2408.png,3.0_9.0_1.0,13,54,50,93,39,37,3
24080.png,1.0,7,37,30,45,8,23,1
24081.png,3.0_10.0_1.0,21,172,70,209,37,49,3
24082.png,6.0_8.0,5,28,32,62,34,27,2
24083.png,2.0_5.0_7.0_4.0,3,36,44,131,95,41,4
24084.png,1.0_5.0_4.0_7.0,4,53,69,172,119,65,4
24085.png,1.0_5.0,14,56,65,102,46,51,2
24086.png,1.0_10.0,9,37,31,50,13,22,2
24087.png,2.0_10.0,6,19,28,50,31,22,2
24088.png,2.0_5.0_1.0,2,40,47,96,56,45,3
24089.png,1.0,12,42,30,47,5,18,1
2409.png,7.0_3.0,1,19,24,41,22,23,2
24090.png,1.0_2.0,62,169,139,235,66,77,2
24091.png,3.0_5.0_9.0,54,149,86,201,52,32,3
24092.png,5.0_2.0,14,60,61,114,54,47,2
24093.png,6.0,8,34,38,48,14,30,1
24094.png,2.0_6.0,16,24,107,105,81,91,2
24095.png,6.0_3.0,2,28,31,51,23,29,2
24096.png,2.0_3.0_5.0,12,37,33,67,30,21,3
24097.png,1.0_7.0,9,32,35,55,23,26,2
24098.png,7.0_2.0,15,46,52,72,26,37,2
24099.png,1.0_7.0_5.0,33,103,96,176,73,63,3
241.png,1.0_5.0,3,15,18,28,13,15,2
2410.png,2.0_2.0_5.0_4.0,6,29,32,80,51,26,4
24100.png,4.0_6.0,4,25,32,53,28,28,2
24101.png,5.0_4.0,5,18,19,29,11,14,2
24102.png,2.0_1.0_1.0,22,142,102,217,75,80,3
24103.png,2.0,5,22,21,33,11,16,1
24104.png,2.0_1.0_6.0,6,28,32,53,25,26,3
24105.png,2.0_2.0_8.0_4.0,1,22,30,125,103,29,4
24106.png,3.0_5.0,2,19,21,47,28,19,2
24107.png,5.0_6.0,3,19,22,39,20,19,2
24108.png,4.0_10.0,3,33,35,57,24,32,2
24109.png,1.0_1.0_8.0,3,24,28,54,30,25,3
2411.png,1.0_5.0_5.0,5,79,99,187,108,94,3
24110.png,5.0_2.0,4,43,46,81,38,42,2
24111.png,1.0_4.0_2.0,20,66,62,101,35,42,3
24112.png,5.0_6.0,8,34,40,58,24,32,2
24113.png,3.0_3.0,6,35,39,54,19,33,2
24114.png,3.0_10.0,2,32,37,54,22,35,2
24115.png,2.0_4.0_5.0,15,46,38,79,33,23,3
24116.png,6.0,6,43,30,56,13,24,1
24117.png,1.0_9.0,15,58,45,89,31,30,2
24118.png,8.0_1.0_7.0,8,37,35,90,53,27,3
24119.png,2.0_10.0,2,44,56,111,67,54,2
2412.png,9.0,9,35,32,49,14,23,1
24120.png,1.0_3.0,4,27,37,65,38,33,2
24121.png,8.0_1.0_6.0,2,31,44,71,40,42,3
24122.png,4.0_8.0,1,31,36,63,32,35,2
24123.png,2.0_8.0_4.0,13,60,52,135,75,39,3
24124.png,2.0_10.0_1.0_4.0,7,28,33,89,61,26,4
24125.png,1.0_2.0_7.0,17,47,48,101,54,31,3
24126.png,1.0,5,26,32,40,14,27,1
24127.png,2.0_3.0,2,35,46,76,41,44,2
24128.png,7.0,7,43,49,64,21,42,1
24129.png,8.0,1,21,31,40,19,30,1
2413.png,1.0_4.0_3.0,19,98,114,192,94,95,3
24130.png,1.0_1.0_9.0,4,24,27,43,19,23,3
24131.png,1.0_4.0_9.0,26,117,68,167,50,42,3
24132.png,3.0_8.0,11,62,88,140,78,77,2
24133.png,6.0_4.0,29,79,69,127,48,40,2
24134.png,1.0,14,80,75,102,22,61,1
24135.png,4.0,7,35,35,45,10,28,1
24136.png,7.0_6.0,5,18,23,33,15,18,2
24137.png,1.0_2.0,5,36,44,66,30,39,2
24138.png,1.0_5.0,5,31,29,58,27,24,2
24139.png,1.0_10.0_5.0,12,63,52,110,47,40,3
2414.png,8.0,1,29,38,45,16,37,1
24140.png,2.0_4.0_8.0,0,22,32,65,43,32,3
24141.png,1.0_1.0_6.0,2,24,29,42,18,27,3
24142.png,5.0_8.0_9.0,13,51,35,76,25,22,3
24143.png,9.0_8.0,16,48,48,75,27,32,2
24144.png,2.0_1.0_7.0,18,112,108,236,124,90,3
24145.png,6.0_3.0,8,43,49,75,32,41,2
24146.png,2.0_1.0_6.0_3.0,1,21,26,73,52,25,4
24147.png,1.0_1.0,11,40,32,56,16,21,2
24148.png,1.0_2.0,3,27,25,44,17,22,2
24149.png,6.0_8.0,6,31,42,72,41,36,2
2415.png,6.0_8.0,9,42,50,73,31,41,2
24150.png,1.0_9.0_6.0_9.0,14,43,64,115,72,50,4
24151.png,1.0_3.0,4,20,24,39,19,20,2
24152.png,1.0_10.0_1.0,1,15,17,35,20,16,3
24153.png,1.0_3.0,16,124,140,179,55,124,2
24154.png,3.0_1.0,6,36,41,65,29,35,2
24155.png,2.0_1.0_8.0_7.0,3,24,22,60,36,19,4
24156.png,5.0_8.0,4,50,54,75,25,50,2
24157.png,4.0_10.0,6,38,49,80,42,43,2
24158.png,3.0_1.0,1,19,23,39,20,22,2
24159.png,5.0_9.0,23,82,77,134,52,54,2
2416.png,5.0,9,39,32,49,10,23,1
24160.png,3.0,2,92,46,121,29,44,1
24161.png,4.0_2.0,7,40,50,74,34,43,2
24162.png,1.0_7.0_6.0,9,61,38,82,21,29,3
24163.png,5.0_9.0,10,42,46,69,27,36,2
24164.png,5.0_1.0,22,69,50,94,25,28,2
24165.png,7.0_6.0_5.0,22,89,88,176,87,66,3
24166.png,2.0_9.0,3,28,33,54,26,30,2
24167.png,4.0_1.0,6,24,28,46,22,22,2
24168.png,3.0_6.0_2.0,15,71,77,146,75,62,3
24169.png,1.0_10.0_3.0,4,42,41,79,37,37,3
2417.png,8.0_2.0_4.0,12,75,82,158,83,70,3
24170.png,3.0_10.0,10,55,64,121,66,54,2
24171.png,7.0_8.0,12,1,44,29,28,32,2
24172.png,2.0_6.0,3,21,19,37,16,16,2
24173.png,5.0_2.0,6,35,47,68,33,41,2
24174.png,8.0_3.0,2,24,32,51,27,30,2
24175.png,5.0_9.0,5,25,27,46,21,22,2
24176.png,2.0_2.0,22,83,65,134,51,43,2
24177.png,1.0,1,13,14,19,6,13,1
24178.png,1.0_7.0_6.0_6.0,3,21,24,57,36,21,4
24179.png,1.0_4.0_1.0,15,83,95,179,96,80,3
2418.png,5.0_2.0_6.0,17,68,51,115,47,34,3
24180.png,1.0_5.0,8,7,37,30,23,29,2
24181.png,1.0_7.0,2,14,18,30,16,16,2
24182.png,5.0_7.0,6,34,40,63,29,34,2
24183.png,2.0_5.0_2.0,1,16,24,48,32,23,3
24184.png,1.0_4.0_8.0_6.0,2,22,25,71,49,23,4
24185.png,2.0_5.0_1.0,39,244,73,276,32,34,3
24186.png,1.0_8.0_9.0_1.0,2,21,22,58,37,20,4
24187.png,3.0_6.0,6,34,38,66,32,32,2
24188.png,5.0_7.0,5,24,35,46,22,30,2
24189.png,2.0,1,15,19,26,11,18,1
2419.png,4.0_10.0_1.0,23,191,90,258,67,67,3
24190.png,2.0,7,31,36,48,17,29,1
24191.png,1.0_2.0_2.0,4,16,17,28,12,13,3
24192.png,9.0,2,36,29,48,12,27,1
24193.png,5.0,3,60,37,81,21,34,1
24194.png,4.0,6,63,77,111,48,71,1
24195.png,1.0_6.0,2,46,43,83,37,41,2
24196.png,6.0_1.0,6,33,39,72,39,33,2
24197.png,3.0_1.0,24,90,55,116,26,31,2
24198.png,1.0,8,21,21,27,6,13,1
24199.png,5.0_2.0,6,34,40,72,38,34,2
242.png,1.0_5.0,5,23,29,50,27,24,2
2420.png,4.0_8.0,13,37,33,54,17,20,2
24200.png,2.0,8,30,28,38,8,20,1
24201.png,1.0_6.0,20,119,154,241,122,134,2
24202.png,2.0_7.0,2,28,37,73,45,35,2
24203.png,1.0_9.0,13,67,63,123,56,50,2
24204.png,5.0_7.0,7,29,32,57,28,25,2
24205.png,2.0_6.0_2.0,9,31,35,62,31,26,3
24206.png,1.0_8.0_5.0,2,26,28,49,23,26,3
24207.png,7.0_9.0,7,32,35,56,24,28,2
24208.png,8.0,5,24,28,39,15,23,1
24209.png,2.0_4.0_1.0,4,21,27,63,42,23,3
2421.png,3.0,4,32,37,51,19,33,1
24210.png,8.0_6.0,4,25,23,40,15,19,2
24211.png,9.0_4.0,9,36,39,72,36,30,2
24212.png,8.0,4,28,31,40,12,27,1
24213.png,3.0_2.0,5,66,65,123,57,60,2
24214.png,9.0_4.0,9,31,32,50,19,23,2
24215.png,5.0_10.0,1,39,41,61,22,40,2
24216.png,3.0_2.0,1,13,16,31,18,15,2
24217.png,6.0_2.0,1,30,30,65,35,29,2
24218.png,2.0_8.0,3,32,41,57,25,38,2
24219.png,6.0_9.0,1,13,18,31,18,17,2
2422.png,2.0_8.0,27,68,61,93,25,34,2
24220.png,8.0_10.0,22,67,55,93,26,33,2
24221.png,1.0_1.0_7.0,122,153,152,185,32,30,3
24222.png,2.0_1.0_8.0,19,73,66,124,51,47,3
24223.png,1.0_3.0,4,21,25,38,17,21,2
24224.png,6.0_5.0,1,29,31,52,23,30,2
24225.png,1.0_5.0,9,65,72,141,76,63,2
24226.png,5.0_2.0,4,42,61,95,53,57,2
24227.png,2.0_9.0_6.0,1,19,26,52,33,25,3
24228.png,9.0_6.0,3,22,28,47,25,25,2
24229.png,7.0_3.0,6,31,37,55,24,31,2
2423.png,1.0_5.0_10.0_2.0,15,43,40,75,32,25,4
24230.png,1.0_5.0_9.0,2,24,31,60,36,29,3
24231.png,1.0_8.0_4.0,1,22,23,45,23,22,3
24232.png,4.0_5.0,10,39,43,71,32,33,2
24233.png,9.0_7.0,8,29,35,59,30,27,2
24234.png,1.0_5.0,12,58,51,108,50,39,2
24235.png,8.0,1,26,29,41,15,28,1
24236.png,7.0,2,16,15,21,5,13,1
24237.png,7.0_9.0,9,43,46,83,40,37,2
24238.png,2.0_4.0,8,35,48,85,50,40,2
24239.png,9.0,12,46,30,58,12,18,1
2424.png,1.0_3.0,4,32,27,53,21,23,2
24240.png,2.0_1.0_6.0,4,43,48,92,49,44,3
24241.png,3.0,6,29,26,41,12,20,1
24242.png,6.0_7.0,2,61,63,99,38,61,2
24243.png,1.0_5.0,1,22,28,42,20,27,2
24244.png,5.0_10.0,14,50,46,68,18,32,2
24245.png,4.0_5.0,1,30,42,63,33,41,2
24246.png,8.0_8.0,16,58,73,113,55,57,2
24247.png,2.0,3,26,30,36,10,27,1
24248.png,6.0,9,47,40,58,11,31,1
24249.png,8.0_8.0_6.0,19,76,98,186,110,79,3
2425.png,1.0_1.0_10.0,5,67,51,115,48,46,3
24250.png,9.0_1.0,4,76,97,139,63,93,2
24251.png,1.0_1.0_2.0,4,24,31,54,30,27,3
24252.png,2.0_8.0,4,35,42,54,19,38,2
24253.png,5.0,12,46,47,64,18,35,1
24254.png,6.0_10.0,1,40,53,100,60,52,2
24255.png,2.0_3.0_8.0_8.0,1,12,13,38,26,12,4
24256.png,1.0_1.0_9.0,9,40,40,65,25,31,3
24257.png,1.0_2.0,4,44,45,73,29,41,2
24258.png,8.0_3.0,13,59,67,112,53,54,2
24259.png,2.0_3.0_10.0,12,52,52,87,35,40,3
2426.png,1.0_5.0,12,66,64,99,33,52,2
24260.png,1.0_1.0_4.0,4,20,19,29,9,15,3
24261.png,6.0,12,61,77,112,51,65,1
24262.png,5.0_10.0,24,94,85,147,53,61,2
24263.png,7.0_10.0,1,19,19,44,25,18,2
24264.png,6.0_10.0,5,25,26,48,23,21,2
24265.png,1.0_8.0,8,58,71,116,58,63,2
24266.png,3.0_2.0,5,56,91,143,87,86,2
24267.png,2.0_3.0,4,26,27,46,20,23,2
24268.png,4.0_7.0_1.0,27,107,79,168,61,52,3
24269.png,3.0_9.0,12,55,55,94,39,43,2
2427.png,5.0_1.0,17,64,64,113,49,47,2
24270.png,6.0,7,49,58,75,26,51,1
24271.png,1.0_10.0,8,32,41,56,24,33,2
24272.png,3.0_10.0,5,33,40,72,39,35,2
24273.png,1.0_9.0,1,24,28,45,21,27,2
24274.png,8.0_2.0,4,25,24,39,14,20,2
24275.png,1.0_3.0_8.0,11,38,45,65,27,34,3
24276.png,1.0_3.0,1,40,47,74,34,46,2
24277.png,3.0_4.0,10,45,48,81,36,38,2
24278.png,1.0_5.0,6,49,60,83,34,54,2
24279.png,1.0_3.0,5,39,37,66,27,32,2
2428.png,2.0_3.0,43,110,83,148,38,40,2
24280.png,4.0,1,23,28,42,19,27,1
24281.png,3.0,20,100,98,147,47,78,1
24282.png,2.0_4.0_3.0,16,49,34,75,26,18,3
24283.png,3.0_8.0,41,119,112,194,75,71,2
24284.png,10.0,5,43,27,54,11,22,1
24285.png,9.0_5.0,4,26,24,45,19,20,2
24286.png,3.0_9.0,4,32,39,68,36,35,2
24287.png,1.0_7.0,6,34,33,56,22,27,2
24288.png,5.0_10.0,1,21,23,43,22,22,2
24289.png,2.0_10.0_2.0_2.0,1,16,17,45,29,16,4
2429.png,5.0,5,28,25,39,11,20,1
24290.png,7.0,3,37,48,68,31,45,1
24291.png,6.0_4.0_10.0,5,40,47,84,44,42,3
24292.png,1.0_6.0_2.0,12,76,53,109,33,41,3
24293.png,9.0,2,24,25,40,16,23,1
24294.png,3.0_6.0,3,23,28,41,18,25,2
24295.png,5.0_7.0_4.0,4,26,35,58,32,31,3
24296.png,1.0_5.0_3.0,1,33,48,86,53,47,3
24297.png,1.0_8.0_10.0,6,36,36,55,19,30,3
24298.png,9.0_1.0,18,58,40,79,21,22,2
24299.png,1.0_4.0_10.0_9.0,1,13,18,47,34,17,4
243.png,2.0_3.0_6.0_3.0,6,28,20,60,32,14,4
2430.png,5.0,9,38,37,56,18,28,1
24300.png,5.0_10.0,4,23,28,47,24,24,2
24301.png,1.0_4.0_8.0,33,83,66,117,34,33,3
24302.png,4.0,5,39,49,58,19,44,1
24303.png,9.0,6,43,52,65,22,46,1
24304.png,3.0_3.0,2,15,14,31,16,12,2
24305.png,2.0_6.0,31,114,75,165,51,44,2
24306.png,9.0,1,22,23,37,15,22,1
24307.png,9.0_6.0_2.0,16,47,37,75,28,21,3
24308.png,1.0_3.0,5,38,51,69,31,46,2
24309.png,5.0_7.0,4,39,43,75,36,39,2
2431.png,2.0_2.0_2.0_6.0,1,21,26,72,51,25,4
24310.png,5.0,10,47,49,63,16,39,1
24311.png,6.0_6.0,3,34,31,63,29,28,2
24312.png,1.0_4.0,28,103,110,175,72,82,2
24313.png,1.0_10.0_10.0,9,51,54,107,56,45,3
24314.png,4.0_3.0,3,19,20,32,13,17,2
24315.png,2.0_2.0,1,18,23,34,16,22,2
24316.png,7.0,3,31,35,46,15,32,1
24317.png,1.0_9.0_3.0,15,62,52,129,67,37,3
24318.png,2.0_1.0_1.0,0,15,20,34,19,20,3
24319.png,1.0,5,27,30,35,8,25,1
2432.png,1.0_10.0,1,24,25,49,25,24,2
24320.png,8.0_1.0,1,14,16,30,16,15,2
24321.png,1.0_8.0,13,44,36,67,23,23,2
24322.png,3.0_4.0_8.0,39,85,68,125,40,29,3
24323.png,5.0_6.0,1,26,30,55,29,29,2
24324.png,1.0_9.0,4,19,20,30,11,16,2
24325.png,4.0,3,17,21,28,11,18,1
24326.png,7.0_7.0,4,19,26,38,19,22,2
24327.png,3.0_8.0,2,19,21,39,20,19,2
24328.png,7.0_9.0,5,31,36,58,27,31,2
24329.png,4.0_6.0,5,35,32,56,21,27,2
2433.png,1.0_10.0_6.0,46,171,122,271,100,76,3
24330.png,1.0_8.0,11,48,47,66,18,36,2
24331.png,2.0_3.0,11,49,42,86,37,31,2
24332.png,1.0_5.0,23,113,121,163,50,98,2
24333.png,1.0_6.0_9.0,1,52,58,132,80,57,3
24334.png,3.0_5.0,5,43,48,80,37,43,2
24335.png,1.0_3.0,11,39,45,70,31,34,2
24336.png,2.0_3.0,7,33,36,60,27,29,2
24337.png,6.0,12,62,43,76,14,31,1
24338.png,3.0_2.0,1,21,21,37,16,20,2
24339.png,5.0_9.0,22,82,56,116,34,34,2
2434.png,6.0,6,28,25,39,11,19,1
24340.png,9.0,1,47,49,69,22,48,1
24341.png,6.0_8.0,7,48,52,98,50,45,2
24342.png,2.0_1.0_4.0,14,77,86,158,81,72,3
24343.png,2.0_4.0,4,19,22,38,19,18,2
24344.png,4.0_9.0,5,41,48,101,60,43,2
24345.png,5.0_4.0,9,54,58,105,51,49,2
24346.png,4.0_6.0,12,73,91,169,96,79,2
24347.png,9.0_9.0,3,23,28,40,17,25,2
24348.png,7.0_6.0,21,84,40,111,27,19,2
24349.png,2.0_3.0_1.0_1.0,4,37,24,107,70,20,4
2435.png,7.0_8.0,16,74,51,112,38,35,2
24350.png,3.0_2.0,58,213,100,262,49,42,2
24351.png,1.0_2.0_8.0,5,31,39,71,40,34,3
24352.png,5.0_8.0,4,36,47,66,30,43,2
24353.png,4.0_10.0,2,32,39,98,66,37,2
24354.png,4.0_4.0,8,35,38,62,27,30,2
24355.png,2.0_6.0_5.0,56,129,114,209,80,58,3
24356.png,8.0_4.0,11,51,56,99,48,45,2
24357.png,9.0_5.0_3.0,30,134,94,211,77,64,3
24358.png,7.0_1.0,3,23,21,37,14,18,2
24359.png,4.0_8.0,3,26,28,46,20,25,2
2436.png,7.0,6,30,34,47,17,28,1
24360.png,3.0,6,44,54,74,30,48,1
24361.png,1.0_2.0,14,43,42,72,29,28,2
24362.png,2.0,3,29,28,41,12,25,1
24363.png,1.0_2.0,5,34,34,72,38,29,2
24364.png,4.0_5.0,5,51,59,123,72,54,2
24365.png,3.0_3.0,3,22,21,37,15,18,2
24366.png,2.0_4.0_3.0_4.0,1,40,45,108,68,44,4
24367.png,1.0_9.0_1.0,16,89,88,162,73,72,3
24368.png,3.0_2.0,3,23,28,40,17,25,2
24369.png,5.0_1.0,5,19,22,40,21,17,2
2437.png,5.0,1,15,17,31,16,16,1
24370.png,1.0,13,45,43,58,13,30,1
24371.png,2.0_5.0,2,27,30,58,31,28,2
24372.png,2.0_6.0,8,35,42,68,33,34,2
24373.png,5.0_2.0_4.0,12,43,46,88,45,34,3
24374.png,2.0_8.0,13,52,51,78,26,38,2
24375.png,7.0_6.0,2,29,40,68,39,38,2
24376.png,1.0_1.0,3,27,31,43,16,28,2
24377.png,6.0,15,69,55,91,22,40,1
24378.png,2.0_4.0_5.0_8.0,3,31,33,71,40,30,4
24379.png,9.0_3.0,2,21,18,31,10,16,2
2438.png,2.0_9.0,2,27,25,43,16,23,2
24380.png,3.0_9.0,1,27,40,81,54,39,2
24381.png,1.0,4,28,28,37,9,24,1
24382.png,7.0_4.0,1,53,61,96,43,60,2
24383.png,6.0_3.0,5,26,28,53,27,23,2
24384.png,1.0_9.0_5.0,3,32,36,92,60,33,3
24385.png,3.0_3.0,15,98,120,206,108,105,2
24386.png,3.0_2.0,3,31,32,52,21,29,2
24387.png,2.0_4.0_10.0,12,71,64,126,55,52,3
24388.png,3.0,3,36,35,55,19,32,1
24389.png,1.0_2.0_1.0,9,52,48,82,30,39,3
2439.png,2.0_2.0,97,37,179,100,63,82,2
24390.png,4.0,8,43,51,66,23,43,1
24391.png,6.0_7.0_6.0,7,39,52,79,40,45,3
24392.png,1.0_4.0,9,50,60,93,43,51,2
24393.png,6.0_6.0,7,32,44,54,22,37,2
24394.png,5.0_9.0,17,85,108,192,107,91,2
24395.png,2.0_4.0,5,25,28,43,18,23,2
24396.png,1.0_2.0_9.0,16,94,107,207,113,91,3
24397.png,5.0_5.0,7,19,25,34,15,18,2
24398.png,3.0_8.0,23,131,137,287,156,114,2
24399.png,2.0_1.0,3,16,23,33,17,20,2
244.png,1.0_5.0,8,34,38,54,20,30,2
2440.png,2.0_10.0,7,32,31,55,23,24,2
24400.png,8.0_5.0,12,56,64,106,50,52,2
24401.png,3.0_3.0_3.0,9,37,37,65,28,28,3
24402.png,1.0_4.0,1,16,17,34,18,16,2
24403.png,5.0,6,26,31,43,17,25,1
24404.png,1.0_8.0,12,91,110,153,62,98,2
24405.png,1.0_5.0,8,55,73,101,46,65,2
24406.png,8.0_4.0,23,121,137,255,134,114,2
24407.png,9.0_6.0,30,103,103,220,117,73,2
24408.png,2.0_1.0_4.0,4,24,26,43,19,22,3
24409.png,5.0,5,26,25,39,13,20,1
2441.png,5.0,3,26,37,50,24,34,1
24410.png,1.0_8.0,6,28,30,47,19,24,2
24411.png,1.0_4.0,21,58,44,81,23,23,2
24412.png,2.0_2.0_7.0_5.0,1,20,25,63,43,24,4
24413.png,1.0_10.0_5.0,14,64,52,108,44,38,3
24414.png,8.0_4.0_8.0,11,35,26,55,20,15,3
24415.png,1.0_10.0,8,29,28,40,11,20,2
24416.png,1.0_5.0_3.0,37,86,61,111,25,24,3
24417.png,9.0_2.0,5,187,62,233,46,57,2
24418.png,3.0_9.0,5,22,21,41,19,16,2
24419.png,1.0_9.0_9.0,34,138,64,176,38,30,3
2442.png,7.0,9,31,26,39,8,17,1
24420.png,2.0_9.0,9,54,70,127,73,61,2
24421.png,2.0_9.0_7.0,8,33,34,58,25,26,3
24422.png,1.0_1.0,23,84,50,101,17,27,2
24423.png,9.0_10.0,24,77,47,102,25,23,2
24424.png,1.0_10.0_7.0,4,27,28,53,26,24,3
24425.png,2.0_10.0_7.0,1,94,107,166,72,106,3
24426.png,2.0_1.0,13,66,73,112,46,60,2
24427.png,3.0_10.0,11,57,55,91,34,44,2
24428.png,4.0_10.0,22,43,75,111,68,53,2
24429.png,1.0_5.0,1,14,19,27,13,18,2
2443.png,4.0_4.0,20,69,74,134,65,54,2
24430.png,9.0_4.0,2,15,15,28,13,13,2
24431.png,1.0_3.0,6,33,33,52,19,27,2
24432.png,7.0_10.0,8,39,40,68,29,32,2
24433.png,7.0_5.0,4,50,50,92,42,46,2
24434.png,3.0,3,28,33,40,12,30,1
24435.png,3.0,7,41,29,49,8,22,1
24436.png,9.0_1.0_10.0,45,113,105,167,54,60,3
24437.png,1.0_7.0_4.0,1,20,20,56,36,19,3
24438.png,7.0_3.0,11,34,36,57,23,25,2
24439.png,1.0_4.0_3.0,1,21,32,53,32,31,3
2444.png,5.0_10.0,6,36,42,66,30,36,2
24440.png,1.0_1.0,1,26,30,44,18,29,2
24441.png,2.0_1.0_9.0_1.0,19,45,46,88,43,27,4
24442.png,1.0_4.0,12,45,44,70,25,32,2
24443.png,4.0_1.0,11,43,40,75,32,29,2
24444.png,8.0_4.0,3,41,42,67,26,39,2
24445.png,3.0_6.0,1,19,23,38,19,22,2
24446.png,2.0_10.0_5.0_4.0,1,16,14,47,31,13,4
24447.png,4.0_2.0,1,27,24,48,21,23,2
24448.png,2.0_2.0_5.0,1,30,36,76,46,35,3
24449.png,1.0,5,16,20,21,5,15,1
2445.png,1.0_5.0,4,35,39,60,25,35,2
24450.png,1.0_7.0_10.0_10.0,1,19,19,60,41,18,4
24451.png,1.0_8.0,5,19,24,39,20,19,2
24452.png,2.0_9.0,1,14,19,36,22,18,2
24453.png,2.0_8.0_1.0,4,23,26,43,20,22,3
24454.png,2.0_3.0,8,24,22,36,12,14,2
24455.png,2.0_10.0_8.0,9,52,52,104,52,43,3
24456.png,1.0,4,25,34,36,11,30,1
24457.png,4.0_1.0,2,12,17,23,11,15,2
24458.png,2.0,1,23,30,44,21,29,1
24459.png,4.0_7.0_4.0,8,34,33,64,30,25,3
2446.png,4.0_10.0,18,76,68,116,40,50,2
24460.png,9.0_7.0,3,22,24,41,19,21,2
24461.png,5.0_4.0_2.0,6,7,31,29,22,25,3
24462.png,5.0_2.0,8,36,34,64,28,26,2
24463.png,3.0_5.0,1,22,22,40,18,21,2
24464.png,1.0_1.0,13,51,49,75,24,36,2
24465.png,3.0_10.0,4,28,36,53,25,32,2
24466.png,1.0_10.0,4,22,24,33,11,20,2
24467.png,3.0_5.0,5,22,26,39,17,21,2
24468.png,4.0_6.0_3.0,7,25,27,57,32,20,3
24469.png,3.0_2.0,3,104,122,192,88,119,2
2447.png,8.0_6.0,20,99,74,150,51,54,2
24470.png,3.0,30,96,98,137,41,68,1
24471.png,2.0_1.0_10.0,8,43,42,96,53,34,3
24472.png,4.0_2.0_1.0,22,83,68,136,53,46,3
24473.png,1.0_2.0,7,37,38,64,27,31,2
24474.png,9.0,5,38,48,59,21,43,1
24475.png,3.0_8.0,5,26,31,48,22,26,2
24476.png,2.0_2.0,19,123,95,164,41,76,2
24477.png,1.0_10.0_8.0,3,29,38,66,37,35,3
24478.png,1.0_2.0,1,15,17,31,16,16,2
24479.png,2.0_2.0,5,33,33,53,20,28,2
2448.png,5.0_4.0,7,43,42,79,36,35,2
24480.png,2.0_6.0_5.0_9.0,3,19,20,59,40,17,4
24481.png,8.0_2.0,2,19,19,37,18,17,2
24482.png,1.0_4.0_1.0,6,31,35,55,24,29,3
24483.png,3.0_2.0,13,52,31,69,17,18,2
24484.png,2.0_3.0_2.0,9,65,74,144,79,65,3
24485.png,6.0_7.0,4,36,37,55,19,33,2
24486.png,1.0_7.0,9,31,38,61,30,29,2
24487.png,9.0_10.0,17,61,45,87,26,28,2
24488.png,2.0_8.0,15,65,65,101,36,50,2
24489.png,2.0_8.0,6,46,53,72,26,47,2
2449.png,5.0_1.0,1,25,24,40,15,23,2
24490.png,3.0_6.0_10.0,20,73,80,166,93,60,3
24491.png,4.0_7.0,11,50,54,98,48,43,2
24492.png,5.0_1.0_4.0,60,95,85,123,28,25,3
24493.png,8.0,5,37,43,57,20,38,1
24494.png,4.0,10,84,63,117,33,53,1
24495.png,9.0_9.0,10,51,65,126,75,55,2
24496.png,9.0,6,22,23,36,14,17,1
24497.png,9.0_9.0_8.0,8,20,21,35,15,13,3
24498.png,3.0_9.0,5,33,38,55,22,33,2
24499.png,8.0_3.0_1.0,108,203,144,250,47,36,3
245.png,3.0_8.0,8,29,31,55,26,23,2
2450.png,7.0_6.0,2,23,22,50,27,20,2
24500.png,4.0_10.0,17,93,85,163,70,68,2
24501.png,9.0_8.0_10.0,9,34,38,86,52,29,3
24502.png,4.0_10.0,1,18,25,48,30,24,2
24503.png,9.0,26,82,85,127,45,59,1
24504.png,4.0_7.0,1,17,28,45,28,27,2
24505.png,8.0_10.0,5,33,40,72,39,35,2
24506.png,1.0_3.0_2.0_4.0,1,18,18,41,23,17,4
24507.png,1.0_3.0_8.0,16,43,44,63,20,28,3
24508.png,5.0_8.0,3,21,23,42,21,20,2
24509.png,6.0_7.0_7.0,9,168,51,220,52,42,3
2451.png,2.0_5.0,8,32,31,51,19,23,2
24510.png,1.0_6.0_5.0_4.0,38,77,72,162,85,34,4
24511.png,6.0_1.0,4,25,30,46,21,26,2
24512.png,6.0_7.0,6,20,21,35,15,15,2
24513.png,1.0_8.0,5,23,22,31,8,17,2
24514.png,5.0_7.0,5,38,41,74,36,36,2
24515.png,1.0_3.0_8.0_1.0,1,18,23,69,51,22,4
24516.png,5.0_4.0_9.0,30,144,104,212,68,74,3
24517.png,5.0,4,42,43,70,28,39,1
24518.png,4.0_3.0,1,13,17,28,15,16,2
24519.png,7.0_9.0,18,185,132,302,117,114,2
2452.png,4.0_7.0,8,40,47,58,18,39,2
24520.png,8.0,9,36,32,48,12,23,1
24521.png,2.0_10.0_10.0,3,21,22,63,42,19,3
24522.png,1.0_5.0_6.0_9.0,96,102,163,235,133,67,4
24523.png,9.0_5.0,31,107,93,151,44,62,2
24524.png,4.0_5.0,2,21,29,46,25,27,2
24525.png,8.0_4.0,1,25,24,39,14,23,2
24526.png,4.0_7.0,6,24,33,47,23,27,2
24527.png,2.0_7.0_7.0,14,55,61,114,59,47,3
24528.png,6.0,6,45,52,70,25,46,1
24529.png,5.0_2.0,2,25,27,48,23,25,2
2453.png,6.0_8.0,5,27,35,60,33,30,2
24530.png,3.0_2.0,33,137,152,250,113,119,2
24531.png,1.0_3.0_6.0,9,35,36,63,28,27,3
24532.png,8.0_4.0,3,22,28,55,33,25,2
24533.png,5.0_4.0,4,31,33,56,25,29,2
24534.png,5.0_5.0,12,55,78,112,57,66,2
24535.png,7.0_3.0_10.0,13,63,57,133,70,44,3
24536.png,5.0_1.0,2,27,34,49,22,32,2
24537.png,9.0,17,90,106,141,51,89,1
24538.png,1.0_10.0_10.0,142,182,164,213,31,22,3
24539.png,5.0_5.0,5,31,33,64,33,28,2
2454.png,3.0_1.0_7.0,10,39,35,81,42,25,3
24540.png,9.0,3,31,35,52,21,32,1
24541.png,2.0_7.0,5,26,28,51,25,23,2
24542.png,2.0_4.0_2.0_3.0,1,15,16,40,25,15,4
24543.png,8.0_2.0,12,30,33,42,12,21,2
24544.png,9.0_9.0,3,22,26,38,16,23,2
24545.png,2.0_2.0,75,119,102,143,24,27,2
24546.png,4.0_2.0,5,31,36,60,29,31,2
24547.png,5.0,3,32,26,41,9,23,1
24548.png,5.0,4,32,34,47,15,30,1
24549.png,1.0_4.0_3.0,31,103,70,156,53,39,3
2455.png,5.0_3.0,13,83,53,117,34,40,2
24550.png,1.0_9.0,5,23,29,48,25,24,2
24551.png,5.0_5.0_2.0,1,18,23,38,20,22,3
24552.png,1.0_3.0_7.0_9.0_7.0,21,74,45,118,44,24,5
24553.png,5.0,2,19,20,26,7,18,1
24554.png,5.0_8.0,12,60,55,106,46,43,2
24555.png,5.0_6.0_2.0,4,28,34,66,38,30,3
24556.png,4.0_4.0_8.0,14,53,53,115,62,39,3
24557.png,3.0_6.0,6,57,69,123,66,63,2
24558.png,1.0_8.0_10.0,29,90,71,132,42,42,3
24559.png,1.0_2.0_7.0,22,89,78,162,73,56,3
2456.png,2.0_3.0_9.0,15,47,35,86,39,20,3
24560.png,2.0_4.0_1.0,1,13,14,30,17,13,3
24561.png,6.0_3.0,22,34,109,106,72,87,2
24562.png,1.0_1.0,7,24,28,39,15,21,2
24563.png,1.0_10.0_7.0,94,164,132,211,47,38,3
24564.png,1.0_5.0,2,14,17,23,9,15,2
24565.png,9.0,3,16,17,25,9,14,1
24566.png,4.0_8.0_5.0_1.0,28,63,59,117,54,31,4
24567.png,4.0_1.0,17,83,86,146,63,69,2
24568.png,1.0_9.0_10.0,12,35,40,76,41,28,3
24569.png,7.0_3.0,13,79,88,125,46,75,2
2457.png,6.0_1.0,5,27,33,45,18,28,2
24570.png,1.0_2.0_5.0,3,32,38,84,52,35,3
24571.png,2.0_10.0_6.0,2,15,17,28,13,15,3
24572.png,5.0_1.0,1,56,107,155,99,106,2
24573.png,1.0_4.0_1.0,1,56,72,111,55,71,3
24574.png,4.0_5.0,11,62,80,133,71,69,2
24575.png,2.0_9.0,2,22,31,48,26,29,2
24576.png,9.0_4.0,10,37,33,65,28,23,2
24577.png,1.0_8.0,5,30,29,48,18,24,2
24578.png,6.0,4,25,30,39,14,26,1
24579.png,7.0_2.0_3.0,22,76,57,123,47,35,3
2458.png,2.0_4.0_2.0,0,13,15,39,26,15,3
24580.png,2.0_10.0,1,14,18,32,18,17,2
24581.png,5.0_10.0,1,24,25,45,21,24,2
24582.png,9.0,16,58,43,77,19,27,1
24583.png,1.0_10.0_3.0,15,56,36,80,24,21,3
24584.png,4.0_4.0,3,22,23,46,24,20,2
24585.png,1.0_7.0_3.0,6,29,37,73,44,31,3
24586.png,9.0_6.0_10.0,7,28,38,64,36,31,3
24587.png,2.0_8.0_5.0,17,109,111,222,113,94,3
24588.png,1.0_1.0_4.0,6,31,34,61,30,28,3
24589.png,4.0_5.0,4,52,58,106,54,54,2
2459.png,2.0_5.0_4.0,4,19,22,35,16,18,3
24590.png,9.0_6.0,2,21,23,47,26,21,2
24591.png,3.0_3.0,12,85,116,202,117,104,2
24592.png,2.0_10.0_7.0_9.0,1,14,12,38,24,11,4
24593.png,3.0_2.0_5.0,6,38,37,85,47,31,3
24594.png,8.0_7.0,1,23,22,42,19,21,2
24595.png,7.0,1,144,97,197,53,96,1
24596.png,1.0_1.0_3.0,1,39,52,87,48,51,3
24597.png,6.0_10.0,13,229,86,288,59,73,2
24598.png,1.0_3.0,4,17,24,31,14,20,2
24599.png,9.0,2,30,33,44,14,31,1
246.png,5.0_1.0,16,63,60,102,39,44,2
2460.png,1.0_1.0,17,55,63,77,22,46,2
24600.png,9.0_5.0,135,142,166,174,32,31,2
24601.png,1.0_4.0_9.0,16,119,45,145,26,29,3
24602.png,5.0_4.0,7,62,77,159,97,70,2
24603.png,1.0_9.0_9.0_4.0,3,13,18,48,35,15,4
24604.png,2.0,4,31,37,42,11,33,1
24605.png,3.0_6.0,1,16,26,67,51,25,2
24606.png,1.0_2.0_2.0,8,22,22,38,16,14,3
24607.png,1.0,3,27,33,38,11,30,1
24608.png,2.0_3.0_9.0_10.0,2,20,16,53,33,14,4
24609.png,2.0_9.0_3.0,35,82,80,152,70,45,3
2461.png,2.0_2.0_10.0,13,58,50,112,54,37,3
24610.png,2.0_8.0_4.0_2.0,11,35,33,85,50,22,4
24611.png,4.0_10.0,7,35,39,53,18,32,2
24612.png,1.0_8.0_1.0,1,21,23,50,29,22,3
24613.png,4.0_4.0,14,46,27,62,16,13,2
24614.png,2.0_1.0_5.0,5,29,27,47,18,22,3
24615.png,7.0_9.0,5,44,52,100,56,47,2
24616.png,1.0_2.0_9.0,4,29,30,71,42,26,3
24617.png,3.0_1.0_5.0,1,16,17,42,26,16,3
24618.png,1.0_5.0,4,26,33,53,27,29,2
24619.png,7.0_10.0,1,15,20,31,16,19,2
2462.png,3.0_1.0,12,139,125,229,90,113,2
24620.png,1.0_6.0,8,60,76,122,62,68,2
24621.png,2.0_10.0,4,26,29,55,29,25,2
24622.png,3.0_10.0,10,31,36,57,26,26,2
24623.png,9.0_1.0,4,87,116,176,89,112,2
24624.png,2.0_4.0,3,21,20,33,12,17,2
24625.png,3.0_5.0,4,35,37,50,15,33,2
24626.png,7.0,5,25,23,31,6,18,1
24627.png,1.0_7.0_1.0,16,101,115,177,76,99,3
24628.png,2.0_4.0_4.0_2.0,9,37,43,94,57,34,4
24629.png,1.0_9.0_3.0_9.0,1,16,16,46,30,15,4
2463.png,3.0_5.0_10.0,14,41,40,63,22,26,3
24630.png,5.0_8.0,12,55,50,90,35,38,2
24631.png,2.0_10.0,4,35,38,58,23,34,2
24632.png,6.0_10.0_1.0,6,43,31,75,32,25,3
24633.png,9.0_4.0,1,25,16,37,12,15,2
24634.png,3.0_2.0,1,21,23,35,14,22,2
24635.png,8.0_7.0,5,21,20,32,11,15,2
24636.png,2.0_7.0,4,22,25,36,14,21,2
24637.png,5.0_8.0_3.0,14,95,109,207,112,95,3
24638.png,4.0_6.0,9,52,66,94,42,57,2
24639.png,1.0_8.0,9,34,28,53,19,19,2
2464.png,6.0_1.0_4.0,3,19,25,50,31,22,3
24640.png,2.0_10.0_10.0,20,102,114,173,71,94,3
24641.png,7.0,12,56,45,78,22,33,1
24642.png,1.0_4.0_1.0,4,30,32,60,30,28,3
24643.png,4.0_9.0,10,42,43,64,22,33,2
24644.png,5.0_7.0_8.0,43,161,123,259,98,80,3
24645.png,4.0_1.0,5,22,23,35,13,18,2
24646.png,2.0_1.0,2,20,22,39,19,20,2
24647.png,1.0_4.0,5,41,47,79,38,42,2
24648.png,1.0_9.0,4,17,19,33,16,15,2
24649.png,8.0,5,40,58,71,31,53,1
2465.png,8.0_5.0,1,27,32,58,31,31,2
24650.png,1.0_1.0_2.0,8,35,30,56,21,22,3
24651.png,5.0,6,26,22,39,13,16,1
24652.png,4.0_9.0,22,140,73,194,54,51,2
24653.png,6.0_4.0_5.0,14,70,66,183,113,52,3
24654.png,5.0_3.0,11,36,32,54,18,21,2
24655.png,8.0,5,35,27,46,11,22,1
24656.png,5.0_10.0,5,24,29,47,23,24,2
24657.png,1.0_7.0_3.0,10,46,43,98,52,33,3
24658.png,5.0_1.0_9.0,10,36,35,62,26,25,3
24659.png,3.0_10.0,13,42,49,67,25,36,2
2466.png,4.0_3.0,8,39,43,76,37,35,2
24660.png,7.0_3.0_4.0,2,32,41,66,34,39,3
24661.png,2.0_1.0,4,34,33,57,23,29,2
24662.png,4.0_1.0,45,82,102,120,38,57,2
24663.png,2.0,2,13,13,21,8,11,1
24664.png,2.0_1.0,3,15,24,37,22,21,2
24665.png,1.0_4.0,7,36,40,70,34,33,2
24666.png,9.0_9.0,14,59,53,91,32,39,2
24667.png,2.0_4.0_4.0,55,122,121,210,88,66,3
24668.png,8.0_4.0,8,37,41,58,21,33,2
24669.png,1.0_3.0,7,33,39,55,22,32,2
2467.png,1.0,6,34,39,51,17,33,1
24670.png,9.0_8.0,1,15,19,37,22,18,2
24671.png,4.0_4.0_9.0,10,53,50,85,32,40,3
24672.png,6.0_9.0,19,75,52,99,24,33,2
24673.png,3.0_4.0,6,18,19,32,14,13,2
24674.png,1.0_2.0_4.0,1,15,21,44,29,20,3
24675.png,1.0_8.0_6.0,16,54,54,94,40,38,3
24676.png,1.0_2.0,3,16,19,27,11,16,2
24677.png,4.0,7,27,34,48,21,27,1
24678.png,4.0_1.0,5,26,37,53,27,32,2
24679.png,1.0_2.0,3,41,59,87,46,56,2
2468.png,1.0_4.0_10.0,7,36,40,74,38,33,3
24680.png,5.0,1,21,24,30,9,23,1
24681.png,1.0_8.0,6,34,49,72,38,43,2
24682.png,8.0,9,35,31,44,9,22,1
24683.png,5.0_7.0,32,87,64,138,51,32,2
24684.png,2.0_10.0_8.0_3.0,6,21,20,53,32,14,4
24685.png,4.0_6.0,18,60,42,84,24,24,2
24686.png,5.0_1.0,6,32,35,56,24,29,2
24687.png,2.0_9.0,1,14,15,30,16,14,2
24688.png,3.0_1.0,2,27,26,50,23,24,2
24689.png,2.0_5.0,1,25,48,89,64,47,2
2469.png,1.0_10.0_2.0,6,46,67,140,94,61,3
24690.png,4.0_4.0,5,35,36,71,36,31,2
24691.png,2.0,12,52,44,69,17,32,1
24692.png,4.0_10.0,6,26,26,50,24,20,2
24693.png,1.0_1.0,4,20,21,37,17,17,2
24694.png,7.0,13,39,41,51,12,28,1
24695.png,1.0_2.0,2,12,18,39,27,16,2
24696.png,1.0_10.0,8,31,25,51,20,17,2
24697.png,2.0_6.0_4.0,3,22,23,48,26,20,3
24698.png,2.0_10.0,13,48,64,116,68,51,2
24699.png,2.0_9.0,25,84,71,117,33,46,2
247.png,2.0,1,13,17,24,11,16,1
2470.png,6.0_5.0,24,65,72,113,48,48,2
24700.png,3.0_4.0_1.0_9.0,1,17,19,52,35,18,4
24701.png,4.0,6,27,33,40,13,27,1
24702.png,4.0_10.0,15,53,50,89,36,35,2
24703.png,5.0_7.0,1,21,26,46,25,25,2
24704.png,4.0_9.0,2,28,27,46,18,25,2
24705.png,6.0,4,30,28,44,14,24,1
24706.png,3.0_3.0_3.0,26,102,63,157,55,37,3
24707.png,2.0_2.0_9.0,35,201,109,276,75,74,3
24708.png,9.0_1.0,9,73,101,154,81,92,2
24709.png,9.0_7.0,20,74,55,110,36,35,2
2471.png,6.0_4.0,1,12,25,33,21,24,2
24710.png,1.0_9.0_4.0_2.0,35,95,98,190,95,63,4
24711.png,1.0_9.0_3.0_8.0,3,19,26,51,32,23,4
24712.png,2.0_1.0,9,47,41,74,27,32,2
24713.png,2.0_5.0_2.0_7.0,2,34,44,126,92,42,4
24714.png,2.0_10.0_7.0,16,110,78,170,60,62,3
24715.png,5.0_7.0,10,42,49,98,56,39,2
24716.png,1.0,6,37,40,51,14,34,1
24717.png,5.0_2.0_10.0,76,147,108,180,33,32,3
24718.png,8.0_2.0,5,42,47,91,49,42,2
24719.png,2.0_7.0,13,45,45,63,18,32,2
2472.png,1.0_9.0_8.0_3.0,13,43,41,75,32,28,4
24720.png,3.0_10.0,16,51,40,71,20,24,2
24721.png,9.0_2.0,56,122,130,203,81,74,2
24722.png,9.0_5.0,9,37,33,52,15,24,2
24723.png,1.0,1,18,16,23,5,15,1
24724.png,1.0_6.0_1.0,1,29,45,89,60,44,3
24725.png,1.0_5.0_6.0,4,31,30,56,25,26,3
24726.png,2.0_7.0,5,37,46,81,44,41,2
24727.png,7.0_8.0,9,71,89,144,73,80,2
24728.png,3.0_1.0,4,26,26,52,26,22,2
24729.png,1.0_5.0_10.0,1,21,24,36,15,23,3
2473.png,9.0_4.0,1,21,26,52,31,25,2
24730.png,2.0_7.0_10.0,1,21,30,63,42,29,3
24731.png,2.0_1.0_2.0,1,17,19,43,26,18,3
24732.png,5.0_1.0,8,59,79,137,78,71,2
24733.png,2.0_5.0_8.0,7,43,45,85,42,38,3
24734.png,9.0_4.0,8,40,25,55,15,17,2
24735.png,1.0_1.0_4.0,3,27,27,50,23,24,3
24736.png,2.0,4,25,28,40,15,24,1
24737.png,8.0,5,31,28,40,9,23,1
24738.png,3.0_10.0,46,131,78,155,24,32,2
24739.png,7.0_9.0,12,42,33,67,25,21,2
2474.png,1.0_7.0_3.0,9,42,43,80,38,34,3
24740.png,8.0_4.0,8,39,50,68,29,42,2
24741.png,2.0_6.0_2.0_7.0,28,86,98,190,104,70,4
24742.png,4.0_2.0,6,38,37,60,22,31,2
24743.png,1.0_4.0,1,14,19,30,16,18,2
24744.png,5.0_8.0,2,37,39,72,35,37,2
24745.png,2.0_3.0_4.0,12,43,41,87,44,29,3
24746.png,3.0_8.0,2,25,28,55,30,26,2
24747.png,3.0_1.0_2.0,43,75,74,110,35,31,3
24748.png,2.0_4.0_6.0,6,51,60,151,100,54,3
24749.png,1.0_7.0_10.0,51,168,102,235,67,51,3
2475.png,2.0_10.0,36,166,220,332,166,184,2
24750.png,2.0_10.0,10,75,95,183,108,85,2
24751.png,6.0,5,21,22,32,11,17,1
24752.png,4.0_8.0,3,21,24,40,19,21,2
24753.png,1.0_2.0_4.0,6,34,29,62,28,23,3
24754.png,1.0_1.0,11,55,68,91,36,57,2
24755.png,1.0_9.0_10.0_6.0,10,54,56,140,86,46,4
24756.png,8.0,4,56,36,73,17,32,1
24757.png,7.0_8.0,4,31,23,49,18,19,2
24758.png,2.0_6.0,3,22,21,40,18,18,2
24759.png,3.0_4.0_4.0,11,41,34,77,36,23,3
2476.png,2.0_4.0_7.0,3,44,58,114,70,55,3
24760.png,5.0,5,36,41,55,19,36,1
24761.png,5.0_7.0,2,56,81,114,58,79,2
24762.png,2.0_1.0,24,70,60,95,25,36,2
24763.png,7.0_2.0,18,152,58,192,40,40,2
24764.png,5.0,1,18,19,26,8,18,1
24765.png,9.0,6,38,32,52,14,26,1
24766.png,1.0_9.0_6.0,4,31,38,75,44,34,3
24767.png,2.0_2.0,11,72,82,154,82,71,2
24768.png,4.0_10.0,7,30,31,50,20,24,2
24769.png,3.0_10.0_8.0,18,71,66,136,65,48,3
2477.png,7.0_1.0_1.0,26,124,126,243,119,100,3
24770.png,3.0_1.0,1,24,25,44,20,24,2
24771.png,1.0_5.0,1,32,37,58,26,36,2
24772.png,1.0_10.0,84,109,132,157,48,48,2
24773.png,4.0_4.0,4,26,30,51,25,26,2
24774.png,6.0,6,25,26,32,7,20,1
24775.png,3.0_5.0,6,28,37,52,24,31,2
24776.png,6.0,7,41,45,63,22,38,1
24777.png,5.0_5.0,5,26,32,45,19,27,2
24778.png,1.0_9.0_6.0_9.0,14,57,78,144,87,64,4
24779.png,1.0_1.0_10.0_6.0,13,48,65,142,94,52,4
2478.png,6.0_3.0,33,86,82,122,36,49,2
24780.png,3.0_1.0_2.0,18,52,43,86,34,25,3
24781.png,1.0_5.0_5.0,36,37,99,110,73,63,3
24782.png,4.0,4,23,22,33,10,18,1
24783.png,1.0_7.0,1,12,13,21,9,12,2
24784.png,3.0_3.0,4,29,37,64,35,33,2
24785.png,3.0_10.0,12,46,58,98,52,46,2
24786.png,2.0_2.0_7.0,13,51,38,86,35,25,3
24787.png,8.0_5.0,7,25,32,51,26,25,2
24788.png,9.0_4.0,7,36,50,91,55,43,2
24789.png,6.0_3.0,7,41,41,98,57,34,2
2479.png,1.0,1,17,23,27,10,22,1
24790.png,8.0_8.0_8.0_8.0,50,68,78,117,49,28,4
24791.png,8.0,9,39,24,48,9,15,1
24792.png,2.0_2.0,23,90,55,118,28,32,2
24793.png,2.0_10.0,12,44,48,74,30,36,2
24794.png,1.0_4.0,11,59,70,118,59,59,2
24795.png,3.0_1.0,1,16,18,28,12,17,2
24796.png,8.0_10.0,2,17,18,36,19,16,2
24797.png,4.0_4.0_10.0,15,88,40,124,36,25,3
24798.png,1.0_4.0,9,33,31,49,16,22,2
24799.png,3.0_6.0,14,61,72,134,73,58,2
248.png,7.0,4,23,26,39,16,22,1
2480.png,2.0_3.0,17,139,171,269,130,154,2
24800.png,4.0_3.0,3,26,34,61,35,31,2
24801.png,3.0_10.0_9.0,5,33,29,71,38,24,3
24802.png,4.0_1.0,16,70,74,105,35,58,2
24803.png,1.0_9.0,1,13,16,26,13,15,2
24804.png,4.0_1.0,7,25,23,35,10,16,2
24805.png,8.0_8.0,7,22,92,110,88,85,2
24806.png,5.0_8.0,3,23,25,40,17,22,2
24807.png,1.0_8.0,6,46,55,81,35,49,2
24808.png,1.0_6.0,29,91,89,157,66,60,2
24809.png,4.0_5.0,8,93,56,141,48,48,2
2481.png,2.0_3.0,2,35,27,58,23,25,2
24810.png,1.0_2.0_1.0_6.0,41,168,107,245,77,66,4
24811.png,9.0_9.0,23,212,73,252,40,50,2
24812.png,8.0_2.0,11,32,31,55,23,20,2
24813.png,2.0_1.0,8,33,32,51,18,24,2
24814.png,7.0_2.0,6,18,19,31,13,13,2
24815.png,3.0_10.0_7.0,19,62,64,113,51,45,3
24816.png,5.0_4.0_4.0,7,103,43,148,45,36,3
24817.png,2.0_3.0_7.0,15,77,74,164,87,59,3
24818.png,4.0_1.0,5,13,48,51,38,43,2
24819.png,3.0_4.0,5,28,28,47,19,23,2
2482.png,8.0_8.0,29,197,114,286,89,85,2
24820.png,7.0,56,153,107,178,25,51,1
24821.png,2.0_7.0,3,38,43,57,19,40,2
24822.png,1.0_2.0_6.0_4.0,21,74,77,164,90,56,4
24823.png,1.0_6.0,13,46,47,76,30,34,2
24824.png,6.0_1.0,8,33,34,47,14,26,2
24825.png,1.0_8.0,4,22,22,36,14,18,2
24826.png,5.0_8.0,1,37,51,94,57,50,2
24827.png,1.0_7.0,5,17,19,29,12,14,2
24828.png,1.0_1.0_8.0,15,49,35,72,23,20,3
24829.png,1.0_7.0_1.0,13,43,35,69,26,22,3
2483.png,8.0_1.0,5,23,22,37,14,17,2
24830.png,7.0,1,20,24,32,12,23,1
24831.png,2.0_7.0,11,40,43,67,27,32,2
24832.png,5.0_10.0,6,28,34,51,23,28,2
24833.png,8.0,7,51,56,71,20,49,1
24834.png,1.0_8.0_2.0,15,57,41,96,39,26,3
24835.png,5.0,5,30,28,48,18,23,1
24836.png,1.0,1,17,22,24,7,21,1
24837.png,2.0,1,26,31,46,20,30,1
24838.png,6.0_6.0,25,88,91,180,92,66,2
24839.png,3.0_7.0,8,51,60,104,53,52,2
2484.png,3.0_7.0,7,50,63,94,44,56,2
24840.png,2.0_10.0_1.0,20,96,102,185,89,82,3
24841.png,1.0_1.0,1,17,18,28,11,17,2
24842.png,1.0_1.0,8,30,27,38,8,19,2
24843.png,2.0_1.0_2.0,16,70,70,151,81,54,3
24844.png,1.0_6.0,7,69,93,151,82,86,2
24845.png,7.0_5.0_4.0,5,33,32,74,41,27,3
24846.png,5.0_2.0_8.0,6,69,82,161,92,76,3
24847.png,5.0_6.0,4,15,21,32,17,17,2
24848.png,8.0_9.0,5,38,40,62,24,35,2
24849.png,1.0_7.0_9.0,5,24,27,48,24,22,3
2485.png,4.0_9.0,3,14,23,30,16,20,2
24850.png,1.0_2.0_8.0_3.0,1,14,15,44,30,14,4
24851.png,3.0_7.0,1,33,35,73,40,34,2
24852.png,1.0_9.0,3,23,27,41,18,24,2
24853.png,1.0_3.0_10.0_1.0,5,18,20,45,27,15,4
24854.png,4.0_6.0,4,22,32,61,39,28,2
24855.png,7.0_2.0,1,15,19,33,18,18,2
24856.png,1.0_6.0,3,20,21,32,12,18,2
24857.png,9.0,7,32,28,45,13,21,1
24858.png,1.0_8.0_8.0_3.0,8,49,61,156,107,53,4
24859.png,6.0_4.0,3,22,28,49,27,25,2
2486.png,4.0_10.0,1,26,41,59,33,40,2
24860.png,1.0_2.0_5.0,3,30,32,71,41,29,3
24861.png,1.0_2.0,5,26,26,40,14,21,2
24862.png,1.0_2.0,4,27,25,46,19,21,2
24863.png,6.0_2.0,26,86,69,133,47,43,2
24864.png,2.0_3.0_7.0,36,119,71,167,48,35,3
24865.png,3.0_10.0_8.0,0,16,26,50,34,26,3
24866.png,7.0_10.0,11,39,47,74,35,36,2
24867.png,6.0_10.0,4,29,37,62,33,33,2
24868.png,2.0_3.0_3.0,6,27,32,64,37,26,3
24869.png,1.0_2.0_10.0,6,37,53,139,102,47,3
2487.png,8.0,2,24,27,34,10,25,1
24870.png,2.0_9.0,6,31,36,49,18,30,2
24871.png,2.0_6.0_5.0,6,42,46,133,91,40,3
24872.png,8.0_5.0,7,28,35,55,27,28,2
24873.png,1.0_6.0_10.0,6,41,30,75,34,24,3
24874.png,1.0_10.0,5,23,21,34,11,16,2
24875.png,4.0_3.0,5,16,21,30,14,16,2
24876.png,2.0_7.0_6.0,1,18,21,37,19,20,3
24877.png,2.0_1.0_10.0,8,39,49,84,45,41,3
24878.png,4.0_8.0,9,44,54,94,50,45,2
24879.png,1.0_1.0,11,65,62,100,35,51,2
2488.png,4.0_7.0,3,27,29,62,35,26,2
24880.png,7.0_8.0,6,41,41,67,26,35,2
24881.png,6.0_7.0,2,26,27,52,26,25,2
24882.png,8.0,4,21,25,29,8,21,1
24883.png,9.0,4,27,26,40,13,22,1
24884.png,7.0_3.0,9,31,38,57,26,29,2
24885.png,3.0_1.0,8,51,51,93,42,43,2
24886.png,3.0_1.0_3.0,11,40,43,77,37,32,3
24887.png,4.0_1.0,17,59,51,81,22,34,2
24888.png,8.0,5,27,32,43,16,27,1
24889.png,3.0_9.0,1,19,24,41,22,23,2
2489.png,3.0_4.0,21,80,51,114,34,30,2
24890.png,4.0_3.0,26,115,83,166,51,57,2
24891.png,4.0_9.0,7,29,38,57,28,31,2
24892.png,8.0,4,17,20,26,9,16,1
24893.png,3.0,2,29,20,37,8,18,1
24894.png,3.0_9.0,2,20,23,35,15,21,2
24895.png,2.0_4.0_7.0,20,57,48,80,23,28,3
24896.png,1.0,6,25,26,32,7,20,1
24897.png,7.0_2.0_4.0,9,34,31,67,33,22,3
24898.png,3.0_2.0_7.0,8,36,35,81,45,27,3
24899.png,1.0_6.0,50,94,89,114,20,39,2
249.png,1.0_10.0,4,30,32,49,19,28,2
2490.png,8.0_2.0,5,27,30,50,23,25,2
24900.png,2.0_4.0,10,47,52,85,38,42,2
24901.png,9.0_5.0,7,42,53,82,40,46,2
24902.png,4.0_5.0_2.0,14,47,48,93,46,34,3
24903.png,2.0_1.0,1,34,44,71,37,43,2
24904.png,1.0,6,27,25,34,7,19,1
24905.png,5.0,1,12,16,23,11,15,1
24906.png,1.0_5.0_8.0,2,35,41,86,51,39,3
24907.png,1.0_5.0_8.0,9,95,80,175,80,71,3
24908.png,4.0,1,12,23,32,20,22,1
24909.png,2.0_7.0_6.0,1,33,44,96,63,43,3
2491.png,4.0_1.0_6.0,16,54,47,102,48,31,3
24910.png,4.0,5,51,40,67,16,35,1
24911.png,2.0_5.0,5,25,25,41,16,20,2
24912.png,4.0_10.0,15,117,96,184,67,81,2
24913.png,2.0_6.0,3,22,27,43,21,24,2
24914.png,5.0_1.0,7,41,55,88,47,48,2
24915.png,8.0_2.0,3,18,24,43,25,21,2
24916.png,6.0_3.0_4.0,9,97,70,156,59,61,3
24917.png,2.0_7.0_10.0,2,23,29,60,37,27,3
24918.png,4.0_7.0_6.0,1,19,28,50,31,27,3
24919.png,4.0_6.0,8,37,37,68,31,29,2
2492.png,3.0_9.0,10,72,73,130,58,63,2
24920.png,1.0_3.0,4,20,20,35,15,16,2
24921.png,6.0_4.0,2,20,23,37,17,21,2
24922.png,4.0_1.0_5.0,14,56,49,98,42,35,3
24923.png,5.0,7,40,52,67,27,45,1
24924.png,1.0_1.0_1.0,2,34,40,66,32,38,3
24925.png,1.0_4.0,4,35,48,86,51,44,2
24926.png,1.0_4.0,5,55,52,101,46,47,2
24927.png,2.0_8.0_2.0,16,99,89,176,77,73,3
24928.png,2.0_8.0_4.0,19,69,57,130,61,38,3
24929.png,1.0_8.0_7.0,1,15,17,41,26,16,3
2493.png,6.0_1.0_8.0,9,44,41,94,50,32,3
24930.png,1.0_3.0_2.0,6,26,21,45,19,15,3
24931.png,2.0_2.0,4,27,28,50,23,24,2
24932.png,4.0_8.0_7.0,1,23,29,63,40,28,3
24933.png,3.0_2.0_5.0,7,47,57,106,59,50,3
24934.png,1.0_4.0,6,64,75,129,65,69,2
24935.png,5.0,13,78,96,128,50,83,1
24936.png,7.0_7.0,5,23,28,41,18,23,2
24937.png,1.0_5.0_10.0,6,29,28,68,39,22,3
24938.png,1.0_6.0,2,21,23,34,13,21,2
24939.png,4.0_2.0,6,22,22,36,14,16,2
2494.png,7.0_4.0,11,26,27,41,15,16,2
24940.png,2.0_9.0,25,87,86,142,55,61,2
24941.png,1.0_6.0,13,54,58,88,34,45,2
24942.png,1.0_2.0,4,48,65,116,68,61,2
24943.png,1.0_7.0,1,14,17,27,13,16,2
24944.png,1.0_3.0_8.0_8.0,1,15,16,40,25,15,4
24945.png,2.0_9.0_6.0,6,42,49,90,48,43,3
24946.png,6.0,8,31,30,44,13,22,1
24947.png,6.0,7,47,55,77,30,48,1
24948.png,2.0_8.0,2,27,31,50,23,29,2
24949.png,8.0_5.0,5,28,26,44,16,21,2
2495.png,1.0_10.0,5,59,72,128,69,67,2
24950.png,1.0_5.0,4,52,66,105,53,62,2
24951.png,4.0_4.0_2.0_1.0,5,40,43,119,79,38,4
24952.png,7.0,23,88,64,108,20,41,1
24953.png,2.0_9.0,1,14,21,42,28,20,2
24954.png,3.0_4.0,2,20,25,47,27,23,2
24955.png,5.0_5.0_4.0,5,30,32,68,38,27,3
24956.png,2.0_1.0,13,97,114,220,123,101,2
24957.png,5.0_5.0_1.0,18,71,72,124,53,54,3
24958.png,4.0,1,38,54,68,30,53,1
24959.png,1.0,4,26,26,32,6,22,1
2496.png,6.0,7,29,27,40,11,20,1
24960.png,8.0_10.0,6,40,50,82,42,44,2
24961.png,1.0_7.0_8.0,1,15,17,39,24,16,3
24962.png,3.0_6.0_4.0,47,84,84,123,39,37,3
24963.png,5.0,5,34,25,45,11,20,1
24964.png,3.0_9.0,3,23,24,38,15,21,2
24965.png,5.0_3.0,10,41,44,76,35,34,2
24966.png,2.0_4.0_7.0,5,52,63,165,113,58,3
24967.png,3.0_4.0_5.0,6,38,41,87,49,35,3
24968.png,1.0_1.0_7.0_4.0,21,70,51,119,49,30,4
24969.png,1.0_6.0_6.0,5,33,44,65,32,39,3
2497.png,3.0_7.0_4.0,12,34,29,55,21,17,3
24970.png,2.0_4.0,29,79,68,112,33,39,2
24971.png,1.0_10.0,7,29,25,43,14,18,2
24972.png,8.0_6.0,15,71,79,153,82,64,2
24973.png,9.0,6,41,30,56,15,24,1
24974.png,4.0_3.0,4,68,83,133,65,79,2
24975.png,3.0_2.0_5.0,9,46,41,97,51,32,3
24976.png,4.0_8.0,8,41,42,65,24,34,2
24977.png,9.0_10.0,2,15,18,32,17,16,2
24978.png,3.0_1.0,58,151,105,199,48,47,2
24979.png,2.0_3.0,5,25,22,41,16,17,2
2498.png,1.0_1.0_7.0,10,57,59,89,32,49,3
24980.png,7.0_5.0,1,27,34,64,37,33,2
24981.png,2.0_4.0,2,25,29,48,23,27,2
24982.png,1.0_2.0,3,23,31,39,16,28,2
24983.png,5.0_7.0,2,23,24,45,22,22,2
24984.png,9.0,4,23,27,40,17,23,1
24985.png,4.0_1.0_8.0,22,56,56,97,41,34,3
24986.png,3.0_2.0,1,17,19,37,20,18,2
24987.png,2.0_10.0,4,24,23,40,16,19,2
24988.png,6.0_9.0,15,49,50,80,31,35,2
24989.png,7.0_10.0,3,20,19,36,16,16,2
2499.png,1.0_10.0_4.0,8,33,34,66,33,26,3
24990.png,4.0_2.0_7.0,18,64,52,116,52,34,3
24991.png,3.0_1.0,2,22,27,45,23,25,2
24992.png,5.0_1.0,2,14,17,29,15,15,2
24993.png,3.0_4.0,10,39,42,68,29,32,2
24994.png,1.0_4.0_4.0,10,39,43,65,26,33,3
24995.png,6.0_9.0,5,9,33,27,18,28,2
24996.png,3.0_5.0_1.0,12,54,63,81,27,51,3
24997.png,8.0,4,30,32,46,16,28,1
24998.png,4.0_9.0,1,20,25,44,24,24,2
24999.png,3.0_3.0,1,29,28,57,28,27,2
25.png,6.0_10.0_1.0,7,60,61,134,74,54,3
250.png,7.0_8.0,3,24,25,41,17,22,2
2500.png,6.0_7.0,2,21,26,43,22,24,2
25000.png,1.0_3.0_10.0,1,22,31,44,22,30,3
25001.png,7.0_6.0_8.0,5,68,84,152,84,79,3
25002.png,1.0_4.0,1,23,29,57,34,28,2
25003.png,1.0_7.0,15,83,98,150,67,83,2
25004.png,1.0_10.0_10.0,1,23,23,48,25,22,3
25005.png,4.0_5.0,4,59,75,139,80,71,2
25006.png,1.0_8.0_2.0_3.0,1,6,13,40,34,12,4
25007.png,3.0_8.0,3,23,18,35,12,15,2
25008.png,9.0_8.0,12,60,69,97,37,57,2
25009.png,6.0_7.0,5,27,43,71,44,38,2
2501.png,7.0,7,45,49,66,21,42,1
25010.png,4.0_5.0,3,31,33,60,29,30,2
25011.png,1.0_4.0,7,43,51,83,40,44,2
25012.png,3.0_7.0,10,51,57,100,49,47,2
25013.png,7.0_9.0,12,36,40,61,25,28,2
25014.png,6.0_7.0,91,208,121,237,29,30,2
25015.png,1.0_5.0,11,43,44,65,22,33,2
25016.png,2.0_2.0,3,17,19,29,12,16,2
25017.png,6.0,12,92,113,129,37,101,1
25018.png,1.0_5.0_4.0,2,19,26,41,22,24,3
25019.png,3.0_2.0,1,19,20,31,12,19,2
2502.png,5.0_1.0,16,74,103,138,64,87,2
25020.png,1.0_4.0_7.0,3,40,47,90,50,44,3
25021.png,4.0,8,19,24,26,7,16,1
25022.png,4.0_5.0,7,38,45,67,29,38,2
25023.png,7.0_2.0,9,34,34,52,18,25,2
25024.png,5.0,10,45,55,73,28,45,1
25025.png,5.0_6.0,1,22,28,40,18,27,2
25026.png,4.0_9.0,11,31,31,48,17,20,2
25027.png,3.0,5,28,26,38,10,21,1
25028.png,2.0_10.0,6,33,40,56,23,34,2
25029.png,3.0_6.0,1,21,22,39,18,21,2
2503.png,1.0_1.0,16,115,139,171,56,123,2
25030.png,2.0_10.0_7.0,26,105,110,236,131,84,3
25031.png,4.0_7.0,32,134,164,241,107,132,2
25032.png,1.0_5.0,3,31,37,57,26,34,2
25033.png,3.0_8.0,8,23,23,36,13,15,2
25034.png,2.0_9.0,6,22,27,36,14,21,2
25035.png,5.0_2.0,10,37,32,60,23,22,2
25036.png,4.0_10.0,5,36,43,69,33,38,2
25037.png,7.0,12,60,66,89,29,54,1
25038.png,2.0_2.0,7,25,30,50,25,23,2
25039.png,5.0,12,43,40,59,16,28,1
2504.png,8.0,1,14,16,24,10,15,1
25040.png,1.0,6,38,40,47,9,34,1
25041.png,5.0_8.0,5,31,38,58,27,33,2
25042.png,1.0_5.0_1.0,8,23,22,43,20,14,3
25043.png,2.0_8.0,10,52,58,100,48,48,2
25044.png,2.0_4.0_9.0,7,118,60,159,41,53,3
25045.png,8.0_5.0,6,19,18,34,15,12,2
25046.png,1.0_2.0_9.0,8,40,44,100,60,36,3
25047.png,8.0_9.0,7,28,34,48,20,27,2
25048.png,1.0_3.0_7.0,15,68,77,145,77,62,3
25049.png,6.0,11,73,49,87,14,38,1
2505.png,5.0_5.0,10,44,41,73,29,31,2
25050.png,2.0_8.0,7,41,45,82,41,38,2
25051.png,1.0_1.0,5,45,54,85,40,49,2
25052.png,3.0_9.0_8.0,35,113,71,165,52,36,3
25053.png,1.0_1.0_4.0,1,14,20,30,16,19,3
25054.png,8.0_3.0,1,17,20,36,19,19,2
25055.png,1.0_2.0,5,29,36,49,20,31,2
25056.png,1.0,5,19,19,27,8,14,1
25057.png,2.0_1.0_9.0,6,29,38,75,46,32,3
25058.png,3.0_8.0,6,20,19,36,16,13,2
25059.png,6.0_10.0,8,24,24,48,24,16,2
2506.png,2.0,4,33,32,49,16,28,1
25060.png,1.0_6.0,4,31,42,61,30,38,2
25061.png,4.0_9.0,7,56,62,98,42,55,2
25062.png,2.0_9.0,3,9,29,35,26,26,2
25063.png,1.0_9.0_3.0,3,26,28,52,26,25,3
25064.png,2.0_1.0_3.0,15,55,64,138,83,49,3
25065.png,1.0_1.0,7,30,35,46,16,28,2
25066.png,1.0_1.0_5.0,5,42,59,93,51,54,3
25067.png,5.0_5.0,15,44,38,63,19,23,2
25068.png,1.0_3.0,4,27,33,53,26,29,2
25069.png,5.0_2.0,3,30,29,50,20,26,2
2507.png,9.0_2.0,33,112,88,179,67,55,2
25070.png,2.0_3.0,2,17,17,28,11,15,2
25071.png,1.0_7.0_8.0_9.0,2,24,23,80,56,21,4
25072.png,1.0_4.0,0,13,19,31,18,19,2
25073.png,1.0_1.0,12,39,25,48,9,13,2
25074.png,2.0_2.0,12,59,60,100,41,48,2
25075.png,5.0_3.0,2,23,29,45,22,27,2
25076.png,8.0_2.0,10,29,32,48,19,22,2
25077.png,1.0_3.0,2,27,33,65,38,31,2
25078.png,3.0_5.0,3,27,36,52,25,33,2
25079.png,8.0_8.0,4,27,39,51,24,35,2
2508.png,3.0_2.0,13,120,61,185,65,48,2
25080.png,4.0,9,68,82,103,35,73,1
25081.png,1.0_3.0_7.0,21,73,74,109,36,53,3
25082.png,2.0_2.0,2,20,25,41,21,23,2
25083.png,5.0_8.0,5,40,51,85,45,46,2
25084.png,3.0,6,21,18,29,8,12,1
25085.png,4.0_3.0,2,22,26,45,23,24,2
25086.png,2.0_4.0,7,37,34,69,32,27,2
25087.png,1.0_2.0_7.0,6,26,31,56,30,25,3
25088.png,7.0_3.0,6,31,31,53,22,25,2
25089.png,1.0_2.0,3,22,24,40,18,21,2
2509.png,9.0_6.0,7,43,34,69,26,27,2
25090.png,1.0_4.0_7.0,2,31,40,67,36,38,3
25091.png,5.0_3.0,17,45,42,66,21,25,2
25092.png,1.0_1.0_7.0,22,124,118,194,70,96,3
25093.png,6.0_6.0,5,32,43,74,42,38,2
25094.png,7.0_10.0_9.0,10,34,33,72,38,23,3
25095.png,3.0_10.0,10,42,39,66,24,29,2
25096.png,2.0_2.0,7,33,36,66,33,29,2
25097.png,4.0,18,63,58,85,22,40,1
25098.png,2.0_8.0_5.0,1,30,41,80,50,40,3
25099.png,8.0_1.0_6.0,31,143,172,177,34,141,3
251.png,7.0_6.0,7,70,91,142,72,84,2
2510.png,1.0_10.0_1.0,39,101,101,168,67,62,3
25100.png,1.0_5.0_4.0,1,16,21,46,30,20,3
25101.png,8.0_4.0,3,20,23,43,23,20,2
25102.png,4.0_7.0,22,58,57,88,30,35,2
25103.png,6.0_6.0,9,46,55,75,29,46,2
25104.png,4.0_5.0_3.0,5,31,35,73,42,30,3
25105.png,3.0_1.0,12,57,69,106,49,57,2
25106.png,4.0_6.0,4,22,20,39,17,16,2
25107.png,4.0_5.0,6,50,61,114,64,55,2
25108.png,2.0,6,21,25,29,8,19,1
25109.png,4.0_4.0,6,25,28,40,15,22,2
2511.png,2.0_3.0_1.0,25,109,130,251,142,105,3
25110.png,2.0,2,16,16,22,6,14,1
25111.png,9.0_4.0,13,91,54,149,58,41,2
25112.png,6.0_3.0,35,11,206,188,177,171,2
25113.png,2.0_6.0,2,21,22,39,18,20,2
25114.png,1.0_7.0,17,89,89,130,41,72,2
25115.png,3.0_7.0,1,16,18,31,15,17,2
25116.png,2.0_1.0,2,25,31,50,25,29,2
25117.png,2.0_9.0,7,27,27,46,19,20,2
25118.png,1.0_8.0,4,48,67,94,46,63,2
25119.png,2.0,16,48,61,77,29,45,1
2512.png,2.0_6.0_3.0,8,67,78,144,77,70,3
25120.png,1.0_5.0,17,88,102,151,63,85,2
25121.png,5.0_3.0,6,35,44,68,33,38,2
25122.png,5.0_5.0,2,42,21,64,22,19,2
25123.png,1.0,5,32,24,36,4,19,1
25124.png,5.0_2.0_3.0,3,27,32,59,32,29,3
25125.png,1.0_1.0_3.0,3,24,23,47,23,20,3
25126.png,2.0_5.0_4.0,6,48,59,119,71,53,3
25127.png,2.0_7.0,32,116,101,187,71,69,2
25128.png,4.0_7.0,2,54,63,108,54,61,2
25129.png,1.0_4.0_5.0_4.0,7,28,24,68,40,17,4
2513.png,1.0_10.0,2,20,23,36,16,21,2
25130.png,1.0_3.0_8.0_7.0,7,86,45,123,37,38,4
25131.png,7.0_6.0,5,32,45,77,45,40,2
25132.png,1.0,12,41,43,54,13,31,1
25133.png,4.0_3.0,3,20,22,38,18,19,2
25134.png,1.0_8.0_5.0,7,30,29,57,27,22,3
25135.png,5.0_4.0,2,19,20,33,14,18,2
25136.png,3.0_10.0,9,46,55,88,42,46,2
25137.png,1.0_10.0_9.0,2,27,39,71,44,37,3
25138.png,5.0_2.0,12,51,53,82,31,41,2
25139.png,4.0_2.0,17,40,37,61,21,20,2
2514.png,9.0_3.0,5,18,17,28,10,12,2
25140.png,1.0_3.0_6.0,19,77,79,132,55,60,3
25141.png,2.0_6.0_10.0,9,58,57,117,59,48,3
25142.png,4.0_10.0,1,12,14,26,14,13,2
25143.png,1.0_2.0,8,92,40,122,30,32,2
25144.png,6.0_3.0,15,53,44,81,28,29,2
25145.png,1.0_7.0,1,22,24,53,31,23,2
25146.png,4.0_5.0_8.0,6,25,24,45,20,18,3
25147.png,8.0_2.0_2.0,5,44,38,71,27,33,3
25148.png,2.0_5.0,4,31,37,59,28,33,2
25149.png,1.0_7.0,13,58,68,108,50,55,2
2515.png,4.0_6.0,10,50,46,85,35,36,2
25150.png,1.0_10.0_10.0,14,42,36,69,27,22,3
25151.png,3.0_4.0,5,22,22,35,13,17,2
25152.png,1.0_6.0,4,37,29,57,20,25,2
25153.png,1.0_3.0_4.0,7,26,26,45,19,19,3
25154.png,2.0_1.0_6.0,9,42,43,84,42,34,3
25155.png,6.0_9.0,8,34,43,71,37,35,2
25156.png,3.0_3.0,13,64,87,109,45,74,2
25157.png,7.0_1.0,6,22,25,39,17,19,2
25158.png,2.0_4.0,2,19,29,49,30,27,2
25159.png,5.0,27,85,105,131,46,78,1
2516.png,1.0_4.0_10.0,2,26,31,45,19,29,3
25160.png,1.0_5.0_8.0_5.0,9,74,81,191,117,72,4
25161.png,1.0_3.0_2.0,6,47,61,115,68,55,3
25162.png,1.0_3.0_4.0,1,15,16,44,29,15,3
25163.png,1.0_4.0_4.0,4,30,26,48,18,22,3
25164.png,6.0,1,23,28,38,15,27,1
25165.png,9.0_6.0,8,32,34,55,23,26,2
25166.png,3.0_1.0,7,27,24,42,15,17,2
25167.png,9.0_5.0,75,212,119,265,53,44,2
25168.png,1.0_3.0_4.0,4,35,31,72,37,27,3
25169.png,5.0_5.0,2,30,36,71,41,34,2
2517.png,1.0_5.0_1.0,10,38,34,53,15,24,3
25170.png,1.0_9.0,1,21,25,39,18,24,2
25171.png,2.0_4.0,6,42,49,77,35,43,2
25172.png,7.0_5.0,3,21,15,32,11,12,2
25173.png,3.0_8.0,2,16,20,38,22,18,2
25174.png,1.0_6.0,14,52,56,94,42,42,2
25175.png,6.0_6.0_9.0_8.0,3,59,61,132,73,58,4
25176.png,6.0_5.0,4,30,36,61,31,32,2
25177.png,1.0,4,33,35,48,15,31,1
25178.png,4.0_6.0,11,53,67,104,51,56,2
25179.png,3.0_5.0_6.0,8,39,43,85,46,35,3
2518.png,1.0_5.0,6,27,34,39,12,28,2
25180.png,6.0_8.0,3,26,30,42,16,27,2
25181.png,4.0_10.0,9,27,32,46,19,23,2
25182.png,2.0_4.0,7,26,23,43,17,16,2
25183.png,1.0_5.0,2,35,38,65,30,36,2
25184.png,4.0_4.0,10,42,49,85,43,39,2
25185.png,1.0_10.0,7,25,27,41,16,20,2
25186.png,7.0_1.0,8,44,45,68,24,37,2
25187.png,1.0_10.0_8.0,8,34,31,74,40,23,3
25188.png,7.0_10.0,19,95,46,121,26,27,2
25189.png,3.0_1.0,2,17,22,36,19,20,2
2519.png,6.0_7.0,8,102,120,212,110,112,2
25190.png,1.0_2.0,7,37,44,70,33,37,2
25191.png,9.0_2.0,12,49,44,74,25,32,2
25192.png,1.0_6.0_4.0_7.0,1,12,13,37,25,12,4
25193.png,2.0_9.0,15,74,92,187,113,77,2
25194.png,4.0_4.0,7,45,55,88,43,48,2
25195.png,1.0_3.0,5,30,33,48,18,28,2
25196.png,6.0_7.0,1,25,33,58,33,32,2
25197.png,2.0,53,95,98,131,36,45,1
25198.png,4.0_6.0,3,28,34,59,31,31,2
25199.png,5.0_1.0,3,28,34,49,21,31,2
252.png,3.0_7.0_10.0,6,0,60,63,63,54,3
2520.png,3.0_5.0,34,102,91,173,71,57,2
25200.png,1.0_7.0_8.0_8.0,7,22,24,60,38,17,4
25201.png,1.0_6.0_4.0,6,25,32,56,31,26,3
25202.png,1.0_5.0,12,52,42,80,28,30,2
25203.png,1.0_4.0,13,42,39,66,24,26,2
25204.png,7.0_6.0_10.0,14,56,45,88,32,31,3
25205.png,2.0_8.0_1.0,59,194,105,258,64,46,3
25206.png,2.0_6.0,16,52,52,85,33,36,2
25207.png,5.0_6.0_9.0,16,52,53,110,58,37,3
25208.png,9.0,6,43,35,59,16,29,1
25209.png,1.0_4.0_3.0,17,48,34,64,16,17,3
2521.png,5.0_7.0_1.0,11,59,66,118,59,55,3
25210.png,1.0_8.0,7,23,22,36,13,15,2
25211.png,4.0_4.0,2,39,47,67,28,45,2
25212.png,1.0_10.0,3,22,29,52,30,26,2
25213.png,3.0_5.0,9,28,30,55,27,21,2
25214.png,2.0_3.0_3.0_5.0,4,19,26,59,40,22,4
25215.png,6.0_1.0,1,17,20,31,14,19,2
25216.png,1.0_5.0,8,44,52,86,42,44,2
25217.png,1.0_7.0,1,28,29,50,22,28,2
25218.png,3.0_7.0,6,26,27,49,23,21,2
25219.png,2.0_10.0_3.0_4.0,24,86,62,139,53,38,4
2522.png,1.0_9.0_1.0,13,48,43,95,47,30,3
25220.png,2.0_6.0_9.0,4,34,46,66,32,42,3
25221.png,1.0_9.0,1,14,17,30,16,16,2
25222.png,7.0_1.0,15,65,76,101,36,61,2
25223.png,8.0_8.0,2,20,23,41,21,21,2
25224.png,3.0_1.0_10.0,8,48,44,92,44,36,3
25225.png,9.0_9.0,12,80,62,142,62,50,2
25226.png,2.0_4.0,8,43,54,99,56,46,2
25227.png,7.0_7.0,9,46,52,94,48,43,2
25228.png,8.0_1.0_10.0,28,139,71,190,51,43,3
25229.png,5.0_4.0,2,17,22,42,25,20,2
2523.png,1.0_1.0_1.0,7,32,37,70,38,30,3
25230.png,9.0_2.0_4.0,1,45,44,81,36,43,3
25231.png,2.0_7.0_3.0,5,24,31,54,30,26,3
25232.png,1.0_4.0,1,42,54,82,40,53,2
25233.png,3.0_6.0,1,32,49,81,49,48,2
25234.png,6.0_9.0,0,23,29,47,24,29,2
25235.png,8.0,6,35,36,44,9,30,1
25236.png,5.0_10.0_7.0,2,20,23,40,20,21,3
25237.png,3.0_10.0,4,18,19,30,12,15,2
25238.png,1.0_1.0_3.0,27,41,117,146,105,90,3
25239.png,1.0_2.0,22,133,94,188,55,72,2
2524.png,3.0_7.0_5.0,11,63,84,131,68,73,3
25240.png,4.0,4,29,35,44,15,31,1
25241.png,5.0_3.0_10.0,11,75,93,167,92,82,3
25242.png,2.0,15,56,62,89,33,47,1
25243.png,3.0,9,34,38,49,15,29,1
25244.png,6.0_7.0,3,25,44,64,39,41,2
25245.png,6.0_3.0,1,23,30,50,27,29,2
25246.png,2.0_1.0,13,48,53,80,32,40,2
25247.png,8.0_6.0,2,33,40,80,47,38,2
25248.png,3.0_10.0,5,31,37,54,23,32,2
25249.png,3.0_8.0,7,48,53,121,73,46,2
2525.png,1.0_1.0_9.0,1,20,25,49,29,24,3
25250.png,2.0_7.0,4,29,27,47,18,23,2
25251.png,1.0_4.0_10.0,9,30,55,64,34,46,3
25252.png,5.0_5.0,17,67,65,103,36,48,2
25253.png,1.0_2.0_9.0,15,67,68,132,65,53,3
25254.png,1.0_9.0,17,77,78,122,45,61,2
25255.png,4.0_9.0,4,24,30,54,30,26,2
25256.png,3.0_7.0,5,39,52,79,40,47,2
25257.png,2.0_9.0,12,80,75,129,49,63,2
25258.png,5.0_10.0,1,15,19,33,18,18,2
25259.png,9.0_7.0,17,60,65,110,50,48,2
2526.png,3.0_8.0_7.0,34,61,55,91,30,21,3
25260.png,1.0_4.0_5.0,4,45,43,85,40,39,3
25261.png,1.0,13,58,52,73,15,39,1
25262.png,9.0,12,53,37,72,19,25,1
25263.png,2.0_5.0_2.0,1,30,34,68,38,33,3
25264.png,8.0,1,26,31,41,15,30,1
25265.png,3.0_4.0,4,24,28,46,22,24,2
25266.png,4.0_8.0_9.0,24,105,112,130,25,88,3
25267.png,4.0_4.0_1.0,7,27,25,48,21,18,3
25268.png,4.0_1.0_6.0,7,29,35,62,33,28,3
25269.png,2.0_6.0_10.0,33,89,81,148,59,48,3
2527.png,8.0_8.0,12,79,82,155,76,70,2
25270.png,1.0_10.0_10.0,10,37,35,63,26,25,3
25271.png,1.0_4.0,6,38,45,74,36,39,2
25272.png,1.0_1.0,2,18,24,36,18,22,2
25273.png,1.0_5.0_10.0,8,32,30,72,40,22,3
25274.png,5.0_6.0,9,39,42,70,31,33,2
25275.png,2.0_1.0,1,35,45,82,47,44,2
25276.png,7.0_9.0,4,22,17,32,10,13,2
25277.png,3.0_1.0,5,17,22,33,16,17,2
25278.png,8.0,36,137,111,189,52,75,1
25279.png,7.0_5.0,12,40,37,71,31,25,2
2528.png,3.0_8.0_5.0,4,18,24,42,24,20,3
25280.png,2.0_8.0,4,25,27,44,19,23,2
25281.png,1.0_4.0,12,51,54,93,42,42,2
25282.png,6.0_3.0_7.0,6,37,32,79,42,26,3
25283.png,7.0,25,121,155,196,75,130,1
25284.png,9.0_10.0,5,38,41,74,36,36,2
25285.png,2.0_7.0,5,30,30,52,22,25,2
25286.png,2.0_10.0,7,29,35,60,31,28,2
25287.png,2.0_2.0_7.0_4.0,1,19,19,53,34,18,4
25288.png,3.0_7.0,61,99,97,126,27,36,2
25289.png,5.0,37,80,64,96,16,27,1
2529.png,2.0_10.0,5,40,54,83,43,49,2
25290.png,6.0_9.0,7,31,36,64,33,29,2
25291.png,9.0_10.0,9,45,41,77,32,32,2
25292.png,2.0_7.0_4.0,6,45,54,138,93,48,3
25293.png,1.0_8.0_7.0_8.0,5,20,22,49,29,17,4
25294.png,1.0_3.0_6.0,1,24,32,53,29,31,3
25295.png,1.0_5.0_6.0,6,35,41,90,55,35,3
25296.png,3.0_7.0,6,20,22,34,14,16,2
25297.png,6.0_2.0_1.0,21,29,63,92,63,42,3
25298.png,9.0,6,19,21,24,5,15,1
25299.png,3.0_9.0,26,119,197,256,137,171,2
253.png,1.0_9.0,7,35,45,58,23,38,2
2530.png,3.0_5.0_9.0,5,31,38,69,38,33,3
25300.png,9.0_2.0,1,15,19,34,19,18,2
25301.png,1.0_2.0_1.0,1,35,43,76,41,42,3
25302.png,1.0_5.0_8.0,12,23,42,60,37,30,3
25303.png,2.0_9.0,12,60,54,121,61,42,2
25304.png,4.0_3.0,7,51,52,87,36,45,2
25305.png,6.0_8.0_2.0,43,58,68,106,48,25,3
25306.png,4.0_10.0_5.0,3,24,28,71,47,25,3
25307.png,1.0_3.0,14,59,52,88,29,38,2
25308.png,1.0_3.0_4.0,2,22,24,36,14,22,3
25309.png,2.0_5.0,7,47,55,109,62,48,2
2531.png,1.0_6.0_4.0,19,95,103,162,67,84,3
25310.png,2.0_3.0,12,109,93,206,97,81,2
25311.png,4.0_2.0,4,24,34,47,23,30,2
25312.png,4.0_7.0,7,34,42,66,32,35,2
25313.png,2.0_5.0,20,39,74,117,78,54,2
25314.png,7.0_4.0,7,46,50,92,46,43,2
25315.png,2.0_3.0,11,56,76,110,54,65,2
25316.png,5.0_10.0,11,75,74,144,69,63,2
25317.png,6.0,16,79,92,118,39,76,1
25318.png,6.0_5.0_9.0,14,177,61,261,84,47,3
25319.png,1.0_10.0,7,32,31,55,23,24,2
2532.png,1.0_7.0,3,20,22,29,9,19,2
25320.png,1.0_2.0,4,38,43,71,33,39,2
25321.png,1.0_7.0,2,23,29,47,24,27,2
25322.png,10.0,15,45,42,55,10,27,1
25323.png,3.0_6.0_6.0,31,77,68,132,55,37,3
25324.png,2.0_3.0,11,59,78,138,79,67,2
25325.png,4.0_10.0,12,31,41,74,43,29,2
25326.png,3.0_6.0,4,31,36,67,36,32,2
25327.png,1.0_8.0,7,39,35,78,39,28,2
25328.png,1.0_5.0_5.0,1,18,25,41,23,24,3
25329.png,4.0_8.0,4,32,37,58,26,33,2
2533.png,1.0_10.0_6.0,13,67,70,148,81,57,3
25330.png,1.0_8.0,7,62,72,127,65,65,2
25331.png,2.0_6.0_6.0_7.0,1,15,15,45,30,14,4
25332.png,2.0_2.0,9,39,29,62,23,20,2
25333.png,4.0_7.0_3.0,14,48,38,83,35,24,3
25334.png,7.0_7.0,5,26,29,57,31,24,2
25335.png,1.0_1.0,6,27,28,42,15,22,2
25336.png,3.0_1.0,15,58,57,100,42,42,2
25337.png,2.0_5.0_6.0,50,106,107,221,115,57,3
25338.png,2.0_9.0,2,14,16,25,11,14,2
25339.png,1.0_6.0,13,69,77,123,54,64,2
2534.png,8.0_7.0_2.0,10,32,35,73,41,25,3
25340.png,2.0_10.0_3.0,1,3,63,104,101,62,3
25341.png,3.0_7.0,3,32,31,52,20,28,2
25342.png,1.0_3.0,8,42,26,54,12,18,2
25343.png,2.0_10.0,10,34,32,57,23,22,2
25344.png,4.0_2.0,3,51,52,94,43,49,2
25345.png,3.0_1.0_4.0,20,78,62,119,41,42,3
25346.png,2.0_2.0_10.0,14,35,38,67,32,24,3
25347.png,2.0_1.0,15,59,63,96,37,48,2
25348.png,1.0_5.0_5.0,11,43,46,77,34,35,3
25349.png,9.0_10.0,1,24,18,41,17,17,2
2535.png,2.0_5.0,1,22,22,49,27,21,2
25350.png,4.0,19,54,62,86,32,43,1
25351.png,1.0_7.0_3.0,6,42,48,94,52,42,3
25352.png,1.0_1.0,11,43,45,72,29,34,2
25353.png,3.0_9.0,3,27,26,43,16,23,2
25354.png,9.0_9.0,10,33,39,73,40,29,2
25355.png,2.0_4.0,3,23,26,55,32,23,2
25356.png,2.0_7.0_2.0,1,16,27,51,35,26,3
25357.png,1.0_2.0,1,9,13,24,15,12,2
25358.png,2.0_5.0,12,53,63,110,57,51,2
25359.png,2.0_4.0,8,31,32,50,19,24,2
2536.png,4.0_3.0,6,36,33,55,19,27,2
25360.png,1.0_1.0_3.0,1,27,30,52,25,29,3
25361.png,8.0_4.0,5,26,24,40,14,19,2
25362.png,7.0_1.0,5,33,42,68,35,37,2
25363.png,3.0,2,27,33,45,18,31,1
25364.png,7.0_2.0,9,39,32,66,27,23,2
25365.png,2.0,3,22,23,35,13,20,1
25366.png,6.0,1,15,14,23,8,13,1
25367.png,1.0_9.0,4,25,28,51,26,24,2
25368.png,3.0_10.0,7,25,28,47,22,21,2
25369.png,3.0_7.0_10.0,57,198,121,290,92,64,3
2537.png,4.0_10.0_3.0_4.0,10,45,49,109,64,39,4
25370.png,1.0_1.0_8.0,5,38,55,105,67,50,3
25371.png,1.0_10.0_3.0,26,91,94,192,101,68,3
25372.png,1.0,1,17,25,23,6,24,1
25373.png,1.0_10.0,11,25,23,41,16,12,2
25374.png,1.0_10.0_4.0,2,34,40,61,27,38,3
25375.png,5.0_5.0,3,33,36,61,28,33,2
25376.png,5.0_5.0_9.0,9,33,34,71,38,25,3
25377.png,8.0_1.0,13,65,65,105,40,52,2
25378.png,5.0_6.0,16,60,49,78,18,33,2
25379.png,9.0,6,29,28,41,12,22,1
2538.png,2.0_1.0,9,39,40,72,33,31,2
25380.png,8.0_3.0_8.0,1,29,30,49,20,29,3
25381.png,3.0_4.0_6.0,15,62,79,100,38,64,3
25382.png,9.0_4.0,21,93,87,163,70,66,2
25383.png,2.0_7.0,4,22,24,44,22,20,2
25384.png,8.0,8,34,30,49,15,22,1
25385.png,6.0_10.0_7.0,20,82,78,147,65,58,3
25386.png,2.0_6.0_10.0,1,21,23,43,22,22,3
25387.png,6.0_9.0,14,44,38,64,20,24,2
25388.png,9.0_5.0,3,21,17,32,11,14,2
25389.png,2.0_4.0_2.0,8,47,51,95,48,43,3
2539.png,1.0,5,42,34,52,10,29,1
25390.png,3.0_7.0_6.0,14,96,102,217,121,88,3
25391.png,4.0_5.0,2,24,27,48,24,25,2
25392.png,1.0_5.0_9.0,28,51,74,105,54,46,3
25393.png,3.0_4.0,15,66,57,116,50,42,2
25394.png,1.0_2.0_1.0,2,40,49,97,57,47,3
25395.png,8.0_8.0,4,33,36,70,37,32,2
25396.png,4.0_2.0,2,17,24,42,25,22,2
25397.png,8.0_2.0,7,55,58,109,54,51,2
25398.png,9.0_1.0,4,18,18,31,13,14,2
25399.png,5.0_3.0,10,31,37,57,26,27,2
254.png,3.0_5.0,4,30,37,65,35,33,2
2540.png,2.0_4.0_6.0,18,193,71,239,46,53,3
25400.png,2.0_7.0,5,45,44,93,48,39,2
25401.png,1.0_2.0_9.0,2,26,29,54,28,27,3
25402.png,9.0_10.0,7,59,61,120,61,54,2
25403.png,1.0_8.0_7.0,4,45,51,80,35,47,3
25404.png,9.0_1.0,4,22,21,39,17,17,2
25405.png,2.0_5.0,5,32,32,58,26,27,2
25406.png,5.0_3.0,5,54,51,92,38,46,2
25407.png,7.0,6,31,33,42,11,27,1
25408.png,2.0_9.0,5,34,43,75,41,38,2
25409.png,2.0_6.0,11,98,126,210,112,115,2
2541.png,9.0,1,15,18,28,13,17,1
25410.png,1.0_2.0_6.0,18,58,48,90,32,30,3
25411.png,1.0,3,28,31,46,18,28,1
25412.png,2.0_1.0_6.0,3,24,22,43,19,19,3
25413.png,3.0_3.0,1,17,20,32,15,19,2
25414.png,1.0_7.0,20,77,76,120,43,56,2
25415.png,3.0_7.0,24,74,62,112,38,38,2
25416.png,6.0_8.0_3.0,12,66,71,138,72,59,3
25417.png,5.0,8,38,31,51,13,23,1
25418.png,1.0_10.0_8.0,1,24,29,62,38,28,3
25419.png,1.0_10.0_2.0,4,29,34,62,33,30,3
2542.png,1.0,8,44,39,51,7,31,1
25420.png,5.0_3.0,3,28,31,46,18,28,2
25421.png,1.0_3.0_10.0,13,44,41,86,42,28,3
25422.png,1.0_3.0_4.0,14,32,74,86,54,60,3
25423.png,4.0_5.0,5,24,29,42,18,24,2
25424.png,2.0,7,28,36,42,14,29,1
25425.png,4.0,3,29,20,39,10,17,1
25426.png,1.0_9.0,7,23,27,42,19,20,2
25427.png,3.0_7.0,3,21,22,36,15,19,2
25428.png,8.0,4,40,44,65,25,40,1
25429.png,5.0,12,45,39,57,12,27,1
2543.png,1.0_8.0,14,46,33,63,17,19,2
25430.png,4.0,5,23,19,30,7,14,1
25431.png,4.0_4.0,4,40,46,74,34,42,2
25432.png,4.0_3.0_4.0_5.0,17,86,51,125,39,34,4
25433.png,6.0_1.0,5,36,41,70,34,36,2
25434.png,7.0_8.0_6.0,16,85,34,121,36,18,3
25435.png,3.0,19,65,52,92,27,33,1
25436.png,4.0_2.0,3,20,30,49,29,27,2
25437.png,6.0,7,55,38,73,18,31,1
25438.png,3.0_10.0_10.0,68,220,131,277,57,63,3
25439.png,2.0_1.0_3.0_10.0,1,10,12,38,28,11,4
2544.png,1.0_6.0,2,29,32,56,27,30,2
25440.png,3.0_5.0,7,51,55,94,43,48,2
25441.png,1.0_10.0_8.0_3.0,27,105,56,160,55,29,4
25442.png,8.0_3.0,6,43,46,82,39,40,2
25443.png,7.0_8.0,8,27,31,44,17,23,2
25444.png,1.0_3.0,10,37,30,52,15,20,2
25445.png,2.0_5.0,7,30,38,63,33,31,2
25446.png,1.0_5.0_4.0,2,23,22,39,16,20,3
25447.png,4.0_1.0,4,22,29,56,34,25,2
25448.png,3.0_3.0_8.0,9,47,44,93,46,35,3
25449.png,1.0_10.0,22,74,49,106,32,27,2
2545.png,1.0_8.0_3.0_1.0,56,227,96,285,58,40,4
25450.png,1.0_6.0,12,46,47,82,36,35,2
25451.png,1.0_10.0_6.0,11,42,46,75,33,35,3
25452.png,2.0,10,32,36,49,17,26,1
25453.png,8.0,3,13,19,23,10,16,1
25454.png,7.0,4,23,26,32,9,22,1
25455.png,1.0_8.0,9,49,67,86,37,58,2
25456.png,2.0_7.0,14,53,40,68,15,26,2
25457.png,1.0,6,29,18,33,4,12,1
25458.png,1.0_5.0_7.0_8.0,11,59,61,158,99,50,4
25459.png,1.0_5.0,3,28,35,51,23,32,2
2546.png,4.0,5,29,33,55,26,28,1
25460.png,1.0_2.0_3.0,2,21,21,55,34,19,3
25461.png,7.0,9,31,32,44,13,23,1
25462.png,2.0_3.0,4,27,35,60,33,31,2
25463.png,4.0,7,48,46,72,24,39,1
25464.png,3.0,6,40,38,59,19,32,1
25465.png,2.0,35,95,63,115,20,28,1
25466.png,2.0_5.0,6,34,39,66,32,33,2
25467.png,2.0_5.0_3.0,5,89,65,158,69,60,3
25468.png,2.0_7.0,2,19,25,37,18,23,2
25469.png,5.0_3.0,3,25,27,47,22,24,2
2547.png,5.0,6,42,41,61,19,35,1
25470.png,6.0_2.0,6,35,35,65,30,29,2
25471.png,3.0_6.0,19,80,62,144,64,43,2
25472.png,3.0_8.0,1,10,14,26,16,13,2
25473.png,1.0_6.0,3,22,22,44,22,19,2
25474.png,1.0_8.0_10.0,17,93,109,174,81,92,3
25475.png,4.0_4.0_4.0,7,47,54,100,53,47,3
25476.png,4.0_7.0,19,66,46,89,23,27,2
25477.png,4.0_1.0,11,61,60,100,39,49,2
25478.png,3.0_9.0_5.0,16,102,91,210,108,75,3
25479.png,5.0_10.0_10.0,10,55,56,124,69,46,3
2548.png,8.0,9,53,47,69,16,38,1
25480.png,7.0_5.0_5.0,47,173,99,212,39,52,3
25481.png,3.0_10.0,3,28,32,60,32,29,2
25482.png,7.0_9.0_6.0,1,13,19,36,23,18,3
25483.png,2.0_10.0_2.0,2,33,40,67,34,38,3
25484.png,1.0_4.0_1.0,21,79,57,123,44,36,3
25485.png,1.0_5.0,1,37,47,70,33,46,2
25486.png,1.0_2.0_7.0,6,34,31,59,25,25,3
25487.png,1.0_1.0,2,22,25,34,12,23,2
25488.png,6.0_10.0,2,24,26,58,34,24,2
25489.png,1.0_8.0,6,47,51,87,40,45,2
2549.png,5.0,3,24,24,39,15,21,1
25490.png,7.0_6.0,41,122,139,218,96,98,2
25491.png,5.0_10.0,1,25,28,39,14,27,2
25492.png,2.0_5.0_8.0,100,262,182,308,46,82,3
25493.png,1.0_4.0_6.0_2.0,2,14,16,44,30,14,4
25494.png,4.0_7.0_5.0,10,43,45,92,49,35,3
25495.png,6.0_10.0,4,23,29,52,29,25,2
25496.png,7.0_4.0_5.0,49,125,107,185,60,58,3
25497.png,1.0_6.0_7.0,6,31,35,57,26,29,3
25498.png,2.0_2.0_3.0,35,57,53,86,29,18,3
25499.png,1.0_4.0,12,50,40,74,24,28,2
255.png,9.0_3.0,8,55,63,119,64,55,2
2550.png,2.0_9.0_7.0,5,24,24,46,22,19,3
25500.png,1.0_10.0_8.0,3,17,18,38,21,15,3
25501.png,6.0_9.0_10.0,17,67,66,168,101,49,3
25502.png,1.0,11,50,39,63,13,28,1
25503.png,2.0_5.0_7.0,7,35,39,80,45,32,3
25504.png,9.0_4.0,3,26,31,52,26,28,2
25505.png,2.0_2.0_6.0,4,43,51,135,92,47,3
25506.png,4.0_10.0,5,45,56,72,27,51,2
25507.png,7.0_8.0,1,12,13,28,16,12,2
25508.png,4.0,4,19,17,29,10,13,1
25509.png,3.0,5,31,30,45,14,25,1
2551.png,1.0_10.0_5.0,10,41,38,84,43,28,3
25510.png,3.0_9.0_8.0_7.0,1,25,29,80,55,28,4
25511.png,1.0_5.0,7,30,34,60,30,27,2
25512.png,2.0_9.0,15,65,68,101,36,53,2
25513.png,4.0_10.0,8,49,45,72,23,37,2
25514.png,1.0,89,49,100,69,20,11,1
25515.png,9.0_5.0,10,37,35,62,25,25,2
25516.png,2.0_8.0_2.0,3,23,27,53,30,24,3
25517.png,9.0_1.0,4,21,22,35,14,18,2
25518.png,1.0_9.0,17,74,70,117,43,53,2
25519.png,1.0_8.0_2.0,23,74,61,117,43,38,3
2552.png,1.0_7.0_1.0_4.0,16,59,52,101,42,36,4
25520.png,1.0_5.0_4.0,25,218,60,262,44,35,3
25521.png,5.0,3,21,24,32,11,21,1
25522.png,1.0_8.0,5,40,47,87,47,42,2
25523.png,10.0_4.0,28,40,59,69,29,31,2
25524.png,2.0_4.0,2,19,22,42,23,20,2
25525.png,2.0_1.0,5,19,23,29,10,18,2
25526.png,2.0_5.0_4.0,1,17,26,44,27,25,3
25527.png,3.0_1.0,6,41,47,66,25,41,2
25528.png,2.0_1.0_2.0,7,37,33,75,38,26,3
25529.png,2.0_10.0,4,16,25,44,28,21,2
2553.png,5.0,18,92,70,128,36,52,1
25530.png,5.0,4,32,29,44,12,25,1
25531.png,7.0_10.0,4,22,19,40,18,15,2
25532.png,3.0_9.0,2,26,29,47,21,27,2
25533.png,4.0,58,157,140,206,49,82,1
25534.png,1.0_5.0_2.0,3,23,25,47,24,22,3
25535.png,1.0,4,20,22,26,6,18,1
25536.png,1.0_7.0_1.0,1,17,15,40,23,14,3
25537.png,1.0_8.0_6.0,9,35,32,59,24,23,3
25538.png,4.0,5,41,54,64,23,49,1
25539.png,2.0_2.0_10.0,14,48,60,118,70,46,3
2554.png,7.0,2,26,20,32,6,18,1
25540.png,3.0,2,38,39,65,27,37,1
25541.png,2.0_1.0_5.0,10,35,30,55,20,20,3
25542.png,3.0_3.0,4,28,33,48,20,29,2
25543.png,6.0,8,29,29,37,8,21,1
25544.png,1.0_6.0,8,34,33,55,21,25,2
25545.png,2.0,11,60,43,78,18,32,1
25546.png,1.0,2,16,16,27,11,14,1
25547.png,4.0_6.0,5,23,27,46,23,22,2
25548.png,2.0,12,57,49,77,20,37,1
25549.png,1.0_1.0,11,42,58,84,42,47,2
2555.png,9.0,5,36,43,60,24,38,1
25550.png,2.0,4,20,17,29,9,13,1
25551.png,3.0_9.0,5,35,42,60,25,37,2
25552.png,3.0_2.0,17,183,64,235,52,47,2
25553.png,3.0_3.0,1,20,23,35,15,22,2
25554.png,2.0_1.0_2.0_6.0,4,18,31,91,73,27,4
25555.png,5.0_4.0,18,58,53,108,50,35,2
25556.png,1.0_1.0_10.0,3,27,34,58,31,31,3
25557.png,1.0_5.0,23,58,64,99,41,41,2
25558.png,1.0_2.0_2.0,12,34,35,64,30,23,3
25559.png,3.0,10,41,42,54,13,32,1
2556.png,2.0_10.0_4.0,5,42,39,91,49,34,3
25560.png,5.0_8.0,9,61,67,129,68,58,2
25561.png,3.0_2.0,12,47,43,80,33,31,2
25562.png,7.0,2,31,30,68,37,28,1
25563.png,3.0_7.0_1.0,14,40,33,68,28,19,3
25564.png,2.0_10.0,20,83,81,167,84,61,2
25565.png,5.0,8,32,35,45,13,27,1
25566.png,2.0,2,22,19,34,12,17,1
25567.png,5.0_6.0,24,91,102,153,62,78,2
25568.png,2.0_5.0,1,12,20,35,23,19,2
25569.png,2.0_6.0,21,54,56,89,35,35,2
2557.png,5.0_9.0,4,43,53,81,38,49,2
25570.png,3.0,13,53,45,70,17,32,1
25571.png,3.0_6.0,5,30,40,59,29,35,2
25572.png,1.0_4.0,6,34,38,59,25,32,2
25573.png,1.0_2.0_9.0,6,25,28,55,30,22,3
25574.png,1.0_10.0_7.0,6,22,27,56,34,21,3
25575.png,4.0_2.0,6,22,22,36,14,16,2
25576.png,5.0_9.0_7.0,3,23,23,48,25,20,3
25577.png,2.0_2.0,11,43,39,77,34,28,2
25578.png,1.0_10.0_8.0,2,34,44,78,44,42,3
25579.png,4.0,3,47,21,59,12,18,1
2558.png,6.0_10.0,11,36,38,67,31,27,2
25580.png,2.0_5.0,3,56,66,109,53,63,2
25581.png,5.0,3,24,20,29,5,17,1
25582.png,5.0_4.0,2,24,28,51,27,26,2
25583.png,5.0_5.0,11,54,64,99,45,53,2
25584.png,7.0_7.0,7,29,34,45,16,27,2
25585.png,2.0_1.0_4.0,2,15,20,35,20,18,3
25586.png,3.0_2.0,8,34,48,71,37,40,2
25587.png,1.0_8.0,7,27,24,39,12,17,2
25588.png,1.0_7.0_1.0_4.0,1,11,13,40,29,12,4
25589.png,1.0_3.0_3.0,16,61,57,104,43,41,3
2559.png,2.0_1.0,6,20,21,35,15,15,2
25590.png,1.0_5.0_1.0,8,51,56,97,46,48,3
25591.png,1.0_5.0_3.0,8,54,48,101,47,40,3
25592.png,3.0,4,18,22,28,10,18,1
25593.png,6.0_6.0_4.0,16,63,65,99,36,49,3
25594.png,7.0,2,29,35,50,21,33,1
25595.png,1.0_2.0,1,11,13,24,13,12,2
25596.png,1.0_6.0,4,25,27,42,17,23,2
25597.png,9.0,27,137,161,199,62,134,1
25598.png,1.0_7.0,6,27,31,52,25,25,2
25599.png,1.0_2.0_6.0,14,86,79,148,62,65,3
256.png,2.0_8.0,2,31,36,68,37,34,2
2560.png,4.0,11,44,45,61,17,34,1
25600.png,1.0,8,29,22,36,7,14,1
25601.png,2.0_9.0_2.0_5.0,1,17,15,47,30,14,4
25602.png,2.0_4.0,9,42,43,86,44,34,2
25603.png,1.0_2.0_1.0,14,44,29,71,27,15,3
25604.png,1.0_1.0,10,66,78,105,39,68,2
25605.png,4.0_8.0,3,36,44,72,36,41,2
25606.png,7.0,5,16,19,23,7,14,1
25607.png,4.0_9.0,8,25,26,42,17,18,2
25608.png,2.0_2.0,11,49,42,84,35,31,2
25609.png,2.0_4.0,15,71,75,132,61,60,2
2561.png,5.0_2.0,3,45,70,103,58,67,2
25610.png,3.0_1.0,104,200,133,241,41,29,2
25611.png,1.0_4.0_6.0,3,37,42,103,66,39,3
25612.png,2.0_7.0,15,127,93,186,59,78,2
25613.png,1.0_9.0_1.0_5.0,2,27,39,96,69,37,4
25614.png,7.0_8.0,5,30,34,71,41,29,2
25615.png,3.0_1.0,4,56,42,85,29,38,2
25616.png,3.0_5.0_2.0,13,98,61,138,40,48,3
25617.png,2.0_1.0,1,17,22,37,20,21,2
25618.png,3.0_6.0_5.0,8,33,47,85,52,39,3
25619.png,7.0_1.0,3,27,26,45,18,23,2
2562.png,2.0_1.0,5,21,29,43,22,24,2
25620.png,1.0_6.0_8.0,4,21,23,43,22,19,3
25621.png,1.0_2.0,13,57,60,97,40,47,2
25622.png,4.0_6.0,3,24,28,58,34,25,2
25623.png,2.0,7,37,40,53,16,33,1
25624.png,2.0_2.0,3,28,27,48,20,24,2
25625.png,1.0_2.0,3,21,27,44,23,24,2
25626.png,1.0_8.0_4.0,63,112,111,174,62,48,3
25627.png,1.0_10.0_1.0,5,54,47,108,54,42,3
25628.png,4.0,4,25,24,35,10,20,1
25629.png,9.0_9.0,22,93,53,122,29,31,2
2563.png,6.0_5.0_8.0,14,64,58,131,67,44,3
25630.png,3.0_7.0,8,54,78,130,76,70,2
25631.png,2.0_2.0_2.0,5,37,38,91,54,33,3
25632.png,5.0,1,21,25,32,11,24,1
25633.png,5.0_1.0_2.0,18,146,57,205,59,39,3
25634.png,2.0_2.0,11,53,59,97,44,48,2
25635.png,6.0,2,28,33,53,25,31,1
25636.png,1.0_4.0_5.0,8,47,54,93,46,46,3
25637.png,1.0_6.0,24,131,151,244,113,127,2
25638.png,7.0,5,26,29,39,13,24,1
25639.png,4.0_10.0,7,30,30,51,21,23,2
2564.png,1.0_5.0_5.0_10.0,2,12,16,39,27,14,4
25640.png,3.0_6.0_3.0,33,69,69,126,57,36,3
25641.png,2.0_3.0,3,22,18,40,18,15,2
25642.png,2.0_5.0,13,88,108,184,96,95,2
25643.png,1.0_4.0_7.0,31,86,60,117,31,29,3
25644.png,1.0_1.0_4.0,1,23,24,45,22,23,3
25645.png,4.0_6.0,20,55,43,87,32,23,2
25646.png,4.0_10.0,3,24,25,48,24,22,2
25647.png,4.0,14,54,59,70,16,45,1
25648.png,9.0,7,34,45,51,17,38,1
25649.png,9.0,2,23,31,45,22,29,1
2565.png,3.0_10.0,7,48,62,104,56,55,2
25650.png,4.0_5.0,18,79,86,146,67,68,2
25651.png,2.0_8.0,3,25,30,42,17,27,2
25652.png,2.0_8.0_2.0,9,32,38,56,24,29,3
25653.png,6.0_6.0,20,70,68,111,41,48,2
25654.png,5.0_10.0,5,26,26,51,25,21,2
25655.png,3.0,19,65,60,77,12,41,1
25656.png,2.0_6.0_5.0_10.0,1,18,18,66,48,17,4
25657.png,1.0_8.0,24,95,88,127,32,64,2
25658.png,4.0_7.0,9,41,57,83,42,48,2
25659.png,9.0_1.0,9,43,36,64,21,27,2
2566.png,2.0_6.0_4.0_7.0,2,20,20,70,50,18,4
25660.png,1.0_8.0,6,32,37,50,18,31,2
25661.png,1.0_5.0,3,20,15,30,10,12,2
25662.png,3.0_4.0,6,100,143,227,127,137,2
25663.png,5.0_7.0_6.0,51,127,77,156,29,26,3
25664.png,2.0_7.0_4.0,16,62,61,107,45,45,3
25665.png,1.0_1.0_9.0,14,63,65,132,69,51,3
25666.png,3.0_5.0,11,34,32,54,20,21,2
25667.png,2.0_1.0_6.0,8,43,37,82,39,29,3
25668.png,5.0_1.0,4,34,34,57,23,30,2
25669.png,3.0_8.0,1,19,28,49,30,27,2
2567.png,5.0_6.0,2,39,40,78,39,38,2
25670.png,2.0_1.0,46,221,74,245,24,28,2
25671.png,2.0_4.0,7,37,76,113,76,69,2
25672.png,7.0_3.0,1,17,23,37,20,22,2
25673.png,7.0_9.0,4,29,35,49,20,31,2
25674.png,8.0_5.0,1,19,28,58,39,27,2
25675.png,5.0_7.0,8,35,36,50,15,28,2
25676.png,4.0_1.0,8,39,48,68,29,40,2
25677.png,2.0_6.0,6,33,37,59,26,31,2
25678.png,2.0_5.0,9,62,73,140,78,64,2
25679.png,2.0_4.0,3,22,24,42,20,21,2
2568.png,2.0_8.0,4,24,23,43,19,19,2
25680.png,3.0_7.0_7.0,7,40,40,69,29,33,3
25681.png,1.0_2.0,8,28,24,43,15,16,2
25682.png,6.0_9.0,11,38,39,77,39,28,2
25683.png,2.0_10.0,3,28,35,58,30,32,2
25684.png,6.0_5.0,13,75,67,137,62,54,2
25685.png,3.0,3,21,16,26,5,13,1
25686.png,1.0_3.0,2,22,20,36,14,18,2
25687.png,9.0_3.0,1,20,26,46,26,25,2
25688.png,4.0_6.0,1,18,19,35,17,18,2
25689.png,1.0_6.0,10,38,33,60,22,23,2
2569.png,1.0_5.0,8,17,61,53,36,53,2
25690.png,1.0_9.0_7.0,1,23,29,42,19,28,3
25691.png,7.0,12,57,59,88,31,47,1
25692.png,4.0_3.0,2,56,71,117,61,69,2
25693.png,1.0_5.0_7.0,25,83,87,181,98,62,3
25694.png,1.0_1.0,10,30,37,61,31,27,2
25695.png,1.0_3.0,7,30,34,52,22,27,2
25696.png,6.0_2.0,10,31,31,45,14,21,2
25697.png,3.0_8.0,3,51,64,109,58,61,2
25698.png,2.0_3.0_5.0,4,30,32,62,32,28,3
25699.png,5.0_4.0,35,101,99,134,33,64,2
257.png,1.0_1.0,30,80,76,118,38,46,2
2570.png,1.0_4.0,12,46,47,84,38,35,2
25700.png,3.0_9.0,2,25,30,55,30,28,2
25701.png,2.0_10.0,36,75,81,111,36,45,2
25702.png,1.0_5.0_10.0,15,83,98,177,94,83,3
25703.png,1.0_10.0_2.0,2,19,23,49,30,21,3
25704.png,8.0,5,26,27,42,16,22,1
25705.png,5.0_5.0,21,99,100,184,85,79,2
25706.png,5.0_2.0_3.0,15,59,75,104,45,60,3
25707.png,1.0_3.0_7.0,14,51,58,100,49,44,3
25708.png,1.0_1.0,5,30,34,51,21,29,2
25709.png,1.0_3.0,11,43,41,65,22,30,2
2571.png,3.0_2.0_3.0,25,112,74,149,37,49,3
25710.png,6.0_3.0,32,92,92,167,75,60,2
25711.png,3.0,8,43,45,63,20,37,1
25712.png,4.0_10.0,5,18,16,31,13,11,2
25713.png,5.0_8.0,11,46,30,71,25,19,2
25714.png,4.0_5.0,14,52,52,82,30,38,2
25715.png,5.0_4.0,70,128,98,152,24,28,2
25716.png,2.0_6.0,3,33,43,72,39,40,2
25717.png,6.0_8.0,6,43,56,105,62,50,2
25718.png,1.0_3.0,5,26,25,48,22,20,2
25719.png,1.0_1.0,9,52,68,93,41,59,2
2572.png,2.0_6.0_2.0,1,14,18,37,23,17,3
25720.png,1.0_10.0,4,31,34,65,34,30,2
25721.png,1.0_1.0,1,19,24,37,18,23,2
25722.png,1.0_2.0,4,18,25,43,25,21,2
25723.png,1.0_6.0_10.0,14,59,53,106,47,39,3
25724.png,5.0_3.0_4.0,15,65,54,115,50,39,3
25725.png,1.0_10.0,5,26,38,54,28,33,2
25726.png,1.0_1.0,22,132,177,267,135,155,2
25727.png,1.0,7,37,39,53,16,32,1
25728.png,7.0,9,31,25,40,9,16,1
25729.png,3.0_7.0,9,47,58,135,88,49,2
2573.png,2.0_1.0,3,26,35,60,34,32,2
25730.png,3.0_2.0_8.0,1,19,40,85,66,39,3
25731.png,1.0_8.0,10,57,54,83,26,44,2
25732.png,1.0_7.0_1.0,10,43,41,86,43,31,3
25733.png,2.0_10.0,5,36,39,75,39,34,2
25734.png,4.0_2.0,2,18,18,31,13,16,2
25735.png,2.0_9.0,12,66,65,124,58,53,2
25736.png,3.0,11,47,45,63,16,34,1
25737.png,1.0_9.0_2.0_2.0,20,101,75,206,105,55,4
25738.png,5.0_4.0,6,41,50,75,34,44,2
25739.png,7.0_10.0_9.0,6,65,80,153,88,74,3
2574.png,5.0_3.0_2.0,13,19,58,99,80,45,3
25740.png,7.0,2,25,25,34,9,23,1
25741.png,2.0,6,36,47,64,28,41,1
25742.png,1.0_1.0,2,21,23,33,12,21,2
25743.png,3.0_8.0,3,21,20,36,15,17,2
25744.png,4.0,22,91,69,107,16,47,1
25745.png,1.0_2.0_8.0,2,20,30,62,42,28,3
25746.png,1.0_5.0_10.0,12,62,54,124,62,42,3
25747.png,8.0,4,36,46,62,26,42,1
25748.png,3.0_6.0,4,42,61,98,56,57,2
25749.png,2.0_4.0_5.0,15,78,62,143,65,47,3
2575.png,2.0_9.0,1,14,18,36,22,17,2
25750.png,4.0_1.0,3,26,30,42,16,27,2
25751.png,1.0_1.0_4.0,44,191,93,224,33,49,3
25752.png,6.0_7.0,7,33,34,60,27,27,2
25753.png,3.0_8.0,2,22,24,40,18,22,2
25754.png,2.0_8.0,3,30,32,64,34,29,2
25755.png,2.0_4.0_4.0,36,127,91,198,71,55,3
25756.png,7.0_9.0,6,38,47,70,32,41,2
25757.png,1.0_8.0,4,23,26,39,16,22,2
25758.png,7.0_9.0,38,32,113,110,78,75,2
25759.png,9.0,14,82,91,124,42,77,1
2576.png,2.0_1.0_4.0,1,15,20,35,20,19,3
25760.png,1.0_10.0,4,49,55,78,29,51,2
25761.png,1.0_3.0_2.0,1,11,17,33,22,16,3
25762.png,4.0_6.0,9,32,27,50,18,18,2
25763.png,2.0_2.0,4,32,43,65,33,39,2
25764.png,1.0_10.0_10.0,3,36,43,83,47,40,3
25765.png,4.0,5,34,36,50,16,31,1
25766.png,5.0_2.0,1,16,20,34,18,19,2
25767.png,9.0_3.0,1,19,19,36,17,18,2
25768.png,5.0_4.0,10,43,43,80,37,33,2
25769.png,1.0_4.0_2.0,15,84,109,187,103,94,3
2577.png,4.0,10,78,86,114,36,76,1
25770.png,8.0_9.0,5,34,43,73,39,38,2
25771.png,1.0_5.0_7.0_10.0,1,15,19,49,34,18,4
25772.png,1.0_7.0,14,55,55,76,21,41,2
25773.png,4.0_6.0_2.0,6,42,46,72,30,40,3
25774.png,6.0_2.0,7,29,26,54,25,19,2
25775.png,3.0_6.0,3,30,41,63,33,38,2
25776.png,3.0_3.0,5,32,50,78,46,45,2
25777.png,5.0_8.0,3,38,46,80,42,43,2
25778.png,3.0_5.0,24,70,72,115,45,48,2
25779.png,2.0_8.0,9,50,48,87,37,39,2
2578.png,9.0_4.0,3,19,19,33,14,16,2
25780.png,1.0_2.0_2.0,4,46,58,112,66,54,3
25781.png,5.0_7.0,1,13,16,25,12,15,2
25782.png,1.0_7.0_3.0,15,63,53,111,48,38,3
25783.png,1.0_2.0_1.0,3,24,27,47,23,24,3
25784.png,7.0_3.0,27,121,142,235,114,115,2
25785.png,1.0_9.0,9,25,24,35,10,15,2
25786.png,5.0_9.0,6,53,46,77,24,40,2
25787.png,1.0_7.0_6.0,5,29,33,60,31,28,3
25788.png,4.0_10.0,4,16,18,31,15,14,2
25789.png,3.0_5.0,5,48,68,104,56,63,2
2579.png,3.0_1.0,1,18,23,37,19,22,2
25790.png,7.0_10.0_6.0,10,35,32,61,26,22,3
25791.png,7.0,9,57,72,86,29,63,1
25792.png,6.0_3.0_8.0,11,48,44,88,40,33,3
25793.png,1.0,7,23,19,27,4,12,1
25794.png,3.0_1.0,4,27,27,45,18,23,2
25795.png,4.0_2.0,46,15,91,56,41,45,2
25796.png,2.0_6.0,5,87,90,187,100,85,2
25797.png,4.0_10.0,9,36,43,74,38,34,2
25798.png,1.0_8.0_4.0,2,17,23,39,22,21,3
25799.png,7.0_5.0,1,24,31,41,17,30,2
258.png,5.0_6.0,1,45,63,111,66,62,2
2580.png,1.0_7.0_1.0,31,196,59,219,23,28,3
25800.png,5.0,4,21,22,35,14,18,1
25801.png,2.0_1.0_6.0,1,18,25,46,28,24,3
25802.png,4.0_3.0,6,29,30,46,17,24,2
25803.png,5.0_4.0,4,29,43,75,46,39,2
25804.png,2.0,5,27,28,38,11,23,1
25805.png,9.0,7,44,51,70,26,44,1
25806.png,2.0_4.0_4.0_2.0,7,31,33,82,51,26,4
25807.png,6.0,16,72,80,107,35,64,1
25808.png,2.0_3.0,5,39,34,64,25,29,2
25809.png,2.0,5,24,26,34,10,21,1
2581.png,2.0_4.0,6,52,67,90,38,61,2
25810.png,1.0_10.0_1.0,21,74,64,155,81,43,3
25811.png,1.0_4.0,3,21,23,45,24,20,2
25812.png,1.0_5.0_2.0_5.0,41,107,74,166,59,33,4
25813.png,1.0_2.0,2,17,16,31,14,14,2
25814.png,4.0_1.0_2.0,7,35,35,68,33,28,3
25815.png,3.0_10.0,13,84,32,104,20,19,2
25816.png,2.0_2.0,1,25,32,51,26,31,2
25817.png,1.0_5.0_7.0_9.0,3,17,21,57,40,18,4
25818.png,2.0_3.0_1.0,27,113,140,222,109,113,3
25819.png,6.0,5,39,55,58,19,50,1
2582.png,7.0_2.0,9,78,92,159,81,83,2
25820.png,5.0_2.0,2,16,17,34,18,15,2
25821.png,7.0_6.0,1,20,30,57,37,29,2
25822.png,3.0_1.0_7.0,11,46,36,83,37,25,3
25823.png,5.0_3.0_2.0,18,63,47,91,28,29,3
25824.png,2.0_5.0,6,18,25,34,16,19,2
25825.png,4.0_9.0_5.0,9,42,59,100,58,50,3
25826.png,1.0_1.0_5.0,4,26,34,56,30,30,3
25827.png,4.0_4.0_3.0,35,158,66,196,38,31,3
25828.png,1.0_5.0_9.0,1,13,16,33,20,15,3
25829.png,1.0_8.0,1,19,97,127,108,96,2
2583.png,1.0_2.0_9.0,1,41,42,79,38,41,3
25830.png,7.0_7.0,4,25,28,36,11,24,2
25831.png,3.0_10.0_8.0,2,21,26,55,34,24,3
25832.png,2.0_4.0,7,36,38,66,30,31,2
25833.png,9.0_1.0,17,52,61,97,45,44,2
25834.png,1.0_6.0,10,41,37,58,17,27,2
25835.png,1.0_5.0_8.0,21,102,65,152,50,44,3
25836.png,7.0_2.0,9,37,43,63,26,34,2
25837.png,5.0_4.0_7.0,5,23,29,51,28,24,3
25838.png,2.0_3.0,4,42,54,66,24,50,2
25839.png,6.0,4,28,25,39,11,21,1
2584.png,6.0,19,55,48,79,24,29,1
25840.png,4.0,24,107,95,162,55,71,1
25841.png,1.0_8.0_6.0_9.0,9,55,72,160,105,63,4
25842.png,1.0_1.0_6.0,26,82,68,127,45,42,3
25843.png,5.0,2,34,46,56,22,44,1
25844.png,3.0_7.0,4,27,30,48,21,26,2
25845.png,9.0_1.0,1,20,27,39,19,26,2
25846.png,9.0_5.0,1,14,19,35,21,18,2
25847.png,1.0_8.0,4,25,31,50,25,27,2
25848.png,1.0_4.0,13,49,59,94,45,46,2
25849.png,7.0_2.0,5,41,58,99,58,53,2
2585.png,2.0_6.0_2.0_6.0,2,25,26,66,41,24,4
25850.png,5.0_4.0,2,31,45,80,49,43,2
25851.png,3.0_10.0,8,34,34,64,30,26,2
25852.png,6.0,19,113,104,160,47,85,1
25853.png,6.0,7,35,37,48,13,30,1
25854.png,4.0_9.0,26,70,67,114,44,41,2
25855.png,1.0_10.0,4,26,26,44,18,22,2
25856.png,1.0_1.0_3.0,18,62,73,138,76,55,3
25857.png,1.0_6.0,7,46,54,84,38,47,2
25858.png,1.0_10.0_10.0,18,74,57,131,57,39,3
25859.png,2.0_4.0,8,38,41,71,33,33,2
2586.png,2.0_7.0,3,39,43,74,35,40,2
25860.png,1.0_5.0,7,31,36,79,48,29,2
25861.png,4.0_1.0,2,24,20,42,18,18,2
25862.png,6.0_10.0,14,52,55,98,46,41,2
25863.png,1.0_10.0_9.0,13,92,49,160,68,36,3
25864.png,1.0_1.0,6,26,26,38,12,20,2
25865.png,4.0_1.0,1,13,18,25,12,17,2
25866.png,1.0_5.0,16,69,80,117,48,64,2
25867.png,2.0,1,22,21,32,10,20,1
25868.png,8.0_1.0,1,33,33,70,37,32,2
25869.png,8.0_5.0,21,67,85,127,60,64,2
2587.png,3.0_4.0,12,53,55,100,47,43,2
25870.png,4.0_10.0,1,26,35,61,35,34,2
25871.png,4.0_10.0,7,42,47,73,31,40,2
25872.png,5.0,6,49,65,91,42,59,1
25873.png,1.0_2.0_3.0_9.0,1,12,12,34,22,11,4
25874.png,3.0_7.0,15,67,72,117,50,57,2
25875.png,6.0,7,26,25,38,12,18,1
25876.png,1.0_3.0_4.0,2,27,38,76,49,36,3
25877.png,1.0_2.0,15,53,46,82,29,31,2
25878.png,3.0_3.0,3,17,21,35,18,18,2
25879.png,3.0_6.0,1,11,17,26,15,16,2
2588.png,1.0_1.0_10.0_3.0,8,106,38,161,55,30,4
25880.png,6.0_2.0,8,39,46,85,46,38,2
25881.png,4.0_6.0,5,28,29,62,34,24,2
25882.png,1.0_9.0,1,16,17,31,15,16,2
25883.png,6.0_5.0,4,27,42,64,37,38,2
25884.png,2.0_1.0_7.0,1,45,60,138,93,59,3
25885.png,1.0_2.0,18,80,93,130,50,75,2
25886.png,1.0_10.0_5.0,70,183,111,222,39,41,3
25887.png,5.0_10.0,13,76,101,200,124,88,2
25888.png,2.0_4.0,4,22,22,44,22,18,2
25889.png,8.0_10.0,11,54,56,99,45,45,2
2589.png,6.0_1.0_6.0_1.0,32,114,134,187,73,102,4
25890.png,9.0_10.0,9,36,35,64,28,26,2
25891.png,6.0_3.0,5,22,21,33,11,16,2
25892.png,3.0_8.0,5,29,34,59,30,29,2
25893.png,4.0_8.0,12,51,52,104,53,40,2
25894.png,2.0_3.0,7,27,30,47,20,23,2
25895.png,3.0_6.0,4,21,29,45,24,25,2
25896.png,1.0_3.0,15,66,59,89,23,44,2
25897.png,1.0_2.0,17,77,79,117,40,62,2
25898.png,8.0_6.0,6,38,36,76,38,30,2
25899.png,9.0_1.0,6,30,27,48,18,21,2
259.png,5.0,14,51,44,70,19,30,1
2590.png,5.0_3.0,19,48,60,72,24,41,2
25900.png,5.0_7.0,2,18,24,34,16,22,2
25901.png,8.0_3.0,3,22,28,54,32,25,2
25902.png,1.0_2.0_9.0,28,90,83,160,70,55,3
25903.png,1.0_2.0_3.0,9,57,58,92,35,49,3
25904.png,5.0_9.0,3,45,59,86,41,56,2
25905.png,6.0_5.0,2,18,20,31,13,18,2
25906.png,1.0_7.0,2,25,35,55,30,33,2
25907.png,4.0_2.0,8,28,33,48,20,25,2
25908.png,4.0_2.0,1,23,35,65,42,34,2
25909.png,1.0_7.0_3.0,4,25,30,72,47,26,3
2591.png,5.0_6.0,4,26,30,43,17,26,2
25910.png,2.0_2.0_1.0_9.0,2,34,44,74,40,42,4
25911.png,1.0_8.0,17,70,78,106,36,61,2
25912.png,1.0_3.0_2.0,9,32,40,58,26,31,3
25913.png,2.0_6.0,24,96,98,154,58,74,2
25914.png,4.0,14,109,127,169,60,113,1
25915.png,7.0_4.0,11,19,39,58,39,28,2
25916.png,1.0_10.0_1.0,6,56,51,79,23,45,3
25917.png,5.0_1.0,9,34,22,50,16,13,2
25918.png,6.0_1.0,5,33,52,73,40,47,2
25919.png,8.0_3.0,28,112,86,160,48,58,2
2592.png,1.0_9.0,7,40,48,64,24,41,2
25920.png,6.0_10.0_10.0,20,104,51,137,33,31,3
25921.png,3.0_2.0,19,78,76,117,39,57,2
25922.png,3.0_2.0,4,28,36,50,22,32,2
25923.png,5.0_7.0,15,70,49,104,34,34,2
25924.png,7.0,4,24,29,33,9,25,1
25925.png,1.0_7.0_4.0,3,16,17,38,22,14,3
25926.png,5.0,17,81,82,124,43,65,1
25927.png,1.0_3.0,1,16,17,34,18,16,2
25928.png,1.0_5.0_8.0,22,57,58,102,45,36,3
25929.png,2.0_10.0_10.0,5,15,27,78,63,22,3
2593.png,1.0_10.0_3.0,5,41,41,84,43,36,3
25930.png,2.0_7.0,6,23,23,44,21,17,2
25931.png,2.0,3,29,28,40,11,25,1
25932.png,5.0_2.0,1,19,28,44,25,27,2
25933.png,1.0_1.0_2.0,6,35,40,83,48,34,3
25934.png,8.0,11,50,58,79,29,47,1
25935.png,2.0_10.0,6,29,27,49,20,21,2
25936.png,4.0_10.0,23,73,88,146,73,65,2
25937.png,1.0_10.0_7.0,9,53,65,68,15,56,3
25938.png,1.0_9.0,5,35,42,65,30,37,2
25939.png,5.0_7.0,14,71,87,142,71,73,2
2594.png,5.0,5,16,42,34,18,37,1
25940.png,8.0,6,36,42,50,14,36,1
25941.png,6.0_2.0,6,25,23,41,16,17,2
25942.png,1.0_1.0_6.0,8,52,60,106,54,52,3
25943.png,1.0_3.0_6.0,9,39,36,79,40,27,3
25944.png,1.0_7.0,1,22,24,42,20,23,2
25945.png,2.0_5.0_10.0,7,38,32,78,40,25,3
25946.png,4.0,3,22,21,35,13,18,1
25947.png,1.0_8.0_5.0_5.0,1,19,18,59,40,17,4
25948.png,1.0_3.0_1.0,4,31,32,57,26,28,3
25949.png,1.0_2.0_10.0,23,129,52,162,33,29,3
2595.png,1.0_1.0,5,59,73,113,54,68,2
25950.png,2.0_2.0_10.0,45,205,91,252,47,46,3
25951.png,2.0_10.0_10.0,8,30,25,57,27,17,3
25952.png,5.0_3.0_6.0,12,140,58,178,38,46,3
25953.png,1.0_6.0,16,122,158,241,119,142,2
25954.png,9.0_7.0,4,22,33,52,30,29,2
25955.png,1.0,3,18,26,28,10,23,1
25956.png,1.0_10.0_3.0,20,64,48,97,33,28,3
25957.png,6.0_8.0,10,42,33,65,23,23,2
25958.png,2.0_7.0,1,45,71,104,59,70,2
25959.png,2.0_6.0_10.0,9,48,64,124,76,55,3
2596.png,7.0_4.0_9.0,13,63,63,131,68,50,3
25960.png,2.0_10.0_2.0_2.0,6,20,22,49,29,16,4
25961.png,5.0_6.0,5,29,32,62,33,27,2
25962.png,8.0_5.0,12,64,85,135,71,73,2
25963.png,1.0_7.0,10,32,31,47,15,21,2
25964.png,9.0_10.0,27,96,84,169,73,57,2
25965.png,8.0,5,19,21,27,8,16,1
25966.png,6.0_2.0,5,68,82,116,48,77,2
25967.png,5.0,4,27,29,42,15,25,1
25968.png,1.0_3.0_3.0,10,42,40,68,26,30,3
25969.png,6.0,5,27,28,45,18,23,1
2597.png,8.0_10.0,64,196,102,238,42,38,2
25970.png,3.0_4.0,10,38,37,66,28,27,2
25971.png,1.0_1.0_8.0,7,20,22,39,19,15,3
25972.png,4.0_2.0,1,23,28,44,21,27,2
25973.png,3.0_2.0,8,73,87,146,73,79,2
25974.png,3.0_8.0,3,22,29,51,29,26,2
25975.png,1.0_4.0,6,39,38,69,30,32,2
25976.png,3.0_3.0,3,30,35,57,27,32,2
25977.png,4.0,1,15,19,26,11,18,1
25978.png,4.0_1.0,29,74,71,104,30,42,2
25979.png,1.0,7,24,22,32,8,15,1
2598.png,8.0,2,16,19,24,8,17,1
25980.png,2.0_4.0,17,55,53,81,26,36,2
25981.png,6.0_9.0,14,78,70,129,51,56,2
25982.png,2.0_6.0_1.0,5,32,33,65,33,28,3
25983.png,1.0_5.0_2.0,2,22,30,48,26,28,3
25984.png,3.0_1.0,8,24,29,44,20,21,2
25985.png,1.0,26,86,81,111,25,55,1
25986.png,4.0_2.0,1,17,15,30,13,14,2
25987.png,3.0_10.0,16,83,72,122,39,56,2
25988.png,2.0_8.0,4,33,40,71,38,36,2
25989.png,3.0_9.0_3.0,4,23,24,49,26,20,3
2599.png,7.0_6.0,11,45,54,74,29,43,2
25990.png,1.0_9.0,24,54,56,83,29,32,2
25991.png,3.0_10.0,1,13,19,31,18,18,2
25992.png,2.0_8.0,11,57,47,93,36,36,2
25993.png,3.0,22,84,74,113,29,52,1
25994.png,2.0_5.0,2,18,23,37,19,21,2
25995.png,7.0_9.0,8,31,35,56,25,27,2
25996.png,2.0_9.0,3,18,20,32,14,17,2
25997.png,4.0_9.0_5.0,15,64,39,93,29,24,3
25998.png,1.0_10.0_3.0,16,38,36,62,24,20,3
25999.png,1.0_6.0_10.0,15,113,44,147,34,29,3
26.png,2.0_4.0,7,34,40,62,28,33,2
260.png,3.0_6.0,2,2,22,35,33,20,2
2600.png,2.0_10.0_6.0,14,54,50,94,40,36,3
26000.png,1.0_5.0,11,65,75,127,62,64,2
26001.png,7.0_10.0,1,21,26,40,19,25,2
26002.png,8.0_5.0,4,24,30,47,23,26,2
26003.png,1.0_4.0,2,21,29,39,18,27,2
26004.png,1.0_10.0,2,36,46,69,33,44,2
26005.png,1.0_4.0,3,34,44,76,42,41,2
26006.png,6.0_4.0,1,19,25,49,30,24,2
26007.png,3.0_8.0,5,33,42,55,22,37,2
26008.png,1.0_3.0,10,45,67,119,74,57,2
26009.png,5.0_7.0,48,240,97,277,37,49,2
2601.png,1.0,15,59,52,73,14,37,1
26010.png,1.0_6.0,5,33,33,51,18,28,2
26011.png,5.0_7.0_3.0,1,44,53,109,65,52,3
26012.png,3.0_7.0,4,44,42,94,50,38,2
26013.png,5.0_10.0,5,26,26,49,23,21,2
26014.png,4.0_3.0,8,42,49,96,54,41,2
26015.png,3.0_10.0,93,114,144,165,51,51,2
26016.png,6.0,6,39,47,58,19,41,1
26017.png,1.0_10.0_8.0,5,23,32,52,29,27,3
26018.png,1.0_4.0_8.0,26,240,58,275,35,32,3
26019.png,2.0_4.0_1.0,7,39,39,76,37,32,3
2602.png,9.0_9.0,13,35,39,59,24,26,2
26020.png,1.0_2.0_8.0,9,32,32,52,20,23,3
26021.png,3.0,2,23,29,38,15,27,1
26022.png,7.0_7.0,4,29,35,62,33,31,2
26023.png,1.0_10.0_1.0,3,23,26,40,17,23,3
26024.png,3.0_10.0,38,179,80,228,49,42,2
26025.png,8.0_8.0_6.0,22,88,44,118,30,22,3
26026.png,5.0,7,28,31,43,15,24,1
26027.png,4.0_1.0,14,54,55,86,32,41,2
26028.png,1.0_3.0_1.0,11,48,48,85,37,37,3
26029.png,6.0_8.0,17,51,49,92,41,32,2
2603.png,3.0_1.0,15,53,61,91,38,46,2
26030.png,4.0_5.0,2,23,25,50,27,23,2
26031.png,3.0_4.0_7.0,2,17,17,38,21,15,3
26032.png,6.0_1.0,1,19,25,39,20,24,2
26033.png,7.0_10.0,10,52,48,100,48,38,2
26034.png,5.0_2.0,5,24,30,47,23,25,2
26035.png,7.0_8.0,27,70,67,114,44,40,2
26036.png,8.0,5,36,36,56,20,31,1
26037.png,3.0_8.0,19,3,78,57,54,59,2
26038.png,1.0_10.0,5,20,25,38,18,20,2
26039.png,1.0_8.0,2,31,39,62,31,37,2
2604.png,2.0_2.0_3.0,8,56,79,149,93,71,3
26040.png,8.0_1.0,11,17,56,58,41,45,2
26041.png,1.0_2.0_8.0,1,14,20,38,24,19,3
26042.png,8.0,8,38,47,63,25,39,1
26043.png,3.0_5.0,18,74,72,141,67,54,2
26044.png,1.0_8.0_4.0,10,36,37,66,30,27,3
26045.png,5.0,1,20,29,37,17,28,1
26046.png,7.0_2.0,5,30,34,52,22,29,2
26047.png,8.0_1.0,6,29,32,52,23,26,2
26048.png,1.0_7.0_4.0,1,10,12,25,15,11,3
26049.png,1.0_7.0_1.0,8,34,41,69,35,33,3
2605.png,3.0_9.0,5,20,22,33,13,17,2
26050.png,2.0_1.0,8,61,75,139,78,67,2
26051.png,3.0_1.0,5,36,36,56,20,31,2
26052.png,7.0_10.0_10.0,6,25,36,89,64,30,3
26053.png,1.0_10.0,13,54,56,78,24,43,2
26054.png,1.0_2.0,14,52,45,79,27,31,2
26055.png,2.0_6.0_3.0,2,19,24,41,22,22,3
26056.png,5.0_9.0,1,15,18,30,15,17,2
26057.png,3.0_2.0,19,72,78,145,73,59,2
26058.png,3.0_1.0,21,50,59,78,28,38,2
26059.png,3.0_3.0,10,51,44,76,25,34,2
2606.png,9.0,30,91,64,105,14,34,1
26060.png,6.0,14,130,174,212,82,160,1
26061.png,8.0,8,52,60,87,35,52,1
26062.png,1.0_2.0,5,46,63,93,47,58,2
26063.png,3.0_10.0_5.0,14,60,62,96,36,48,3
26064.png,4.0_3.0,1,51,87,145,94,86,2
26065.png,2.0_3.0,7,55,61,87,32,54,2
26066.png,5.0,4,27,27,38,11,23,1
26067.png,2.0_7.0,24,152,186,313,161,162,2
26068.png,3.0,9,66,76,98,32,67,1
26069.png,1.0_1.0,1,39,50,70,31,49,2
2607.png,8.0,1,36,41,58,22,40,1
26070.png,1.0_9.0,23,124,86,196,72,63,2
26071.png,2.0_5.0,4,19,20,42,23,16,2
26072.png,2.0_3.0_3.0_8.0,1,17,16,50,33,15,4
26073.png,5.0,8,47,60,70,23,52,1
26074.png,1.0_5.0,10,47,52,87,40,42,2
26075.png,2.0_3.0_3.0,8,40,44,93,53,36,3
26076.png,4.0_4.0,2,16,17,26,10,15,2
26077.png,2.0_5.0,12,72,78,107,35,66,2
26078.png,3.0,5,44,52,71,27,47,1
26079.png,6.0_4.0,1,19,21,36,17,20,2
2608.png,7.0,6,33,35,48,15,29,1
26080.png,7.0_9.0_1.0_2.0,14,61,57,127,66,43,4
26081.png,1.0_10.0_2.0,3,26,27,50,24,24,3
26082.png,1.0,7,25,26,33,8,19,1
26083.png,2.0,8,29,29,44,15,21,1
26084.png,1.0_5.0_7.0,2,22,24,45,23,22,3
26085.png,4.0_10.0,11,71,88,145,74,77,2
26086.png,1.0,2,20,20,26,6,18,1
26087.png,9.0_7.0,22,78,53,124,46,31,2
26088.png,2.0_10.0,3,32,42,70,38,39,2
26089.png,5.0_8.0,3,19,26,38,19,23,2
2609.png,2.0,10,51,52,66,15,42,1
26090.png,6.0_1.0,6,33,25,49,16,19,2
26091.png,1.0_8.0_10.0,8,121,50,162,41,42,3
26092.png,4.0,9,40,50,61,21,41,1
26093.png,6.0_1.0,20,117,139,232,115,119,2
26094.png,4.0_4.0,5,37,41,76,39,36,2
26095.png,5.0_1.0,4,23,27,42,19,23,2
26096.png,2.0,8,75,87,121,46,79,1
26097.png,1.0_9.0,4,45,61,85,40,57,2
26098.png,2.0_7.0,10,46,43,72,26,33,2
26099.png,2.0_4.0,1,20,32,51,31,31,2
261.png,1.0_4.0,1,15,17,24,9,16,2
2610.png,1.0_6.0_1.0,23,152,65,208,56,42,3
26100.png,2.0_2.0,6,40,47,84,44,41,2
26101.png,3.0,1,29,41,51,22,40,1
26102.png,2.0_9.0_5.0,46,220,92,276,56,46,3
26103.png,1.0,17,43,38,50,7,21,1
26104.png,3.0_3.0,4,26,29,53,27,25,2
26105.png,7.0_6.0_4.0,38,173,84,208,35,46,3
26106.png,6.0_7.0,10,61,66,109,48,56,2
26107.png,2.0_1.0_8.0,36,77,98,123,46,62,3
26108.png,1.0_9.0,11,33,37,47,14,26,2
26109.png,2.0_6.0,16,91,100,165,74,84,2
2611.png,3.0,11,72,82,113,41,71,1
26110.png,4.0_8.0,14,73,70,120,47,56,2
26111.png,3.0_6.0_10.0,28,137,141,305,168,113,3
26112.png,4.0_1.0,6,40,48,63,23,42,2
26113.png,1.0_5.0_10.0,6,34,37,61,27,31,3
26114.png,6.0_8.0,2,18,21,38,20,19,2
26115.png,3.0_5.0,4,27,32,59,32,28,2
26116.png,1.0_2.0,10,31,31,44,13,21,2
26117.png,6.0_6.0_10.0,10,48,46,92,44,36,3
26118.png,1.0_10.0,5,26,27,42,16,22,2
26119.png,3.0_9.0,11,42,43,68,26,32,2
2612.png,2.0_5.0,2,17,18,33,16,16,2
26120.png,2.0_10.0,2,23,21,47,24,19,2
26121.png,2.0_2.0,3,23,29,54,31,26,2
26122.png,4.0_4.0_3.0,8,47,45,88,41,37,3
26123.png,6.0_1.0_9.0,20,66,51,104,38,31,3
26124.png,2.0_8.0,22,95,107,224,129,85,2
26125.png,1.0_10.0_7.0,3,35,43,87,52,40,3
26126.png,4.0_4.0,9,45,48,93,48,39,2
26127.png,4.0_2.0_6.0,59,133,109,176,43,50,3
26128.png,1.0,2,14,19,19,5,17,1
26129.png,1.0,3,46,63,71,25,60,1
2613.png,2.0_7.0,28,75,74,112,37,46,2
26130.png,8.0_3.0,13,63,65,118,55,52,2
26131.png,1.0_3.0_1.0,12,73,47,115,42,35,3
26132.png,3.0_10.0,5,20,19,30,10,14,2
26133.png,3.0_10.0,11,80,100,173,93,89,2
26134.png,3.0_5.0,3,41,45,91,50,42,2
26135.png,3.0_1.0_6.0,2,45,54,103,58,52,3
26136.png,1.0_10.0,1,26,31,43,17,30,2
26137.png,1.0_8.0,6,52,54,84,32,48,2
26138.png,1.0_10.0_7.0,14,61,57,106,45,43,3
26139.png,5.0_1.0,1,25,31,41,16,30,2
2614.png,9.0_5.0_6.0,42,69,80,151,82,38,3
26140.png,8.0_2.0,1,20,19,36,16,18,2
26141.png,2.0_8.0,9,68,75,145,77,66,2
26142.png,1.0_7.0,10,40,45,68,28,35,2
26143.png,3.0_4.0,9,68,77,119,51,68,2
26144.png,1.0,5,32,46,51,19,41,1
26145.png,1.0_3.0_4.0,7,35,38,68,33,31,3
26146.png,1.0_10.0,1,76,110,180,104,109,2
26147.png,2.0_3.0_10.0_1.0,1,15,16,47,32,15,4
26148.png,2.0_7.0_3.0,22,42,46,66,24,24,3
26149.png,4.0_2.0,5,23,24,40,17,19,2
2615.png,1.0_2.0,1,33,45,68,35,44,2
26150.png,6.0,4,54,32,72,18,28,1
26151.png,6.0_1.0,11,57,64,105,48,53,2
26152.png,9.0,4,23,19,33,10,15,1
26153.png,1.0,3,23,28,35,12,25,1
26154.png,7.0_6.0_2.0,2,18,24,43,25,22,3
26155.png,5.0_5.0,6,32,38,59,27,32,2
26156.png,1.0_8.0,5,36,43,56,20,38,2
26157.png,3.0_9.0,9,50,58,75,25,49,2
26158.png,5.0_1.0,6,38,39,62,24,33,2
26159.png,3.0_7.0,4,26,30,49,23,26,2
2616.png,8.0,2,23,21,32,9,19,1
26160.png,7.0_7.0,8,39,41,66,27,33,2
26161.png,3.0_1.0_10.0,13,140,91,237,97,78,3
26162.png,1.0_9.0_8.0_8.0,5,19,36,65,46,31,4
26163.png,4.0_8.0,14,100,95,177,77,81,2
26164.png,5.0_4.0,2,37,47,80,43,45,2
26165.png,1.0,5,25,28,32,7,23,1
26166.png,6.0_1.0,3,37,48,71,34,45,2
26167.png,1.0_2.0_3.0,3,28,36,77,49,33,3
26168.png,4.0_3.0_1.0,11,31,31,62,31,20,3
26169.png,1.0_6.0,7,24,28,47,23,21,2
2617.png,5.0,12,45,44,53,8,32,1
26170.png,3.0_10.0_3.0,25,105,62,158,53,37,3
26171.png,2.0_5.0,5,18,24,36,18,19,2
26172.png,1.0_2.0_10.0_6.0,27,59,57,97,38,30,4
26173.png,3.0_1.0,18,72,66,99,27,48,2
26174.png,1.0_10.0,8,31,31,46,15,23,2
26175.png,3.0_7.0,3,28,26,58,30,23,2
26176.png,1.0_2.0_9.0,20,72,64,106,34,44,3
26177.png,1.0_8.0,3,22,24,36,14,21,2
26178.png,2.0_9.0,1,12,18,27,15,17,2
26179.png,2.0_3.0,4,40,49,68,28,45,2
2618.png,2.0_9.0,6,43,45,74,31,39,2
26180.png,1.0_9.0_2.0,3,23,24,51,28,21,3
26181.png,3.0_2.0,1,13,19,27,14,18,2
26182.png,3.0_1.0_4.0,1,14,16,40,26,15,3
26183.png,9.0_10.0,15,54,35,72,18,20,2
26184.png,5.0_5.0_4.0,11,51,50,119,68,39,3
26185.png,4.0_5.0,3,31,36,53,22,33,2
26186.png,4.0_3.0,4,52,64,117,65,60,2
26187.png,9.0,17,96,107,142,46,90,1
26188.png,5.0_2.0,28,87,64,118,31,36,2
26189.png,2.0_8.0,3,26,31,62,36,28,2
2619.png,1.0_4.0,3,39,50,75,36,47,2
26190.png,1.0_3.0_7.0,6,35,30,63,28,24,3
26191.png,6.0_7.0,2,32,36,59,27,34,2
26192.png,6.0_9.0,8,24,21,36,12,13,2
26193.png,1.0_5.0,14,59,59,80,21,45,2
26194.png,7.0_3.0_4.0,15,50,39,91,41,24,3
26195.png,2.0_5.0,3,23,31,55,32,28,2
26196.png,2.0_7.0,2,34,37,66,32,35,2
26197.png,2.0_8.0_3.0,2,22,28,59,37,26,3
26198.png,4.0_3.0,13,83,71,129,46,58,2
26199.png,8.0_8.0,3,24,26,48,24,23,2
262.png,2.0_4.0_1.0,23,59,72,101,42,49,3
2620.png,1.0_5.0_10.0,22,77,61,128,51,39,3
26200.png,1.0_7.0_10.0,32,91,77,146,55,45,3
26201.png,4.0_8.0,2,40,50,78,38,48,2
26202.png,1.0_2.0_2.0,32,24,71,79,55,39,3
26203.png,5.0_10.0,14,55,49,93,38,35,2
26204.png,4.0_4.0,1,21,21,37,16,20,2
26205.png,7.0_4.0,19,87,96,179,92,77,2
26206.png,1.0_2.0,17,63,67,113,50,50,2
26207.png,8.0_5.0,23,99,103,184,85,80,2
26208.png,3.0,20,59,56,76,17,36,1
26209.png,1.0_8.0,3,31,42,61,30,39,2
2621.png,1.0_1.0_9.0,20,54,70,78,24,50,3
26210.png,1.0_7.0,4,36,48,72,36,44,2
26211.png,5.0_6.0_10.0,1,16,21,37,21,20,3
26212.png,4.0_8.0,6,36,43,61,25,37,2
26213.png,6.0_10.0,6,60,70,122,62,64,2
26214.png,1.0_10.0_1.0,8,105,89,186,81,81,3
26215.png,4.0_3.0,2,42,53,103,61,51,2
26216.png,1.0_3.0_2.0_3.0,3,17,15,39,22,12,4
26217.png,3.0_9.0,9,31,33,53,22,24,2
26218.png,1.0_1.0_2.0,17,60,44,90,30,27,3
26219.png,3.0_4.0,4,42,46,75,33,42,2
2622.png,2.0_8.0,3,31,43,72,41,40,2
26220.png,2.0_2.0,2,41,56,93,52,54,2
26221.png,1.0_9.0_9.0,7,35,45,70,35,38,3
26222.png,2.0,11,50,56,75,25,45,1
26223.png,1.0_1.0_10.0,1,34,56,91,57,55,3
26224.png,2.0,4,19,18,29,10,14,1
26225.png,2.0_5.0_3.0,1,21,28,56,35,27,3
26226.png,2.0_5.0_1.0,2,14,16,30,16,14,3
26227.png,5.0,20,95,51,114,19,31,1
26228.png,2.0_8.0,8,62,80,158,96,72,2
26229.png,5.0_9.0,5,39,44,77,38,39,2
2623.png,1.0_10.0,11,48,46,68,20,35,2
26230.png,5.0_2.0,9,37,39,65,28,30,2
26231.png,3.0_1.0,26,120,102,189,69,76,2
26232.png,5.0_1.0_10.0,43,144,114,286,142,71,3
26233.png,1.0_2.0_9.0,1,17,25,47,30,24,3
26234.png,6.0_4.0,69,176,154,236,60,85,2
26235.png,2.0_1.0,2,25,30,54,29,28,2
26236.png,7.0_1.0_10.0,24,10,60,60,50,36,3
26237.png,4.0_6.0,2,19,21,32,13,19,2
26238.png,8.0,28,111,107,159,48,79,1
26239.png,7.0_9.0,8,60,76,116,56,68,2
2624.png,2.0_7.0_7.0,55,158,108,209,51,53,3
26240.png,2.0_2.0,46,124,92,170,46,46,2
26241.png,1.0_2.0,10,41,49,78,37,39,2
26242.png,1.0_9.0,14,46,48,71,25,34,2
26243.png,5.0_8.0,13,60,60,105,45,47,2
26244.png,1.0_3.0_6.0,15,56,62,90,34,47,3
26245.png,3.0_9.0,6,32,39,59,27,33,2
26246.png,7.0,3,25,32,48,23,29,1
26247.png,9.0,4,71,96,113,42,92,1
26248.png,8.0_2.0,4,20,16,30,10,12,2
26249.png,1.0_10.0_5.0_10.0,1,133,120,233,100,119,4
2625.png,1.0_6.0,3,34,39,61,27,36,2
26250.png,4.0_4.0_9.0,1,16,16,40,24,15,3
26251.png,8.0_5.0,8,60,77,134,74,69,2
26252.png,6.0,7,35,32,48,13,25,1
26253.png,2.0_10.0,12,38,36,67,29,24,2
26254.png,1.0_3.0_2.0,1,42,54,90,48,53,3
26255.png,1.0_6.0,12,0,74,57,57,62,2
26256.png,6.0_3.0_1.0,12,55,68,98,43,56,3
26257.png,9.0_8.0,1,18,27,40,22,26,2
26258.png,1.0_1.0_2.0,1,20,22,40,20,21,3
26259.png,4.0_1.0,1,26,32,57,31,31,2
2626.png,9.0_3.0,5,21,25,37,16,20,2
26260.png,8.0_10.0,6,28,37,60,32,31,2
26261.png,2.0_1.0,10,47,39,82,35,29,2
26262.png,2.0_2.0_6.0,26,110,119,230,120,93,3
26263.png,1.0_3.0,1,24,22,46,22,21,2
26264.png,7.0_10.0,7,30,34,58,28,27,2
26265.png,4.0,6,33,41,47,14,35,1
26266.png,4.0_6.0,4,30,30,51,21,26,2
26267.png,7.0_4.0,4,23,20,38,15,16,2
26268.png,4.0_4.0,5,30,31,47,17,26,2
26269.png,2.0_4.0,3,23,27,53,30,24,2
2627.png,1.0_3.0_10.0,10,45,61,123,78,51,3
26270.png,2.0,31,95,151,153,58,120,1
26271.png,7.0_6.0,4,23,26,45,22,22,2
26272.png,1.0_3.0_8.0,13,58,64,125,67,51,3
26273.png,2.0_2.0_9.0,12,58,64,156,98,52,3
26274.png,1.0_4.0,1,17,15,29,12,14,2
26275.png,5.0_6.0,5,42,48,89,47,43,2
26276.png,6.0,6,38,103,76,38,97,1
26277.png,1.0_1.0_4.0,3,28,30,54,26,27,3
26278.png,6.0_1.0,5,20,26,42,22,21,2
26279.png,2.0_2.0,1,16,15,29,13,14,2
2628.png,9.0,2,14,18,24,10,16,1
26280.png,4.0,15,51,54,67,16,39,1
26281.png,5.0_5.0,14,57,52,88,31,38,2
26282.png,2.0_3.0,1,19,24,41,22,23,2
26283.png,1.0_1.0_7.0,13,71,88,157,86,75,3
26284.png,4.0_3.0,4,46,58,103,57,54,2
26285.png,1.0_1.0_3.0_9.0,25,142,66,192,50,41,4
26286.png,5.0,8,33,38,49,16,30,1
26287.png,1.0_3.0_5.0_10.0,4,19,19,49,30,15,4
26288.png,3.0_1.0,10,47,35,70,23,25,2
26289.png,3.0_6.0,2,16,18,37,21,16,2
2629.png,7.0_10.0,2,19,24,43,24,22,2
26290.png,6.0_1.0,2,23,25,42,19,23,2
26291.png,3.0_6.0_10.0,21,63,47,100,37,26,3
26292.png,7.0_5.0,9,41,41,74,33,32,2
26293.png,1.0_1.0,5,26,34,47,21,29,2
26294.png,9.0_10.0,12,53,61,117,64,49,2
26295.png,2.0_6.0_10.0_4.0,29,93,67,155,62,38,4
26296.png,2.0_1.0,6,25,29,48,23,23,2
26297.png,7.0_4.0,3,56,61,119,63,58,2
26298.png,1.0_4.0_3.0,10,40,49,85,45,39,3
26299.png,6.0_1.0,20,67,49,90,23,29,2
263.png,7.0_1.0,14,46,52,72,26,38,2
2630.png,7.0_10.0,5,28,27,47,19,22,2
26300.png,6.0_2.0,6,34,36,54,20,30,2
26301.png,3.0_1.0_7.0,12,41,34,70,29,22,3
26302.png,8.0_3.0,7,52,63,84,32,56,2
26303.png,3.0_3.0_4.0,21,88,57,139,51,36,3
26304.png,5.0,10,46,56,69,23,46,1
26305.png,5.0_8.0_2.0,8,44,45,114,70,37,3
26306.png,8.0,1,24,23,33,9,22,1
26307.png,3.0_1.0,6,28,25,47,19,19,2
26308.png,5.0_9.0,27,108,117,187,79,90,2
26309.png,4.0_10.0,9,49,47,89,40,38,2
2631.png,6.0_10.0,6,76,72,125,49,66,2
26310.png,2.0_2.0_8.0,3,37,46,72,35,43,3
26311.png,1.0_5.0,9,44,47,75,31,38,2
26312.png,5.0_1.0_4.0,4,147,74,223,76,70,3
26313.png,3.0_1.0,9,54,78,123,69,69,2
26314.png,6.0_8.0,11,78,67,114,36,56,2
26315.png,1.0_1.0,1,21,31,54,33,30,2
26316.png,1.0_9.0,4,25,28,37,12,24,2
26317.png,1.0_4.0_7.0,9,30,29,48,18,20,3
26318.png,4.0_4.0,1,22,31,44,22,30,2
26319.png,7.0,11,42,49,69,27,38,1
2632.png,1.0_6.0_5.0,60,159,101,209,50,41,3
26320.png,2.0_4.0_2.0_1.0,9,39,36,108,69,27,4
26321.png,4.0_7.0,3,23,25,43,20,22,2
26322.png,3.0_4.0_1.0,14,52,36,79,27,22,3
26323.png,1.0_8.0,9,49,55,91,42,46,2
26324.png,3.0_9.0,25,93,82,155,62,57,2
26325.png,1.0_2.0,3,21,23,34,13,20,2
26326.png,2.0_10.0,7,27,24,38,11,17,2
26327.png,3.0_10.0,9,14,73,90,76,64,2
26328.png,1.0_10.0_4.0_1.0,2,12,17,42,30,15,4
26329.png,3.0_10.0_10.0,7,24,27,52,28,20,3
2633.png,4.0_5.0,9,41,51,78,37,42,2
26330.png,5.0_8.0,1,20,19,35,15,18,2
26331.png,1.0_3.0,4,31,31,59,28,27,2
26332.png,1.0_8.0,9,43,45,79,36,36,2
26333.png,1.0_5.0_5.0_4.0,1,13,17,45,32,16,4
26334.png,8.0,37,102,97,132,30,60,1
26335.png,5.0,2,24,33,41,17,31,1
26336.png,9.0,27,111,203,182,71,176,1
26337.png,8.0,12,41,44,55,14,32,1
26338.png,2.0_6.0_5.0,4,51,111,166,115,107,3
26339.png,4.0,3,25,26,38,13,23,1
2634.png,1.0_7.0_8.0,5,43,53,95,52,48,3
26340.png,2.0_4.0,7,39,44,61,22,37,2
26341.png,4.0_4.0,1,11,12,23,12,11,2
26342.png,8.0,11,38,36,47,9,25,1
26343.png,2.0,3,49,65,99,50,62,1
26344.png,2.0_9.0_9.0,18,68,52,110,42,34,3
26345.png,5.0_2.0,6,30,27,50,20,21,2
26346.png,1.0,1,9,12,14,5,11,1
26347.png,7.0_5.0,11,49,61,90,41,50,2
26348.png,1.0_10.0_2.0,4,22,18,46,24,14,3
26349.png,7.0_3.0,7,29,36,59,30,29,2
2635.png,4.0_10.0_2.0,2,35,49,119,84,47,3
26350.png,5.0,5,29,28,41,12,23,1
26351.png,2.0_10.0_8.0,2,44,55,123,79,53,3
26352.png,1.0_1.0_8.0,2,21,20,38,17,18,3
26353.png,8.0_7.0,3,30,30,48,18,27,2
26354.png,5.0_1.0,8,52,51,95,43,43,2
26355.png,2.0_10.0_9.0,1,12,14,33,21,13,3
26356.png,3.0_6.0,4,19,23,40,21,19,2
26357.png,3.0_3.0,9,40,51,74,34,42,2
26358.png,3.0_10.0,2,22,26,49,27,24,2
26359.png,2.0_6.0_10.0,1,14,16,35,21,15,3
2636.png,1.0_6.0_1.0,11,48,42,77,29,31,3
26360.png,2.0,1,38,43,59,21,42,1
26361.png,1.0_4.0,9,30,26,43,13,17,2
26362.png,4.0_1.0,7,46,43,67,21,36,2
26363.png,9.0_10.0,4,32,30,64,32,26,2
26364.png,8.0_5.0,28,98,93,160,62,65,2
26365.png,6.0_6.0,7,37,45,73,36,38,2
26366.png,3.0_1.0,6,30,38,55,25,32,2
26367.png,3.0,11,62,68,88,26,57,1
26368.png,7.0_7.0,2,18,31,50,32,29,2
26369.png,2.0_3.0_10.0,12,98,104,203,105,92,3
2637.png,6.0,3,15,19,27,12,16,1
26370.png,9.0,9,28,28,41,13,19,1
26371.png,8.0,4,34,29,44,10,25,1
26372.png,9.0_5.0,11,45,64,103,58,53,2
26373.png,1.0_2.0,3,25,31,48,23,28,2
26374.png,1.0_5.0,1,38,37,60,22,36,2
26375.png,8.0,3,19,24,31,12,21,1
26376.png,3.0_1.0_5.0,5,36,43,100,64,38,3
26377.png,5.0_1.0,8,25,25,39,14,17,2
26378.png,2.0_9.0,6,57,65,105,48,59,2
26379.png,2.0_6.0,1,16,22,40,24,21,2
2638.png,1.0_8.0,8,28,20,40,12,12,2
26380.png,2.0_9.0_8.0,7,36,34,65,29,27,3
26381.png,1.0_2.0_2.0,18,81,91,158,77,73,3
26382.png,2.0_6.0_10.0,33,93,102,186,93,69,3
26383.png,2.0,8,33,34,46,13,26,1
26384.png,1.0_8.0,9,31,35,58,27,26,2
26385.png,2.0_9.0_3.0,42,84,78,129,45,36,3
26386.png,5.0_8.0_5.0,19,142,57,222,80,38,3
26387.png,7.0_10.0,9,37,38,71,34,29,2
26388.png,5.0,7,49,58,85,36,51,1
26389.png,4.0_7.0,8,35,48,66,31,40,2
2639.png,2.0_3.0_5.0_5.0,1,21,19,61,40,18,4
26390.png,1.0_1.0,8,51,58,95,44,50,2
26391.png,4.0,4,23,22,31,8,18,1
26392.png,2.0_1.0,6,23,23,44,21,17,2
26393.png,2.0_2.0_6.0,8,33,27,54,21,19,3
26394.png,1.0_3.0_9.0_10.0,2,16,27,59,43,25,4
26395.png,2.0_2.0_6.0,15,59,47,121,62,32,3
26396.png,2.0_5.0_7.0,3,28,35,63,35,32,3
26397.png,7.0_2.0_3.0,2,36,25,66,30,23,3
26398.png,1.0_2.0_3.0,1,16,25,49,33,24,3
26399.png,4.0_2.0,3,29,32,67,38,29,2
264.png,2.0_1.0_9.0_10.0,3,27,34,83,56,31,4
2640.png,2.0_1.0,1,17,16,28,11,15,2
26400.png,1.0_6.0,10,56,73,111,55,63,2
26401.png,3.0_9.0_4.0,24,100,67,146,46,43,3
26402.png,1.0_4.0_10.0,12,60,52,111,51,40,3
26403.png,4.0_10.0_5.0,68,208,98,256,48,30,3
26404.png,1.0_6.0_5.0,68,87,102,130,43,34,3
26405.png,7.0,5,37,38,53,16,33,1
26406.png,6.0_3.0,6,34,31,60,26,25,2
26407.png,2.0_3.0,6,23,24,56,33,18,2
26408.png,1.0_10.0,6,35,47,87,52,41,2
26409.png,5.0_7.0_9.0,19,102,46,131,29,27,3
2641.png,4.0,5,17,18,26,9,13,1
26410.png,2.0_1.0_6.0,4,22,31,51,29,27,3
26411.png,6.0_5.0_7.0,28,105,59,133,28,31,3
26412.png,4.0,6,25,26,33,8,20,1
26413.png,10.0,7,70,63,93,23,56,1
26414.png,2.0_5.0,18,83,101,159,76,83,2
26415.png,1.0_6.0_5.0,15,63,70,131,68,55,3
26416.png,5.0_4.0,4,31,33,57,26,29,2
26417.png,9.0_7.0,6,55,68,122,67,62,2
26418.png,4.0_6.0,25,134,167,355,221,142,2
26419.png,2.0_7.0_5.0,6,29,31,59,30,25,3
2642.png,1.0_2.0,20,66,55,97,31,35,2
26420.png,9.0,9,48,55,72,24,46,1
26421.png,2.0_1.0_8.0_3.0,2,19,17,59,40,15,4
26422.png,2.0_2.0,9,44,63,114,70,54,2
26423.png,3.0_5.0,3,25,35,59,34,32,2
26424.png,9.0_7.0,15,48,35,68,20,20,2
26425.png,3.0_7.0,12,86,103,155,69,91,2
26426.png,1.0_3.0_7.0,11,48,43,93,45,32,3
26427.png,3.0_5.0,2,24,32,56,32,30,2
26428.png,8.0,1,40,34,58,18,33,1
26429.png,3.0,7,24,27,35,11,20,1
2643.png,1.0_10.0_4.0,1,36,36,93,57,35,3
26430.png,1.0_3.0,1,29,38,55,26,37,2
26431.png,1.0_3.0,1,12,17,31,19,16,2
26432.png,2.0_4.0,3,20,19,33,13,16,2
26433.png,1.0_1.0_9.0,5,27,22,46,19,17,3
26434.png,1.0,10,57,57,75,18,47,1
26435.png,9.0_4.0_4.0,1,75,96,176,101,95,3
26436.png,2.0_8.0_2.0,8,42,42,90,48,34,3
26437.png,6.0_8.0,5,39,47,61,22,42,2
26438.png,3.0_6.0_9.0,3,21,25,49,28,22,3
26439.png,4.0_4.0,22,117,106,218,101,84,2
2644.png,5.0_1.0,7,37,38,62,25,31,2
26440.png,7.0_1.0,8,29,27,41,12,19,2
26441.png,9.0_2.0,5,25,29,48,23,24,2
26442.png,3.0,7,35,33,52,17,26,1
26443.png,4.0_4.0,1,15,19,33,18,18,2
26444.png,2.0_4.0_4.0,12,52,54,106,54,42,3
26445.png,2.0,7,26,35,38,12,28,1
26446.png,7.0,8,39,47,54,15,39,1
26447.png,1.0_1.0,6,36,39,56,20,33,2
26448.png,6.0_1.0,20,89,79,139,50,59,2
26449.png,1.0_1.0_5.0,1,51,68,130,79,67,3
2645.png,1.0,4,26,29,34,8,25,1
26450.png,1.0_3.0_3.0,5,26,30,54,28,25,3
26451.png,2.0_8.0,4,28,28,46,18,24,2
26452.png,5.0_2.0,6,27,31,44,17,25,2
26453.png,5.0_6.0,14,48,42,71,23,28,2
26454.png,3.0_8.0,6,48,61,97,49,55,2
26455.png,5.0_9.0,5,35,48,65,30,43,2
26456.png,3.0_3.0_8.0,14,67,65,132,65,51,3
26457.png,4.0_1.0,7,54,71,144,90,64,2
26458.png,2.0_6.0,2,20,18,34,14,16,2
26459.png,2.0_3.0,4,40,52,85,45,48,2
2646.png,8.0_1.0,2,25,26,52,27,24,2
26460.png,2.0_4.0_8.0,6,29,36,66,37,30,3
26461.png,4.0_2.0,8,33,35,57,24,27,2
26462.png,2.0_2.0_3.0_8.0,14,62,73,79,17,59,4
26463.png,3.0_3.0_3.0,3,17,27,49,32,24,3
26464.png,5.0_1.0,12,122,122,218,96,110,2
26465.png,1.0_7.0,1,36,46,68,32,45,2
26466.png,1.0_3.0_4.0,4,38,35,77,39,31,3
26467.png,2.0_2.0_1.0_8.0,1,20,25,69,49,24,4
26468.png,1.0_8.0_1.0,6,15,31,34,19,25,3
26469.png,1.0_1.0,1,17,25,33,16,24,2
2647.png,3.0_6.0,17,42,44,76,34,27,2
26470.png,1.0_7.0_5.0,7,47,39,86,39,32,3
26471.png,2.0_6.0,4,35,33,66,31,29,2
26472.png,3.0_8.0,2,18,19,32,14,17,2
26473.png,8.0_5.0,1,10,13,25,15,12,2
26474.png,1.0_6.0_1.0,71,130,116,193,63,45,3
26475.png,3.0_10.0_6.0,2,27,33,57,30,31,3
26476.png,3.0_9.0,1,36,45,74,38,44,2
26477.png,2.0_1.0,3,27,33,48,21,30,2
26478.png,9.0,2,26,27,44,18,25,1
26479.png,1.0_4.0,1,20,25,42,22,24,2
2648.png,4.0_1.0,9,50,45,77,27,36,2
26480.png,1.0_2.0_5.0_4.0,1,17,21,46,29,20,4
26481.png,4.0_10.0,6,22,27,57,35,21,2
26482.png,8.0_7.0,6,42,44,79,37,38,2
26483.png,1.0_7.0,1,23,29,42,19,28,2
26484.png,2.0,28,62,43,74,12,15,1
26485.png,1.0_6.0,3,22,27,51,29,24,2
26486.png,1.0_5.0,8,41,61,108,67,53,2
26487.png,1.0,1,13,13,17,4,12,1
26488.png,3.0_1.0,15,53,43,78,25,28,2
26489.png,5.0_1.0_4.0,15,69,59,119,50,44,3
2649.png,2.0_1.0_7.0_9.0,8,55,55,146,91,47,4
26490.png,1.0_4.0_1.0_7.0,8,40,39,86,46,31,4
26491.png,4.0_6.0,21,67,73,126,59,52,2
26492.png,2.0_4.0_4.0,8,19,28,45,26,20,3
26493.png,6.0,4,22,25,35,13,21,1
26494.png,3.0_5.0_2.0,1,34,45,100,66,44,3
26495.png,2.0_9.0,14,56,53,97,41,39,2
26496.png,6.0_10.0_10.0,24,58,41,93,35,17,3
26497.png,1.0_8.0,12,52,57,104,52,45,2
26498.png,3.0_5.0,3,19,22,32,13,19,2
26499.png,2.0_1.0_3.0,6,37,42,84,47,36,3
265.png,7.0_6.0,7,46,55,95,49,48,2
2650.png,7.0_9.0,4,45,53,88,43,49,2
26500.png,1.0_2.0,1,26,34,42,16,33,2
26501.png,8.0_2.0,2,21,28,49,28,26,2
26502.png,5.0_8.0,3,34,37,60,26,34,2
26503.png,1.0_9.0_9.0,6,19,37,50,31,31,3
26504.png,9.0_10.0,8,23,26,37,14,18,2
26505.png,9.0_5.0,31,143,175,281,138,144,2
26506.png,3.0_6.0,14,63,62,112,49,48,2
26507.png,5.0_9.0,1,12,14,30,18,13,2
26508.png,3.0_2.0,2,48,58,117,69,56,2
26509.png,3.0_2.0,8,66,74,133,67,66,2
2651.png,2.0_10.0_3.0,1,20,21,43,23,20,3
26510.png,9.0_7.0,31,122,85,191,69,54,2
26511.png,9.0,8,33,29,47,14,21,1
26512.png,5.0_1.0_10.0,11,35,41,75,40,30,3
26513.png,5.0_9.0,3,24,30,54,30,27,2
26514.png,2.0_5.0,19,83,94,160,77,75,2
26515.png,4.0_2.0,12,38,38,57,19,26,2
26516.png,1.0_10.0_8.0,1,21,22,43,22,21,3
26517.png,2.0_3.0,10,49,65,88,39,55,2
26518.png,8.0_4.0,1,19,20,32,13,19,2
26519.png,1.0_7.0,7,37,42,60,23,35,2
2652.png,4.0_3.0_2.0,9,40,46,97,57,37,3
26520.png,9.0_2.0,7,28,30,61,33,23,2
26521.png,8.0_4.0_1.0,9,35,44,74,39,35,3
26522.png,5.0_10.0,3,26,31,49,23,28,2
26523.png,5.0_1.0_7.0,43,182,92,233,51,49,3
26524.png,2.0_5.0,1,27,37,65,38,36,2
26525.png,7.0_1.0,1,15,15,30,15,14,2
26526.png,2.0_10.0,5,27,26,45,18,21,2
26527.png,1.0_3.0_4.0,1,12,12,34,22,11,3
26528.png,2.0_7.0,5,27,23,44,17,18,2
26529.png,2.0,4,28,29,38,10,25,1
2653.png,1.0_10.0,8,41,59,98,57,51,2
26530.png,3.0_10.0_10.0,19,63,55,116,53,36,3
26531.png,1.0_9.0,11,67,73,133,66,62,2
26532.png,1.0_7.0_2.0,6,26,23,51,25,17,3
26533.png,1.0_1.0,10,42,92,110,68,82,2
26534.png,5.0_6.0,3,18,22,34,16,19,2
26535.png,4.0,4,25,24,40,15,20,1
26536.png,2.0_5.0_9.0,33,117,99,212,95,66,3
26537.png,1.0_6.0_9.0_1.0,1,11,14,43,32,13,4
26538.png,2.0_1.0,8,55,64,94,39,56,2
26539.png,4.0_1.0,10,36,33,55,19,23,2
2654.png,7.0_7.0,110,169,143,213,44,33,2
26540.png,2.0_10.0_10.0,2,20,25,60,40,23,3
26541.png,5.0,15,76,70,115,39,55,1
26542.png,6.0_5.0_3.0,9,74,46,112,38,37,3
26543.png,1.0_8.0,28,101,72,140,39,44,2
26544.png,1.0_9.0_10.0,5,143,38,176,33,33,3
26545.png,1.0_7.0,12,43,49,70,27,37,2
26546.png,1.0_3.0,8,46,55,94,48,47,2
26547.png,2.0_1.0_9.0,19,97,91,181,84,72,3
26548.png,3.0_5.0,6,26,28,47,21,22,2
26549.png,2.0_5.0,8,60,72,128,68,64,2
2655.png,1.0_3.0_9.0,11,45,36,72,27,25,3
26550.png,2.0_6.0_10.0,20,165,95,291,126,75,3
26551.png,5.0_4.0_6.0,0,18,28,63,45,28,3
26552.png,4.0_3.0_10.0,19,51,48,78,27,29,3
26553.png,3.0,2,37,44,67,30,42,1
26554.png,9.0_10.0,10,39,29,53,14,19,2
26555.png,1.0_4.0,1,21,23,34,13,22,2
26556.png,4.0,11,49,47,65,16,36,1
26557.png,5.0,3,28,36,54,26,33,1
26558.png,2.0_8.0,2,23,30,48,25,28,2
26559.png,1.0,5,22,18,26,4,13,1
2656.png,1.0_1.0,5,25,31,47,22,26,2
26560.png,6.0_7.0_10.0,13,46,34,76,30,21,3
26561.png,5.0_6.0,7,35,45,58,23,38,2
26562.png,4.0,5,25,30,35,10,25,1
26563.png,2.0_10.0_4.0,23,84,84,191,107,61,3
26564.png,9.0_1.0_2.0,9,49,40,76,27,31,3
26565.png,1.0_7.0,14,62,69,94,32,55,2
26566.png,6.0,16,36,185,145,109,169,1
26567.png,1.0_2.0_7.0,5,40,48,80,40,43,3
26568.png,4.0_3.0,4,48,60,100,52,56,2
26569.png,1.0_2.0_1.0_1.0,7,81,39,114,33,32,4
2657.png,2.0_5.0,13,58,79,115,57,66,2
26570.png,5.0_1.0,12,0,82,61,61,70,2
26571.png,3.0_1.0,1,18,24,41,23,23,2
26572.png,1.0_1.0_7.0_2.0,5,23,26,50,27,21,4
26573.png,1.0_3.0_3.0,4,37,44,68,31,40,3
26574.png,3.0,1,19,27,29,10,26,1
26575.png,6.0_8.0,21,61,75,105,44,54,2
26576.png,2.0_7.0_1.0,3,89,85,169,80,82,3
26577.png,8.0_5.0,8,51,63,94,43,55,2
26578.png,2.0_2.0,5,18,18,35,17,13,2
26579.png,4.0_5.0_9.0,3,15,20,41,26,17,3
2658.png,7.0_2.0,14,57,70,95,38,56,2
26580.png,8.0_10.0,8,38,33,65,27,25,2
26581.png,1.0_8.0_10.0,2,18,19,39,21,17,3
26582.png,7.0_2.0,49,223,89,266,43,40,2
26583.png,3.0_7.0_10.0,4,21,27,54,33,23,3
26584.png,1.0_1.0_2.0,4,27,27,48,21,23,3
26585.png,8.0_1.0,13,53,53,88,35,40,2
26586.png,2.0_10.0_10.0,1,18,25,54,36,24,3
26587.png,2.0_5.0_6.0,43,88,98,152,64,55,3
26588.png,2.0_9.0,11,51,56,94,43,45,2
26589.png,4.0_4.0,4,27,34,52,25,30,2
2659.png,3.0_6.0_1.0,13,47,38,79,32,25,3
26590.png,3.0_9.0,6,26,26,45,19,20,2
26591.png,8.0_8.0,7,23,19,33,10,12,2
26592.png,1.0_1.0_8.0,13,85,86,178,93,73,3
26593.png,6.0_4.0_9.0,13,49,29,75,26,16,3
26594.png,6.0_7.0_2.0,9,33,26,56,23,17,3
26595.png,7.0_4.0_9.0,56,33,88,67,34,32,3
26596.png,8.0_4.0,1,83,125,211,128,124,2
26597.png,1.0_10.0,4,64,78,115,51,74,2
26598.png,2.0_7.0_6.0,5,12,17,27,15,12,3
26599.png,1.0_8.0_2.0,8,42,41,74,32,33,3
266.png,5.0_10.0,26,125,116,223,98,90,2
2660.png,4.0_10.0,15,108,85,175,67,70,2
26600.png,2.0_7.0_7.0,16,85,56,135,50,40,3
26601.png,6.0_10.0,1,31,39,77,46,38,2
26602.png,2.0_1.0,20,62,59,97,35,39,2
26603.png,2.0_7.0_2.0,21,58,48,88,30,27,3
26604.png,2.0_10.0_3.0,2,21,28,54,33,26,3
26605.png,4.0_1.0,1,21,25,42,21,24,2
26606.png,6.0_4.0,5,23,21,36,13,16,2
26607.png,6.0_1.0,1,19,24,35,16,23,2
26608.png,2.0_5.0_5.0,5,32,32,76,44,27,3
26609.png,4.0,8,33,30,49,16,22,1
2661.png,1.0_9.0_5.0,19,46,35,79,33,16,3
26610.png,6.0_4.0,6,28,35,63,35,29,2
26611.png,7.0_1.0,7,30,34,46,16,27,2
26612.png,9.0,5,35,43,53,18,38,1
26613.png,6.0_4.0,4,19,24,36,17,20,2
26614.png,9.0_5.0,3,20,69,90,70,66,2
26615.png,2.0_4.0_10.0_1.0,1,11,17,47,36,16,4
26616.png,2.0_7.0,1,26,32,61,35,31,2
26617.png,3.0_1.0_9.0,6,24,26,41,17,20,3
26618.png,1.0_5.0_5.0,12,54,64,112,58,52,3
26619.png,1.0_4.0,3,27,34,63,36,31,2
2662.png,1.0_7.0_10.0_6.0,1,22,26,72,50,25,4
26620.png,2.0_5.0_1.0_1.0,4,21,18,52,31,14,4
26621.png,2.0_4.0_7.0_10.0,18,104,127,119,15,109,4
26622.png,8.0,12,55,60,75,20,48,1
26623.png,6.0_2.0,16,48,36,73,25,20,2
26624.png,4.0_2.0,1,16,19,40,24,18,2
26625.png,3.0_9.0,4,24,22,47,23,18,2
26626.png,1.0_10.0,4,24,25,56,32,21,2
26627.png,1.0_1.0_2.0,12,46,42,68,22,30,3
26628.png,2.0_10.0_9.0,10,37,35,82,45,25,3
26629.png,5.0_5.0,4,28,29,51,23,25,2
2663.png,4.0_7.0,4,25,26,51,26,22,2
26630.png,1.0_9.0,3,27,24,42,15,21,2
26631.png,1.0_3.0,7,43,47,72,29,40,2
26632.png,3.0_1.0,11,70,85,131,61,74,2
26633.png,1.0_7.0,5,31,23,46,15,18,2
26634.png,5.0_3.0,7,43,53,72,29,46,2
26635.png,4.0_2.0,4,71,75,140,69,71,2
26636.png,3.0_5.0_10.0_2.0,1,21,34,77,56,33,4
26637.png,2.0_6.0_8.0,5,50,58,124,74,53,3
26638.png,7.0_3.0,18,71,80,145,74,62,2
26639.png,2.0_8.0,1,18,23,42,24,22,2
2664.png,1.0,10,51,40,60,9,30,1
26640.png,6.0,11,51,39,65,14,28,1
26641.png,9.0_1.0,7,26,25,45,19,18,2
26642.png,9.0,8,9,63,42,33,55,1
26643.png,6.0,3,27,39,46,19,36,1
26644.png,2.0_10.0_8.0_2.0,4,27,31,87,60,27,4
26645.png,5.0_8.0,1,24,34,48,24,33,2
26646.png,2.0,21,77,94,114,37,73,1
26647.png,5.0_1.0,7,42,57,80,38,50,2
26648.png,2.0_10.0,9,32,31,48,16,22,2
26649.png,1.0_10.0_8.0,3,16,30,42,26,27,3
2665.png,1.0_7.0_2.0,5,24,31,60,36,26,3
26650.png,2.0_8.0_8.0,5,38,37,92,54,32,3
26651.png,2.0_10.0,5,19,22,32,13,17,2
26652.png,3.0,6,37,41,57,20,35,1
26653.png,4.0_9.0,14,113,153,240,127,139,2
26654.png,2.0,2,18,22,26,8,20,1
26655.png,2.0_4.0_3.0,1,42,64,128,86,63,3
26656.png,4.0_5.0,10,105,124,219,114,114,2
26657.png,5.0_3.0,6,34,27,61,27,21,2
26658.png,3.0_5.0,11,30,34,51,21,23,2
26659.png,1.0,2,18,20,25,7,18,1
2666.png,7.0,23,74,82,112,38,59,1
26660.png,4.0_9.0,4,28,37,50,22,33,2
26661.png,5.0_8.0,1,16,17,38,22,16,2
26662.png,2.0_9.0_5.0,4,26,22,49,23,18,3
26663.png,1.0_1.0,4,25,24,43,18,20,2
26664.png,5.0_1.0,8,28,27,42,14,19,2
26665.png,1.0_4.0_1.0_4.0,4,7,23,38,31,19,4
26666.png,2.0_10.0_10.0_6.0,6,27,22,52,25,16,4
26667.png,4.0_9.0,1,24,28,45,21,27,2
26668.png,2.0_7.0,4,32,37,67,35,33,2
26669.png,1.0_4.0_4.0,4,40,40,81,41,36,3
2667.png,2.0_1.0,4,30,39,70,40,35,2
26670.png,2.0_8.0,8,35,32,64,29,24,2
26671.png,9.0_6.0,6,51,58,116,65,52,2
26672.png,3.0_9.0,18,114,133,217,103,115,2
26673.png,2.0_5.0,10,35,33,64,29,23,2
26674.png,3.0_8.0,18,59,43,79,20,25,2
26675.png,2.0_2.0_3.0_5.0,1,20,22,88,68,21,4
26676.png,2.0,5,33,46,60,27,41,1
26677.png,7.0_7.0,12,43,32,63,20,20,2
26678.png,2.0_5.0_7.0_5.0,19,60,46,104,44,27,4
26679.png,3.0_2.0,0,20,36,86,66,36,2
2668.png,9.0_1.0,16,85,102,152,67,86,2
26680.png,1.0_3.0,5,19,18,28,9,13,2
26681.png,3.0,7,52,64,81,29,57,1
26682.png,3.0_2.0,16,80,77,143,63,61,2
26683.png,4.0,1,22,15,29,7,14,1
26684.png,3.0_1.0,3,23,27,37,14,24,2
26685.png,2.0_9.0_4.0,54,126,97,193,67,43,3
26686.png,3.0_1.0,8,36,35,56,20,27,2
26687.png,3.0_9.0,4,31,39,59,28,35,2
26688.png,2.0_6.0_4.0,14,44,35,82,38,21,3
26689.png,1.0_2.0,5,35,44,64,29,39,2
2669.png,2.0_6.0_5.0,13,56,65,122,66,52,3
26690.png,6.0_8.0,2,37,48,74,37,46,2
26691.png,5.0_9.0,1,21,24,35,14,23,2
26692.png,1.0_4.0_1.0,3,24,24,44,20,21,3
26693.png,2.0_4.0_1.0_9.0,1,16,13,41,25,12,4
26694.png,1.0_8.0,13,38,43,53,15,30,2
26695.png,2.0_4.0,1,16,19,32,16,18,2
26696.png,1.0_10.0_2.0,2,15,18,43,28,16,3
26697.png,1.0_2.0,4,40,49,76,36,45,2
26698.png,9.0,5,21,25,33,12,20,1
26699.png,2.0_2.0_8.0_2.0_7.0,1,11,20,56,45,19,5
267.png,2.0_1.0,9,3,65,51,48,56,2
2670.png,1.0_1.0_4.0,4,31,43,91,60,39,3
26700.png,8.0_2.0,3,24,20,34,10,17,2
26701.png,4.0,3,19,20,31,12,17,1
26702.png,5.0_1.0,26,93,63,116,23,37,2
26703.png,1.0_5.0_9.0,21,54,50,92,38,29,3
26704.png,1.0_6.0_5.0,13,37,44,75,38,31,3
26705.png,4.0_1.0,10,72,71,129,57,61,2
26706.png,4.0_1.0,13,83,80,148,65,67,2
26707.png,9.0,2,20,24,37,17,22,1
26708.png,5.0_3.0,3,21,22,42,21,19,2
26709.png,5.0,11,43,49,61,18,38,1
2671.png,7.0_4.0,6,49,56,97,48,50,2
26710.png,8.0,1,14,17,20,6,16,1
26711.png,1.0_9.0,4,20,26,41,21,22,2
26712.png,9.0,3,29,29,44,15,26,1
26713.png,3.0_2.0,6,22,22,43,21,16,2
26714.png,6.0_5.0_1.0,13,97,53,139,42,40,3
26715.png,9.0_1.0,11,48,41,77,29,30,2
26716.png,4.0_1.0_4.0,15,123,131,252,129,116,3
26717.png,2.0_10.0,8,35,25,57,22,17,2
26718.png,4.0_3.0,1,12,17,33,21,16,2
26719.png,2.0_5.0_1.0_10.0,1,16,17,55,39,16,4
2672.png,4.0_4.0,1,18,16,33,15,15,2
26720.png,3.0_10.0,6,48,54,97,49,48,2
26721.png,2.0,13,62,41,72,10,28,1
26722.png,3.0_9.0,5,35,36,74,39,31,2
26723.png,1.0_7.0,5,29,30,46,17,25,2
26724.png,6.0,2,36,42,59,23,40,1
26725.png,2.0_4.0,1,19,26,50,31,25,2
26726.png,3.0_1.0,6,42,53,79,37,47,2
26727.png,5.0_4.0,2,27,39,71,44,37,2
26728.png,7.0_10.0,11,17,29,37,20,18,2
26729.png,2.0_10.0_7.0,3,34,47,78,44,44,3
2673.png,2.0_10.0_3.0,13,37,35,67,30,22,3
26730.png,1.0_1.0,11,55,59,85,30,48,2
26731.png,1.0_6.0_7.0,6,36,48,89,53,42,3
26732.png,7.0,5,41,33,58,17,28,1
26733.png,8.0_8.0_6.0,14,56,52,138,82,38,3
26734.png,1.0_10.0,15,78,92,142,64,77,2
26735.png,2.0_1.0_7.0,64,164,107,213,49,43,3
26736.png,1.0_7.0_9.0,22,104,72,151,47,50,3
26737.png,4.0,3,23,25,37,14,22,1
26738.png,6.0_5.0_5.0,13,52,53,121,69,40,3
26739.png,6.0,15,47,41,57,10,26,1
2674.png,1.0_10.0,7,58,86,127,69,79,2
26740.png,4.0_10.0,4,29,32,45,16,28,2
26741.png,2.0_7.0,7,47,62,94,47,55,2
26742.png,4.0,9,41,39,55,14,30,1
26743.png,5.0,1,15,18,23,8,17,1
26744.png,6.0,4,23,27,38,15,23,1
26745.png,2.0_8.0_8.0,7,56,66,131,75,59,3
26746.png,6.0_1.0_7.0,4,27,32,57,30,28,3
26747.png,4.0_10.0_10.0,14,49,43,85,36,29,3
26748.png,7.0_2.0,19,70,81,105,35,62,2
26749.png,4.0,25,99,65,131,32,40,1
2675.png,5.0_2.0_10.0,45,94,103,167,73,58,3
26750.png,1.0_6.0,24,100,103,185,85,79,2
26751.png,5.0_5.0,10,40,29,63,23,19,2
26752.png,4.0,10,46,53,76,30,43,1
26753.png,1.0_1.0,16,54,53,95,41,37,2
26754.png,1.0_1.0,4,24,28,43,19,24,2
26755.png,2.0_8.0,5,34,39,66,32,34,2
26756.png,1.0_8.0,4,32,39,67,35,35,2
26757.png,1.0_7.0_7.0,16,97,58,155,58,42,3
26758.png,4.0,3,19,23,34,15,20,1
26759.png,2.0_7.0,10,34,28,50,16,18,2
2676.png,2.0_3.0,5,25,24,41,16,19,2
26760.png,1.0_10.0_9.0,1,21,25,45,24,24,3
26761.png,3.0_5.0,6,38,52,76,38,46,2
26762.png,2.0_7.0,6,33,40,68,35,34,2
26763.png,1.0,3,20,21,28,8,18,1
26764.png,4.0,5,28,28,38,10,23,1
26765.png,5.0_4.0,3,16,18,30,14,15,2
26766.png,4.0,3,23,22,31,8,19,1
26767.png,1.0_5.0_6.0_5.0,51,255,125,337,82,74,4
26768.png,2.0_1.0,3,27,33,49,22,30,2
26769.png,1.0,30,92,86,123,31,56,1
2677.png,5.0_1.0,1,14,20,34,20,19,2
26770.png,6.0_3.0_1.0,73,142,147,214,72,74,3
26771.png,5.0_8.0,7,36,34,71,35,27,2
26772.png,3.0_2.0,8,43,48,82,39,40,2
26773.png,4.0,19,77,54,98,21,35,1
26774.png,5.0_6.0,79,82,121,136,54,42,2
26775.png,9.0,1,25,27,38,13,26,1
26776.png,6.0_10.0,13,51,58,117,66,45,2
26777.png,2.0_7.0_2.0,20,77,87,131,54,67,3
26778.png,2.0_10.0,4,30,36,62,32,32,2
26779.png,3.0_5.0,1,15,16,26,11,15,2
2678.png,3.0_4.0_9.0_3.0,25,109,119,223,114,94,4
26780.png,1.0_7.0_2.0,55,78,86,115,37,31,3
26781.png,2.0_4.0,8,30,29,57,27,21,2
26782.png,1.0_4.0_3.0_10.0,1,19,33,119,100,32,4
26783.png,1.0_10.0,2,70,90,119,49,88,2
26784.png,6.0_8.0,8,55,67,111,56,59,2
26785.png,3.0_2.0_1.0,14,43,31,73,30,17,3
26786.png,1.0_8.0,1,15,17,25,10,16,2
26787.png,1.0_10.0,10,25,26,41,16,16,2
26788.png,6.0_10.0,12,53,60,94,41,48,2
26789.png,4.0_3.0_1.0,17,108,51,149,41,34,3
2679.png,6.0_2.0_4.0,11,101,67,189,88,56,3
26790.png,1.0_3.0_9.0,21,102,131,164,62,110,3
26791.png,1.0_6.0,7,40,46,84,44,39,2
26792.png,2.0_4.0_3.0,1,17,23,40,23,22,3
26793.png,7.0_7.0_8.0,32,176,68,215,39,36,3
26794.png,6.0_5.0_10.0,19,54,44,91,37,25,3
26795.png,6.0_1.0,22,77,94,148,71,72,2
26796.png,6.0_3.0,1,24,34,57,33,33,2
26797.png,2.0_4.0,13,74,93,132,58,80,2
26798.png,1.0_2.0_7.0,8,45,50,97,52,42,3
26799.png,7.0_6.0,18,65,57,98,33,39,2
268.png,6.0,12,34,36,42,8,24,1
2680.png,1.0_1.0,2,27,36,56,29,34,2
26800.png,3.0_7.0,2,31,41,69,38,39,2
26801.png,3.0_9.0_10.0,1,98,47,175,77,46,3
26802.png,6.0_9.0,8,43,41,73,30,33,2
26803.png,3.0_9.0,1,36,50,86,50,49,2
26804.png,6.0,1,59,30,70,11,29,1
26805.png,1.0_3.0,1,17,17,26,9,16,2
26806.png,3.0_3.0,5,27,28,44,17,23,2
26807.png,1.0_10.0,5,22,26,38,16,21,2
26808.png,5.0,8,31,44,46,15,36,1
26809.png,4.0_8.0,4,31,36,59,28,32,2
2681.png,3.0_2.0,14,71,71,128,57,57,2
26810.png,3.0_1.0,9,47,45,68,21,36,2
26811.png,6.0_1.0,4,39,47,67,28,43,2
26812.png,5.0_7.0,4,27,27,46,19,23,2
26813.png,1.0_2.0_1.0,45,119,111,196,77,66,3
26814.png,6.0_10.0_5.0,20,92,83,175,83,63,3
26815.png,3.0_9.0,4,25,36,54,29,32,2
26816.png,2.0_5.0,7,46,54,84,38,47,2
26817.png,2.0_1.0_9.0,20,76,67,137,61,47,3
26818.png,4.0_5.0,10,56,52,104,48,42,2
26819.png,5.0_1.0_3.0,1,18,20,34,16,19,3
2682.png,1.0_3.0_6.0,2,25,31,59,34,29,3
26820.png,2.0_1.0_7.0,6,32,29,50,18,23,3
26821.png,1.0,10,48,57,74,26,47,1
26822.png,1.0_10.0,3,24,23,39,15,20,2
26823.png,3.0_2.0_8.0,3,21,25,43,22,22,3
26824.png,2.0_9.0,1,14,14,30,16,13,2
26825.png,1.0_5.0_10.0,15,58,64,133,75,49,3
26826.png,7.0,3,22,24,28,6,21,1
26827.png,5.0_5.0_6.0,10,45,36,76,31,26,3
26828.png,3.0_1.0_4.0,29,83,76,139,56,47,3
26829.png,2.0_8.0,6,25,28,47,22,22,2
2683.png,2.0_2.0,14,74,85,121,47,71,2
26830.png,6.0_5.0_4.0,7,29,31,58,29,24,3
26831.png,5.0_2.0_10.0,7,30,29,53,23,22,3
26832.png,7.0_5.0,13,43,42,75,32,29,2
26833.png,1.0_5.0,5,17,19,31,14,14,2
26834.png,1.0_1.0_10.0_10.0,2,36,37,82,46,35,4
26835.png,7.0_1.0,4,29,33,57,28,29,2
26836.png,1.0_8.0,1,18,23,41,23,22,2
26837.png,3.0_6.0,23,93,69,140,47,46,2
26838.png,1.0_10.0,21,69,61,98,29,40,2
26839.png,4.0_2.0,19,55,55,100,45,36,2
2684.png,1.0_2.0_6.0,24,100,118,142,42,94,3
26840.png,5.0_2.0,6,50,25,73,23,19,2
26841.png,1.0_3.0_3.0,30,20,108,138,118,78,3
26842.png,1.0_8.0,13,42,43,69,27,30,2
26843.png,2.0_5.0,2,18,19,35,17,17,2
26844.png,1.0_2.0,8,59,75,115,56,67,2
26845.png,3.0_2.0,6,29,34,51,22,28,2
26846.png,3.0,11,40,43,63,23,32,1
26847.png,2.0_8.0,3,34,51,78,44,48,2
26848.png,6.0_1.0,11,28,24,43,15,13,2
26849.png,6.0_6.0,1,19,24,41,22,23,2
2685.png,9.0_6.0_5.0,32,127,116,218,91,84,3
26850.png,1.0_10.0,13,54,54,97,43,41,2
26851.png,4.0_9.0,4,25,26,38,13,22,2
26852.png,4.0_5.0,8,43,50,91,48,42,2
26853.png,3.0_9.0_7.0,22,88,70,155,67,48,3
26854.png,3.0_3.0_5.0,13,49,42,95,46,29,3
26855.png,2.0_2.0,6,36,48,63,27,42,2
26856.png,5.0_3.0,5,37,46,74,37,41,2
26857.png,8.0,5,41,53,80,39,48,1
26858.png,4.0_8.0,4,27,31,57,30,27,2
26859.png,8.0_3.0,2,30,34,58,28,32,2
2686.png,1.0_3.0_1.0,1,23,29,49,26,28,3
26860.png,2.0_1.0_3.0,6,48,58,116,68,52,3
26861.png,3.0_10.0_4.0,8,69,85,156,87,77,3
26862.png,1.0_10.0_4.0,18,70,47,104,34,29,3
26863.png,9.0_1.0,4,26,37,61,35,33,2
26864.png,2.0_3.0_2.0,4,34,36,108,74,32,3
26865.png,8.0_3.0,3,19,21,35,16,18,2
26866.png,4.0_6.0,9,34,48,64,30,39,2
26867.png,5.0_3.0,3,34,39,57,23,36,2
26868.png,1.0_8.0_5.0,4,23,27,42,19,23,3
26869.png,9.0_8.0,14,62,54,84,22,40,2
2687.png,3.0_2.0,5,22,23,42,20,18,2
26870.png,2.0_6.0,16,54,73,89,35,57,2
26871.png,1.0_10.0_7.0,1,18,21,58,40,20,3
26872.png,9.0_3.0,15,74,57,138,64,42,2
26873.png,8.0,2,15,16,26,11,14,1
26874.png,3.0_7.0,5,46,52,107,61,47,2
26875.png,6.0_10.0,14,61,55,111,50,41,2
26876.png,3.0,5,36,44,58,22,39,1
26877.png,1.0_9.0_1.0,47,120,102,172,52,55,3
26878.png,5.0_10.0,14,59,69,118,59,55,2
26879.png,10.0,11,50,36,76,26,25,1
2688.png,2.0_2.0_7.0,15,93,111,177,84,96,3
26880.png,1.0_1.0_4.0_5.0,23,69,49,113,44,26,4
26881.png,2.0_5.0_5.0_1.0,2,14,16,47,33,14,4
26882.png,1.0_10.0,1,16,23,34,18,22,2
26883.png,3.0_9.0,6,28,26,44,16,20,2
26884.png,3.0,7,21,22,26,5,15,1
26885.png,1.0_10.0_8.0_2.0,88,190,165,303,113,77,4
26886.png,2.0_5.0_1.0,24,78,56,124,46,32,3
26887.png,7.0,16,51,48,65,14,32,1
26888.png,6.0_3.0,16,115,158,236,121,142,2
26889.png,6.0,30,122,117,181,59,87,1
2689.png,1.0_4.0_1.0,17,79,70,159,80,53,3
26890.png,3.0_10.0,15,65,74,136,71,59,2
26891.png,1.0_1.0,7,35,40,51,16,33,2
26892.png,2.0_9.0,8,23,30,46,23,22,2
26893.png,1.0_2.0,2,16,19,30,14,17,2
26894.png,1.0_6.0_10.0,9,62,68,126,64,59,3
26895.png,6.0_5.0,5,30,36,51,21,31,2
26896.png,9.0_5.0,7,20,22,33,13,15,2
26897.png,7.0_9.0_1.0,64,108,107,161,53,43,3
26898.png,1.0_4.0,4,19,19,29,10,15,2
26899.png,7.0_3.0,53,261,84,294,33,31,2
269.png,3.0_5.0_3.0,5,33,39,88,55,34,3
2690.png,6.0_2.0_5.0,12,101,31,129,28,19,3
26900.png,5.0_9.0,3,40,47,83,43,44,2
26901.png,6.0_5.0,2,21,31,46,25,29,2
26902.png,1.0_5.0_5.0,15,75,62,130,55,47,3
26903.png,4.0_3.0,2,24,21,50,26,19,2
26904.png,4.0_4.0,2,29,31,65,36,29,2
26905.png,5.0,12,48,49,68,20,37,1
26906.png,2.0_9.0,2,27,36,53,26,34,2
26907.png,2.0_4.0_2.0_6.0,4,26,32,80,54,28,4
26908.png,1.0_7.0_10.0_6.0,4,25,25,76,51,21,4
26909.png,4.0,4,26,22,40,14,18,1
2691.png,1.0_4.0_7.0,4,25,33,51,26,29,3
26910.png,4.0_5.0,2,29,29,45,16,27,2
26911.png,3.0_6.0,3,23,33,47,24,30,2
26912.png,8.0_6.0,12,53,36,74,21,24,2
26913.png,1.0,5,35,47,50,15,42,1
26914.png,1.0_1.0_9.0,16,59,65,79,20,49,3
26915.png,2.0_1.0_10.0_7.0,1,21,24,66,45,23,4
26916.png,2.0_5.0,1,26,34,63,37,33,2
26917.png,5.0,11,63,33,75,12,22,1
26918.png,2.0_3.0_8.0,15,77,96,173,96,81,3
26919.png,6.0_10.0,5,31,42,62,31,37,2
2692.png,1.0_6.0,1,18,22,36,18,21,2
26920.png,5.0_10.0,14,43,38,61,18,24,2
26921.png,3.0_4.0_8.0,41,241,112,331,90,71,3
26922.png,1.0_6.0_1.0,16,13,56,62,49,40,3
26923.png,2.0_10.0_9.0,17,67,73,124,57,56,3
26924.png,6.0_8.0,2,21,20,42,21,18,2
26925.png,3.0_6.0,6,37,46,79,42,40,2
26926.png,1.0_5.0,2,22,29,48,26,27,2
26927.png,2.0_7.0_8.0,1,29,44,119,90,43,3
26928.png,9.0_3.0_10.0,1,13,15,30,17,14,3
26929.png,2.0_8.0_6.0,6,39,54,115,76,48,3
2693.png,6.0_2.0,7,27,30,54,27,23,2
26930.png,3.0_7.0_5.0,116,211,150,251,40,34,3
26931.png,8.0_8.0,22,76,90,160,84,68,2
26932.png,5.0_6.0,3,56,82,162,106,79,2
26933.png,5.0_4.0_3.0,8,39,34,69,30,26,3
26934.png,4.0,4,16,17,24,8,13,1
26935.png,1.0_7.0_10.0,53,158,86,202,44,33,3
26936.png,7.0_2.0,1,16,19,34,18,18,2
26937.png,4.0,13,129,87,174,45,74,1
26938.png,3.0_5.0_5.0,3,27,28,71,44,25,3
26939.png,3.0_9.0,3,40,55,89,49,52,2
2694.png,5.0_9.0,7,30,35,62,32,28,2
26940.png,5.0_8.0,2,47,66,101,54,64,2
26941.png,9.0_9.0,15,60,63,107,47,48,2
26942.png,2.0_5.0,6,28,28,45,17,22,2
26943.png,4.0_6.0,3,29,32,52,23,29,2
26944.png,8.0_9.0,13,68,68,118,50,55,2
26945.png,2.0_7.0_6.0,2,24,27,54,30,25,3
26946.png,2.0_6.0_1.0,2,21,20,43,22,18,3
26947.png,1.0_2.0,3,45,71,107,62,68,2
26948.png,4.0_6.0,11,84,58,119,35,47,2
26949.png,3.0_1.0_10.0,4,23,23,48,25,19,3
2695.png,5.0_10.0,15,119,89,174,55,74,2
26950.png,2.0,1,19,18,25,6,17,1
26951.png,3.0_2.0_4.0,4,63,84,148,85,80,3
26952.png,3.0,9,45,51,68,23,42,1
26953.png,2.0_1.0_10.0,23,69,54,103,34,31,3
26954.png,2.0_2.0_8.0,14,66,68,126,60,54,3
26955.png,1.0,4,21,21,28,7,17,1
26956.png,6.0_2.0,4,21,18,34,13,14,2
26957.png,5.0_10.0,7,72,91,175,103,84,2
26958.png,3.0_1.0,1,12,13,24,12,12,2
26959.png,8.0,6,65,72,121,56,66,1
2696.png,1.0_7.0_2.0,1,16,19,38,22,18,3
26960.png,7.0_7.0,3,21,22,42,21,19,2
26961.png,3.0_2.0_7.0,9,27,36,61,34,27,3
26962.png,6.0,8,51,47,80,29,39,1
26963.png,6.0,39,118,78,134,16,39,1
26964.png,9.0_9.0,9,38,36,62,24,27,2
26965.png,2.0_3.0_3.0,11,63,83,185,122,72,3
26966.png,7.0_7.0,6,33,26,55,22,20,2
26967.png,6.0_3.0,1,13,15,29,16,14,2
26968.png,2.0,5,23,22,30,7,17,1
26969.png,2.0_8.0,2,21,21,47,26,19,2
2697.png,1.0_2.0,4,25,19,43,18,15,2
26970.png,8.0_6.0,12,35,38,55,20,26,2
26971.png,2.0,5,31,31,46,15,26,1
26972.png,8.0,25,148,185,192,44,160,1
26973.png,1.0_5.0_7.0,1,21,36,58,37,35,3
26974.png,3.0_3.0,4,12,22,25,13,18,2
26975.png,2.0_10.0,9,35,29,54,19,20,2
26976.png,1.0_3.0_8.0,26,84,85,164,80,59,3
26977.png,3.0,9,39,45,72,33,36,1
26978.png,4.0_7.0,4,24,33,52,28,29,2
26979.png,4.0,4,44,51,74,30,47,1
2698.png,9.0_4.0,13,59,64,113,54,51,2
26980.png,1.0_7.0_6.0,6,52,59,133,81,53,3
26981.png,4.0_3.0,3,19,18,32,13,15,2
26982.png,7.0_10.0,7,42,48,81,39,41,2
26983.png,3.0,5,25,30,36,11,25,1
26984.png,2.0_1.0_3.0,10,47,45,92,45,35,3
26985.png,9.0,1,22,30,37,15,29,1
26986.png,4.0_4.0_3.0,4,21,24,55,34,20,3
26987.png,5.0_3.0,2,29,40,70,41,38,2
26988.png,7.0_5.0_9.0,11,40,42,106,66,31,3
26989.png,1.0_5.0,29,108,121,193,85,92,2
2699.png,2.0_10.0,16,63,73,133,70,57,2
26990.png,3.0_7.0_7.0,3,25,34,69,44,31,3
26991.png,3.0_4.0,9,54,65,119,65,56,2
26992.png,1.0_1.0_6.0,4,64,66,105,41,62,3
26993.png,4.0_6.0,36,84,61,112,28,25,2
26994.png,1.0_3.0,3,38,48,74,36,45,2
26995.png,2.0_9.0,12,77,96,152,75,84,2
26996.png,7.0,4,32,33,44,12,29,1
26997.png,8.0_3.0,1,31,38,70,39,37,2
26998.png,3.0_9.0_4.0,4,27,27,51,24,23,3
26999.png,6.0_10.0,22,84,82,150,66,60,2
27.png,5.0_6.0,8,46,56,100,54,48,2
270.png,2.0_5.0_5.0,1,25,33,64,39,32,3
2700.png,4.0_10.0,1,25,33,54,29,32,2
27000.png,6.0_5.0_10.0,10,46,44,90,44,34,3
27001.png,8.0,12,33,45,49,16,33,1
27002.png,2.0_3.0_5.0,9,55,58,114,59,49,3
27003.png,4.0_1.0,2,30,37,55,25,35,2
27004.png,3.0_5.0,0,25,35,43,18,35,2
27005.png,4.0_1.0,3,28,34,52,24,31,2
27006.png,3.0_4.0,1,21,23,49,28,22,2
27007.png,1.0_10.0,29,44,104,108,64,75,2
27008.png,2.0_10.0,34,156,194,287,131,160,2
27009.png,5.0_4.0,1,11,14,25,14,13,2
2701.png,4.0_2.0,2,13,19,25,12,17,2
27010.png,5.0_3.0,8,54,57,76,22,49,2
27011.png,1.0_10.0,20,52,54,90,38,34,2
27012.png,7.0_8.0,8,28,31,49,21,23,2
27013.png,2.0_10.0_2.0,9,44,34,97,53,25,3
27014.png,1.0_10.0_5.0,6,32,29,59,27,23,3
27015.png,7.0_8.0,15,57,57,86,29,42,2
27016.png,2.0_6.0,3,34,38,64,30,35,2
27017.png,1.0_8.0,1,28,24,52,24,23,2
27018.png,1.0_9.0,93,168,128,199,31,35,2
27019.png,3.0_5.0,1,29,32,70,41,31,2
2702.png,1.0_6.0,22,60,71,109,49,49,2
27020.png,4.0_1.0,6,44,50,74,30,44,2
27021.png,2.0_2.0,5,46,59,90,44,54,2
27022.png,1.0_10.0,26,88,80,141,53,54,2
27023.png,7.0_5.0,1,18,24,41,23,23,2
27024.png,8.0_4.0_3.0,11,44,49,122,78,38,3
27025.png,1.0,5,32,39,42,10,34,1
27026.png,4.0,10,45,53,69,24,43,1
27027.png,1.0_6.0,4,50,65,88,38,61,2
27028.png,1.0_4.0,2,18,18,36,18,16,2
27029.png,1.0_1.0_3.0_8.0,94,106,181,229,123,87,4
2703.png,2.0_1.0_5.0_1.0,49,77,83,126,49,34,4
27030.png,2.0_4.0,14,43,42,75,32,28,2
27031.png,1.0_10.0_6.0,25,157,79,210,53,54,3
27032.png,3.0_1.0,3,28,33,57,29,30,2
27033.png,9.0_3.0,1,14,18,34,20,17,2
27034.png,3.0_5.0,16,78,99,135,57,83,2
27035.png,2.0_9.0,8,32,40,65,33,32,2
27036.png,2.0_9.0,16,70,84,124,54,68,2
27037.png,1.0_2.0,17,49,58,82,33,41,2
27038.png,1.0_5.0,3,20,26,44,24,23,2
27039.png,3.0_1.0,6,23,26,39,16,20,2
2704.png,2.0_1.0,31,141,140,228,87,109,2
27040.png,8.0_2.0,8,31,30,46,15,22,2
27041.png,2.0_6.0_3.0,14,43,45,74,31,31,3
27042.png,2.0_8.0,1,34,42,71,37,41,2
27043.png,3.0_5.0,4,27,36,58,31,32,2
27044.png,2.0,6,23,27,37,14,21,1
27045.png,7.0_4.0_7.0,4,38,62,106,68,58,3
27046.png,1.0_5.0,5,26,28,45,19,23,2
27047.png,4.0,5,26,24,35,9,19,1
27048.png,1.0_6.0,35,112,128,199,87,93,2
27049.png,1.0_3.0,9,66,70,120,54,61,2
2705.png,3.0_5.0,4,28,31,53,25,27,2
27050.png,2.0_5.0,13,56,61,87,31,48,2
27051.png,1.0_7.0,3,24,25,48,24,22,2
27052.png,1.0_7.0_6.0,31,117,80,195,78,49,3
27053.png,2.0_7.0,2,26,31,59,33,29,2
27054.png,5.0,4,35,42,56,21,38,1
27055.png,3.0_9.0_7.0_1.0,2,23,28,77,54,26,4
27056.png,3.0_4.0,1,10,13,23,13,12,2
27057.png,4.0,6,27,26,39,12,20,1
27058.png,2.0_8.0,3,29,27,46,17,24,2
27059.png,7.0_5.0_10.0,4,91,48,139,48,44,3
2706.png,4.0_1.0,7,53,57,111,58,50,2
27060.png,1.0_5.0,18,60,46,81,21,28,2
27061.png,6.0_9.0,11,44,48,77,33,37,2
27062.png,1.0_3.0,11,66,90,132,66,79,2
27063.png,4.0_10.0_4.0_7.0,1,9,12,42,33,11,4
27064.png,2.0_10.0_9.0,2,40,51,106,66,49,3
27065.png,3.0_2.0,1,21,27,49,28,26,2
27066.png,5.0_3.0,6,21,23,39,18,17,2
27067.png,5.0,1,27,25,38,11,24,1
27068.png,1.0_8.0,10,61,66,116,55,56,2
27069.png,9.0_1.0,6,92,66,142,50,60,2
2707.png,6.0_2.0,6,34,42,64,30,36,2
27070.png,2.0,3,32,34,46,14,31,1
27071.png,2.0,5,39,40,61,22,35,1
27072.png,2.0_5.0,2,19,25,38,19,23,2
27073.png,6.0,3,25,24,38,13,21,1
27074.png,1.0_5.0,1,14,17,28,14,16,2
27075.png,1.0,5,30,33,40,10,28,1
27076.png,6.0_9.0,35,103,105,154,51,70,2
27077.png,6.0_10.0,5,28,31,52,24,26,2
27078.png,3.0_10.0_6.0,1,27,35,80,53,34,3
27079.png,5.0_3.0,9,38,42,67,29,33,2
2708.png,4.0_8.0,2,25,32,46,21,30,2
27080.png,3.0_4.0,2,20,36,58,38,34,2
27081.png,6.0_8.0,3,25,29,49,24,26,2
27082.png,4.0_1.0_2.0,20,67,68,103,36,48,3
27083.png,1.0_2.0_2.0,7,92,93,200,108,86,3
27084.png,7.0_5.0_2.0,1,16,18,37,21,17,3
27085.png,3.0_3.0_7.0,28,64,64,105,41,36,3
27086.png,5.0_4.0,3,18,20,33,15,17,2
27087.png,1.0_3.0_3.0,10,45,40,77,32,30,3
27088.png,7.0_6.0,108,194,161,249,55,53,2
27089.png,3.0_3.0_9.0,15,66,68,165,99,53,3
2709.png,6.0_10.0_6.0,1,21,23,48,27,22,3
27090.png,4.0,9,39,32,52,13,23,1
27091.png,5.0,30,35,127,89,54,97,1
27092.png,1.0_1.0,1,14,13,21,7,12,2
27093.png,6.0_2.0,7,45,53,84,39,46,2
27094.png,1.0_1.0,4,39,54,80,41,50,2
27095.png,2.0_7.0_4.0,8,37,33,74,37,25,3
27096.png,6.0_1.0,1,16,15,27,11,14,2
27097.png,6.0_6.0,6,60,83,147,87,77,2
27098.png,2.0_2.0_6.0,9,56,59,139,83,50,3
27099.png,2.0_1.0_4.0,9,40,48,60,20,39,3
271.png,1.0_9.0,1,18,25,37,19,24,2
2710.png,8.0_3.0_5.0,9,41,46,103,62,37,3
27100.png,1.0_10.0_6.0,11,33,32,62,29,21,3
27101.png,1.0_5.0,1,17,16,26,9,15,2
27102.png,2.0_4.0_2.0,3,38,41,107,69,38,3
27103.png,4.0_1.0,3,21,18,34,13,15,2
27104.png,4.0_7.0_3.0,5,20,22,53,33,17,3
27105.png,7.0_8.0,1,15,19,38,23,18,2
27106.png,1.0_3.0,27,97,105,183,86,78,2
27107.png,4.0_6.0,6,26,33,53,27,27,2
27108.png,8.0_9.0,6,30,29,55,25,23,2
27109.png,4.0_1.0,27,64,74,114,50,47,2
2711.png,1.0_9.0,15,58,54,99,41,39,2
27110.png,1.0_8.0,34,74,57,95,21,23,2
27111.png,2.0_10.0,5,62,75,135,73,70,2
27112.png,2.0_2.0_6.0_3.0,2,27,29,77,50,27,4
27113.png,1.0_10.0,5,31,34,67,36,29,2
27114.png,3.0_8.0,2,16,13,30,14,11,2
27115.png,6.0,5,25,31,44,19,26,1
27116.png,3.0_6.0,21,81,84,141,60,63,2
27117.png,2.0_6.0_1.0,9,37,28,59,22,19,3
27118.png,5.0,6,36,41,54,18,35,1
27119.png,1.0_1.0,4,28,30,45,17,26,2
2712.png,1.0_4.0_2.0,23,93,86,137,44,63,3
27120.png,3.0,2,25,26,43,18,24,1
27121.png,2.0_9.0_6.0,26,56,50,92,36,24,3
27122.png,2.0_3.0,4,31,33,54,23,29,2
27123.png,1.0_3.0_8.0_2.0,12,81,121,162,81,109,4
27124.png,1.0_5.0_5.0,37,104,70,141,37,33,3
27125.png,5.0_10.0,19,97,110,192,95,91,2
27126.png,6.0_1.0,4,31,39,51,20,35,2
27127.png,4.0_4.0,5,20,24,48,28,19,2
27128.png,2.0_10.0,3,18,22,39,21,19,2
27129.png,8.0,11,41,55,64,23,44,1
2713.png,1.0_6.0,5,53,66,115,62,61,2
27130.png,3.0_3.0,5,57,83,132,75,78,2
27131.png,2.0_1.0,2,32,46,75,43,44,2
27132.png,2.0_10.0_9.0_4.0,1,10,13,39,29,12,4
27133.png,1.0_7.0_5.0,1,12,17,31,19,16,3
27134.png,4.0_6.0_5.0,1,21,20,40,19,19,3
27135.png,3.0_10.0,17,64,76,115,51,59,2
27136.png,6.0,12,56,61,82,26,49,1
27137.png,2.0_8.0,1,28,30,58,30,29,2
27138.png,5.0_10.0,5,30,42,67,37,37,2
27139.png,8.0_3.0_1.0,12,42,34,74,32,22,3
2714.png,2.0_2.0_4.0,15,56,58,121,65,43,3
27140.png,6.0_5.0,7,25,31,54,29,24,2
27141.png,3.0_2.0_1.0,82,117,124,177,60,42,3
27142.png,2.0_2.0_1.0,10,79,48,129,50,38,3
27143.png,1.0_4.0_9.0,5,66,105,215,149,100,3
27144.png,2.0_3.0,3,16,22,29,13,19,2
27145.png,1.0,5,61,59,80,19,54,1
27146.png,1.0_4.0_6.0,16,47,37,80,33,21,3
27147.png,2.0_1.0,6,27,31,48,21,25,2
27148.png,2.0_10.0_4.0,5,24,30,56,32,25,3
27149.png,1.0_7.0,17,59,53,86,27,36,2
2715.png,4.0_4.0,5,42,47,87,45,42,2
27150.png,4.0_2.0,15,69,69,118,49,54,2
27151.png,8.0,2,23,29,49,26,27,1
27152.png,4.0,6,37,45,60,23,39,1
27153.png,5.0_10.0,6,22,59,75,53,53,2
27154.png,2.0_6.0_2.0,18,60,54,109,49,36,3
27155.png,5.0,8,37,34,45,8,26,1
27156.png,1.0_7.0,16,58,46,94,36,30,2
27157.png,5.0_10.0_10.0,6,43,30,83,40,24,3
27158.png,5.0,7,36,54,78,42,47,1
27159.png,1.0_1.0_8.0,20,89,86,159,70,66,3
2716.png,4.0_7.0,2,24,30,46,22,28,2
27160.png,4.0,12,28,28,38,10,16,1
27161.png,2.0_7.0_3.0_9.0,1,9,12,36,27,11,4
27162.png,8.0_5.0,4,43,48,84,41,44,2
27163.png,2.0_4.0_1.0,44,103,105,199,96,61,3
27164.png,5.0_10.0_10.0,1,14,15,38,24,14,3
27165.png,4.0_5.0,2,13,17,31,18,15,2
27166.png,9.0_9.0,14,73,86,120,47,72,2
27167.png,9.0_9.0,6,35,43,65,30,37,2
27168.png,3.0_4.0,2,35,53,96,61,51,2
27169.png,2.0_5.0,6,40,47,78,38,41,2
2717.png,8.0_1.0,7,46,55,89,43,48,2
27170.png,3.0_1.0,9,4,43,38,34,34,2
27171.png,2.0_2.0_1.0,15,131,143,272,141,128,3
27172.png,1.0_10.0,1,27,35,60,33,34,2
27173.png,2.0_5.0_5.0_5.0,2,21,25,68,47,23,4
27174.png,2.0_5.0,5,43,53,80,37,48,2
27175.png,1.0_7.0_6.0,4,21,20,48,27,16,3
27176.png,4.0_1.0_8.0,12,59,56,106,47,44,3
27177.png,1.0_9.0,4,34,41,61,27,37,2
27178.png,7.0_10.0,8,27,28,44,17,20,2
27179.png,5.0_3.0,4,27,33,57,30,29,2
2718.png,7.0_4.0,7,29,26,41,12,19,2
27180.png,1.0_1.0_4.0,22,146,67,191,45,45,3
27181.png,1.0_7.0_2.0,12,63,58,116,53,46,3
27182.png,6.0_7.0,4,32,32,58,26,28,2
27183.png,2.0_8.0,2,29,39,69,40,37,2
27184.png,5.0_9.0,2,25,29,49,24,27,2
27185.png,1.0_8.0,1,21,23,36,15,22,2
27186.png,8.0,11,42,43,59,17,32,1
27187.png,3.0_10.0,1,23,26,47,24,25,2
27188.png,2.0_1.0,5,39,46,80,41,41,2
27189.png,5.0,7,44,47,67,23,40,1
2719.png,1.0_5.0_7.0_8.0,1,17,23,63,46,22,4
27190.png,5.0_6.0,18,97,119,236,139,101,2
27191.png,2.0_10.0_7.0,21,101,94,185,84,73,3
27192.png,1.0_2.0_7.0,7,33,38,60,27,31,3
27193.png,1.0_2.0,9,47,51,78,31,42,2
27194.png,4.0_2.0_7.0_4.0,7,29,31,64,35,24,4
27195.png,7.0_5.0_10.0,25,59,51,96,37,26,3
27196.png,4.0_4.0,3,35,44,67,32,41,2
27197.png,2.0,11,29,27,41,12,16,1
27198.png,9.0_9.0,1,28,38,77,49,37,2
27199.png,4.0_10.0_2.0,17,30,85,109,79,68,3
272.png,4.0_6.0_4.0,4,44,42,84,40,38,3
2720.png,1.0_7.0_3.0,14,60,48,105,45,34,3
27200.png,3.0_6.0,9,50,33,72,22,24,2
27201.png,3.0_4.0,5,23,24,38,15,19,2
27202.png,5.0_1.0,7,34,48,76,42,41,2
27203.png,7.0_2.0,7,46,37,71,25,30,2
27204.png,1.0_10.0_10.0,1,77,100,210,133,99,3
27205.png,4.0,3,29,28,43,14,25,1
27206.png,1.0_10.0_1.0,7,45,59,108,63,52,3
27207.png,2.0_8.0,1,20,24,36,16,23,2
27208.png,5.0_8.0,4,46,62,108,62,58,2
27209.png,2.0_5.0_10.0,43,96,78,127,31,35,3
2721.png,1.0_2.0_4.0,10,46,46,78,32,36,3
27210.png,2.0_9.0_4.0,17,72,77,162,90,60,3
27211.png,9.0_2.0,17,92,63,136,44,46,2
27212.png,1.0,10,60,66,85,25,56,1
27213.png,8.0_7.0,8,47,47,104,57,39,2
27214.png,2.0_4.0_7.0,23,105,113,225,120,90,3
27215.png,9.0,4,44,42,73,29,38,1
27216.png,1.0_4.0_9.0,3,47,58,99,52,55,3
27217.png,9.0_8.0,21,127,141,250,123,120,2
27218.png,4.0_6.0_6.0,12,67,67,124,57,55,3
27219.png,5.0,8,37,35,52,15,27,1
2722.png,3.0,2,32,15,39,7,13,1
27220.png,1.0_5.0,7,42,51,68,26,44,2
27221.png,7.0_2.0,7,41,48,92,51,41,2
27222.png,3.0_4.0,7,26,21,44,18,14,2
27223.png,1.0_3.0_2.0_1.0,3,49,58,118,69,55,4
27224.png,7.0_1.0,12,39,34,63,24,22,2
27225.png,1.0_3.0,25,132,158,265,133,133,2
27226.png,1.0_6.0_1.0,3,25,31,57,32,28,3
27227.png,6.0,77,24,94,53,29,17,1
27228.png,8.0_1.0,5,43,59,83,40,54,2
27229.png,1.0_10.0,6,24,32,54,30,26,2
2723.png,3.0_9.0_6.0,6,39,46,85,46,40,3
27230.png,1.0_1.0,4,33,35,58,25,31,2
27231.png,1.0_2.0_1.0,4,36,40,70,34,36,3
27232.png,4.0_3.0,3,27,31,53,26,28,2
27233.png,3.0_4.0,14,55,83,109,54,69,2
27234.png,7.0,1,28,22,40,12,21,1
27235.png,2.0_4.0,5,24,24,40,16,19,2
27236.png,2.0,9,25,26,31,6,17,1
27237.png,6.0_4.0,9,55,38,109,54,29,2
27238.png,2.0_4.0_8.0,66,111,144,218,107,78,3
27239.png,1.0_9.0,11,10,41,36,26,30,2
2724.png,7.0_9.0_3.0,16,82,90,175,93,74,3
27240.png,9.0,2,37,24,44,7,22,1
27241.png,1.0,3,20,20,26,6,17,1
27242.png,2.0_7.0_10.0,5,31,29,57,26,24,3
27243.png,3.0_9.0,3,26,30,56,30,27,2
27244.png,3.0,7,50,54,76,26,47,1
27245.png,3.0_1.0_1.0,12,83,84,173,90,72,3
27246.png,9.0_4.0,9,43,43,72,29,34,2
27247.png,7.0_2.0_10.0,15,53,42,88,35,27,3
27248.png,1.0_4.0_10.0,3,27,33,54,27,30,3
27249.png,9.0,4,36,37,44,8,33,1
2725.png,3.0_6.0,10,40,31,64,24,21,2
27250.png,7.0_4.0,5,40,47,71,31,42,2
27251.png,1.0_4.0,12,46,46,73,27,34,2
27252.png,3.0_6.0_10.0,13,66,52,122,56,39,3
27253.png,2.0_1.0,3,32,38,63,31,35,2
27254.png,1.0_7.0_1.0,14,120,56,171,51,42,3
27255.png,3.0_1.0,5,21,30,46,25,25,2
27256.png,4.0,3,22,23,32,10,20,1
27257.png,1.0,4,28,33,41,13,29,1
27258.png,1.0_4.0,11,38,42,56,18,31,2
27259.png,1.0_10.0_7.0,12,62,56,114,52,44,3
2726.png,2.0_6.0,7,47,57,115,68,50,2
27260.png,4.0_5.0,10,56,51,92,36,41,2
27261.png,7.0_7.0_8.0,14,68,46,101,33,32,3
27262.png,1.0_4.0,5,18,24,39,21,19,2
27263.png,2.0_2.0_8.0,9,55,70,152,97,61,3
27264.png,1.0_4.0,21,88,103,173,85,82,2
27265.png,5.0_10.0,6,41,55,78,37,49,2
27266.png,2.0_10.0,1,19,21,32,13,20,2
27267.png,1.0_2.0,4,29,38,49,20,34,2
27268.png,1.0_8.0,7,43,61,100,57,54,2
27269.png,6.0_3.0,3,35,48,76,41,45,2
2727.png,1.0_3.0_2.0,12,66,43,85,19,31,3
27270.png,8.0_10.0,3,17,24,39,22,21,2
27271.png,3.0_2.0,3,19,21,35,16,18,2
27272.png,3.0_7.0,1,32,39,62,30,38,2
27273.png,6.0_6.0,1,16,20,37,21,19,2
27274.png,2.0_7.0,14,105,119,205,100,105,2
27275.png,8.0,1,16,17,27,11,16,1
27276.png,2.0_6.0,1,22,22,39,17,21,2
27277.png,7.0_5.0,2,37,55,80,43,53,2
27278.png,1.0_5.0,4,37,49,82,45,45,2
27279.png,2.0_9.0,13,44,48,90,46,35,2
2728.png,1.0_4.0_4.0,5,36,44,82,46,39,3
27280.png,1.0_1.0,23,92,93,157,65,70,2
27281.png,9.0_7.0,2,25,38,65,40,36,2
27282.png,1.0_6.0_10.0,11,54,66,137,83,55,3
27283.png,1.0_2.0,4,20,20,33,13,16,2
27284.png,2.0_1.0_10.0,3,23,28,58,35,25,3
27285.png,1.0_3.0,8,34,35,59,25,27,2
27286.png,4.0_9.0,2,26,32,59,33,30,2
27287.png,1.0_9.0_3.0_10.0,4,21,22,59,38,18,4
27288.png,1.0_3.0_3.0,3,27,27,52,25,24,3
27289.png,2.0_7.0_10.0_6.0,3,27,36,87,60,33,4
2729.png,5.0_2.0,5,45,61,109,64,56,2
27290.png,4.0_2.0,5,39,48,70,31,43,2
27291.png,4.0_10.0,3,24,24,44,20,21,2
27292.png,1.0_1.0,2,41,48,84,43,46,2
27293.png,1.0_2.0_5.0,36,162,93,236,74,57,3
27294.png,9.0_10.0,10,54,54,98,44,44,2
27295.png,1.0_10.0,5,25,26,42,17,21,2
27296.png,1.0_9.0_3.0,38,96,67,131,35,29,3
27297.png,1.0_10.0_1.0,6,30,33,59,29,27,3
27298.png,6.0_10.0_1.0,29,130,49,152,22,20,3
27299.png,2.0_3.0_9.0,93,220,132,265,45,39,3
273.png,9.0,8,31,35,49,18,27,1
2730.png,8.0,4,24,25,37,13,21,1
27300.png,3.0_3.0,7,69,88,156,87,81,2
27301.png,6.0_2.0,3,75,101,168,93,98,2
27302.png,3.0_2.0_7.0,11,46,54,78,32,43,3
27303.png,1.0,1,16,20,24,8,19,1
27304.png,9.0_1.0,7,34,34,60,26,27,2
27305.png,1.0,24,97,65,106,9,41,1
27306.png,5.0_3.0_4.0,21,89,87,157,68,66,3
27307.png,3.0_8.0,11,31,38,50,19,27,2
27308.png,2.0_2.0_10.0,1,16,17,38,22,16,3
27309.png,4.0_5.0,4,23,26,48,25,22,2
2731.png,1.0_7.0_10.0,6,20,25,46,26,19,3
27310.png,1.0_1.0,9,39,42,62,23,33,2
27311.png,1.0_10.0,1,11,14,21,10,13,2
27312.png,3.0_1.0,9,60,74,121,61,65,2
27313.png,3.0_3.0,5,28,30,49,21,25,2
27314.png,1.0_7.0,1,27,38,55,28,37,2
27315.png,2.0_3.0,2,38,35,77,39,33,2
27316.png,1.0_8.0_6.0_10.0,8,41,46,119,78,38,4
27317.png,7.0_10.0,4,34,56,106,72,52,2
27318.png,6.0_2.0_9.0,24,167,59,202,35,35,3
27319.png,4.0_3.0_4.0,11,54,41,73,19,30,3
2732.png,10.0,5,34,26,44,10,21,1
27320.png,1.0_6.0,10,46,49,95,49,39,2
27321.png,1.0,24,47,59,63,16,35,1
27322.png,6.0_4.0,1,27,31,49,22,30,2
27323.png,5.0_7.0,16,139,52,179,40,36,2
27324.png,9.0_3.0,7,45,47,66,21,40,2
27325.png,2.0_8.0,13,59,68,97,38,55,2
27326.png,1.0_1.0,13,61,81,101,40,68,2
27327.png,4.0,1,36,36,54,18,35,1
27328.png,9.0_5.0,3,34,32,58,24,29,2
27329.png,3.0,13,49,39,68,19,26,1
2733.png,2.0_5.0,3,25,27,41,16,24,2
27330.png,1.0_5.0_10.0,8,37,38,63,26,30,3
27331.png,2.0_1.0,4,36,42,63,27,38,2
27332.png,7.0_2.0,5,36,49,80,44,44,2
27333.png,2.0_2.0,3,30,35,66,36,32,2
27334.png,2.0_3.0,5,42,48,72,30,43,2
27335.png,4.0_2.0,7,29,25,41,12,18,2
27336.png,6.0,9,86,49,110,24,40,1
27337.png,8.0_4.0,8,31,33,60,29,25,2
27338.png,2.0_4.0,9,45,48,81,36,39,2
27339.png,2.0_10.0_8.0,2,15,20,38,23,18,3
2734.png,1.0_1.0_5.0,13,66,74,144,78,61,3
27340.png,1.0_10.0,9,24,26,42,18,17,2
27341.png,4.0_2.0_10.0,7,37,37,82,45,30,3
27342.png,1.0_2.0,9,50,56,73,23,47,2
27343.png,4.0_4.0,8,30,35,61,31,27,2
27344.png,3.0,4,24,27,37,13,23,1
27345.png,1.0_5.0_10.0,27,76,63,111,35,36,3
27346.png,2.0_7.0_4.0,1,18,22,37,19,21,3
27347.png,4.0_9.0,1,17,16,32,15,15,2
27348.png,1.0_7.0_9.0,27,106,56,151,45,29,3
27349.png,4.0,1,12,12,19,7,11,1
2735.png,4.0_4.0,15,40,32,53,13,17,2
27350.png,5.0,8,73,90,122,49,82,1
27351.png,3.0_4.0_2.0_5.0,1,17,19,47,30,18,4
27352.png,8.0,1,44,42,66,22,41,1
27353.png,1.0_2.0_4.0,63,110,97,142,32,34,3
27354.png,2.0_6.0,2,20,23,40,20,21,2
27355.png,1.0_7.0_7.0,3,26,27,49,23,24,3
27356.png,5.0_5.0,2,33,40,73,40,38,2
27357.png,4.0_8.0,6,42,47,91,49,41,2
27358.png,4.0_6.0,2,18,23,52,34,21,2
27359.png,2.0_3.0_4.0,1,40,47,97,57,46,3
2736.png,1.0_7.0,8,62,79,99,37,71,2
27360.png,3.0_7.0,6,24,21,39,15,15,2
27361.png,10.0,14,50,45,58,8,31,1
27362.png,5.0_2.0,8,37,38,63,26,30,2
27363.png,3.0_1.0,19,60,47,85,25,28,2
27364.png,4.0_7.0,1,23,23,43,20,22,2
27365.png,2.0_9.0,10,43,49,69,26,39,2
27366.png,1.0_3.0,21,69,52,100,31,31,2
27367.png,4.0,13,102,73,128,26,60,1
27368.png,2.0_4.0,13,58,57,102,44,44,2
27369.png,7.0_6.0,4,27,29,57,30,25,2
2737.png,6.0_2.0_2.0,8,27,33,65,38,25,3
27370.png,2.0_3.0,29,69,54,95,26,25,2
27371.png,1.0_6.0_5.0,19,46,38,67,21,19,3
27372.png,1.0_3.0,7,44,57,77,33,50,2
27373.png,7.0_3.0_7.0,1,31,39,91,60,38,3
27374.png,1.0_3.0_7.0,32,80,82,136,56,50,3
27375.png,1.0_4.0_3.0,12,44,39,72,28,27,3
27376.png,1.0_6.0,15,67,64,106,39,49,2
27377.png,4.0_6.0,5,43,47,80,37,42,2
27378.png,3.0_10.0,14,77,80,140,63,66,2
27379.png,6.0_7.0,7,25,27,48,23,20,2
2738.png,8.0,1,45,61,78,33,60,1
27380.png,1.0_4.0,1,45,64,118,73,63,2
27381.png,3.0_8.0_10.0,15,89,79,202,113,64,3
27382.png,1.0_3.0_4.0,7,33,32,61,28,25,3
27383.png,4.0_1.0,19,80,100,161,81,81,2
27384.png,4.0_10.0,106,171,142,214,43,36,2
27385.png,6.0_4.0_10.0,1,15,20,43,28,19,3
27386.png,5.0_10.0_8.0,16,89,73,160,71,57,3
27387.png,2.0_1.0,7,65,73,127,62,66,2
27388.png,3.0_1.0,6,32,38,61,29,32,2
27389.png,2.0_10.0,4,28,33,59,31,29,2
2739.png,1.0_8.0_9.0,28,118,52,144,26,24,3
27390.png,4.0_1.0_10.0,28,68,66,121,53,38,3
27391.png,5.0_1.0,14,60,53,90,30,39,2
27392.png,7.0,34,91,89,119,28,55,1
27393.png,4.0_9.0,2,17,18,32,15,16,2
27394.png,3.0,4,43,51,70,27,47,1
27395.png,3.0_3.0,6,25,26,42,17,20,2
27396.png,1.0_1.0_5.0,16,43,43,73,30,27,3
27397.png,4.0,8,30,33,44,14,25,1
27398.png,4.0_9.0_10.0,5,46,48,102,56,43,3
27399.png,4.0,1,23,25,46,23,24,1
274.png,1.0_6.0_6.0,3,28,32,60,32,29,3
2740.png,3.0_5.0_3.0,11,54,54,116,62,43,3
27400.png,1.0_2.0_6.0,111,139,157,206,67,46,3
27401.png,4.0_1.0_8.0,4,23,27,56,33,23,3
27402.png,1.0_2.0_9.0,5,38,28,58,20,23,3
27403.png,7.0_9.0,4,35,39,70,35,35,2
27404.png,4.0_7.0,6,33,36,55,22,30,2
27405.png,2.0,6,48,51,68,20,45,1
27406.png,1.0_5.0_2.0,3,23,26,43,20,23,3
27407.png,1.0_4.0_8.0,9,53,57,125,72,48,3
27408.png,4.0_5.0,1,16,18,29,13,17,2
27409.png,1.0_7.0,8,46,55,85,39,47,2
2741.png,2.0_5.0,2,39,52,94,55,50,2
27410.png,7.0_10.0_2.0,24,73,56,127,54,32,3
27411.png,1.0_4.0_3.0,1,19,23,53,34,22,3
27412.png,6.0,1,43,43,66,23,42,1
27413.png,6.0_2.0,6,16,38,49,33,32,2
27414.png,2.0,10,47,47,67,20,37,1
27415.png,2.0_1.0_7.0_3.0,2,14,13,37,23,11,4
27416.png,1.0_5.0_8.0_3.0,7,28,29,52,24,22,4
27417.png,2.0_8.0,6,43,37,78,35,31,2
27418.png,2.0_9.0,20,91,89,131,40,69,2
27419.png,3.0_5.0,4,53,54,91,38,50,2
2742.png,3.0_8.0_8.0,2,20,23,43,23,21,3
27420.png,2.0_1.0,19,76,72,129,53,53,2
27421.png,8.0,1,13,17,26,13,16,1
27422.png,4.0_5.0,3,20,22,44,24,19,2
27423.png,3.0_1.0,3,27,25,41,14,22,2
27424.png,4.0_4.0,2,19,15,35,16,13,2
27425.png,1.0_4.0,22,61,52,83,22,30,2
27426.png,3.0_2.0,2,25,27,41,16,25,2
27427.png,1.0_2.0,3,27,34,58,31,31,2
27428.png,1.0_9.0,9,51,65,88,37,56,2
27429.png,3.0_1.0,9,81,100,142,61,91,2
2743.png,8.0_6.0,20,82,76,127,45,56,2
27430.png,1.0_6.0_4.0,3,20,19,46,26,16,3
27431.png,2.0_4.0_3.0_8.0,3,23,28,70,47,25,4
27432.png,5.0,4,49,46,73,24,42,1
27433.png,2.0_5.0,9,35,34,68,33,25,2
27434.png,3.0_5.0,8,40,44,67,27,36,2
27435.png,2.0,40,86,79,114,28,39,1
27436.png,2.0_8.0,3,26,23,41,15,20,2
27437.png,2.0,14,50,38,60,10,24,1
27438.png,6.0_2.0,25,123,104,204,81,79,2
27439.png,1.0,9,34,37,46,12,28,1
2744.png,1.0_3.0,3,19,21,36,17,18,2
27440.png,9.0_9.0,3,18,20,34,16,17,2
27441.png,8.0,4,36,42,67,31,38,1
27442.png,7.0_4.0,3,14,19,30,16,16,2
27443.png,3.0_1.0_4.0,7,69,89,160,91,82,3
27444.png,3.0_2.0_9.0,3,30,35,64,34,32,3
27445.png,4.0,6,41,46,63,22,40,1
27446.png,4.0_6.0,2,26,32,50,24,30,2
27447.png,1.0_1.0_8.0,8,38,45,82,44,37,3
27448.png,7.0,23,110,136,175,65,113,1
27449.png,1.0_8.0,6,39,45,76,37,39,2
2745.png,1.0_8.0,1,26,41,66,40,40,2
27450.png,3.0_7.0,1,12,13,21,9,12,2
27451.png,4.0_7.0,18,80,100,152,72,82,2
27452.png,1.0_4.0_8.0_3.0,1,15,14,45,30,13,4
27453.png,6.0_9.0,1,44,64,117,73,63,2
27454.png,2.0_10.0,9,29,30,54,25,21,2
27455.png,3.0_5.0,1,18,24,39,21,23,2
27456.png,8.0_8.0,25,99,114,175,76,89,2
27457.png,3.0_4.0_3.0,33,103,72,149,46,39,3
27458.png,9.0_5.0,12,45,45,80,35,33,2
27459.png,2.0_3.0,14,49,39,69,20,25,2
2746.png,1.0_8.0_8.0,3,45,58,104,59,55,3
27460.png,4.0,6,29,25,42,13,19,1
27461.png,4.0,8,51,59,84,33,51,1
27462.png,3.0_10.0_4.0,22,74,61,115,41,39,3
27463.png,9.0,5,44,49,66,22,44,1
27464.png,2.0,0,22,31,40,18,31,1
27465.png,5.0_5.0,0,27,40,61,34,40,2
27466.png,2.0_1.0,3,37,42,79,42,39,2
27467.png,1.0,14,52,41,60,8,27,1
27468.png,3.0_2.0,14,52,45,84,32,31,2
27469.png,1.0_1.0,3,27,36,51,24,33,2
2747.png,4.0_7.0,6,71,94,187,116,88,2
27470.png,4.0,9,37,26,46,9,17,1
27471.png,3.0_2.0,16,107,96,202,95,80,2
27472.png,6.0_1.0,6,40,42,76,36,36,2
27473.png,2.0_4.0,1,25,28,53,28,27,2
27474.png,2.0_4.0_1.0,8,63,61,104,41,53,3
27475.png,6.0_6.0,7,28,33,52,24,26,2
27476.png,3.0_10.0_4.0,8,39,44,92,53,36,3
27477.png,2.0_3.0,6,26,27,46,20,21,2
27478.png,5.0_5.0,1,17,18,29,12,17,2
27479.png,1.0_2.0,3,22,15,33,11,12,2
2748.png,2.0_2.0,8,35,39,66,31,31,2
27480.png,9.0,5,21,17,29,8,12,1
27481.png,5.0_4.0,1,11,14,23,12,13,2
27482.png,7.0_1.0,1,27,32,54,27,31,2
27483.png,9.0_1.0_3.0,91,257,125,311,54,34,3
27484.png,1.0_2.0_4.0,2,27,26,49,22,24,3
27485.png,2.0_8.0,9,53,71,129,76,62,2
27486.png,8.0,4,26,29,48,22,25,1
27487.png,6.0_9.0,7,35,47,71,36,40,2
27488.png,3.0,34,94,72,113,19,38,1
27489.png,2.0_10.0_7.0,2,19,23,53,34,21,3
2749.png,3.0_6.0,12,53,57,115,62,45,2
27490.png,5.0_6.0,4,33,38,64,31,34,2
27491.png,2.0_8.0,14,86,55,146,60,41,2
27492.png,6.0_5.0,3,37,43,91,54,40,2
27493.png,1.0_1.0_6.0,1,14,21,34,20,20,3
27494.png,4.0,9,36,30,48,12,21,1
27495.png,8.0_9.0,8,55,62,118,63,54,2
27496.png,2.0_3.0,15,92,102,186,94,87,2
27497.png,1.0_5.0,7,50,59,110,60,52,2
27498.png,3.0_8.0,4,39,44,76,37,40,2
27499.png,5.0,8,76,101,122,46,93,1
275.png,2.0_5.0,4,27,26,61,34,22,2
2750.png,7.0,17,73,47,87,14,30,1
27500.png,2.0_10.0_5.0_8.0,1,16,17,57,41,16,4
27501.png,6.0_10.0,5,41,50,82,41,45,2
27502.png,2.0_9.0_5.0,17,55,42,86,31,25,3
27503.png,4.0_1.0_1.0,8,27,31,59,32,23,3
27504.png,1.0_6.0,16,66,75,109,43,59,2
27505.png,2.0_2.0,6,50,61,104,54,55,2
27506.png,4.0_10.0,8,38,37,67,29,29,2
27507.png,2.0_6.0,10,53,64,118,65,54,2
27508.png,1.0_5.0,14,74,94,145,71,80,2
27509.png,5.0_2.0,9,40,38,65,25,29,2
2751.png,2.0_10.0,1,20,26,48,28,25,2
27510.png,6.0,7,47,59,81,34,52,1
27511.png,2.0,12,46,52,71,25,40,1
27512.png,1.0_5.0_7.0_5.0,3,22,23,57,35,20,4
27513.png,8.0,8,35,30,44,9,22,1
27514.png,3.0_5.0,19,105,123,207,102,104,2
27515.png,6.0_4.0,1,22,30,49,27,29,2
27516.png,1.0_1.0,13,46,40,57,11,27,2
27517.png,3.0_5.0,11,50,61,93,43,50,2
27518.png,3.0_10.0,23,62,60,85,23,37,2
27519.png,1.0,1,28,35,43,15,34,1
2752.png,9.0_2.0,5,39,45,72,33,40,2
27520.png,4.0_4.0,3,24,30,42,18,27,2
27521.png,2.0_10.0,6,24,27,49,25,21,2
27522.png,1.0_6.0,10,38,35,62,24,25,2
27523.png,2.0_5.0_3.0,1,149,28,187,38,27,3
27524.png,4.0_9.0_2.0,18,53,37,87,34,19,3
27525.png,4.0_5.0,3,28,34,52,24,31,2
27526.png,2.0_1.0,5,23,23,34,11,18,2
27527.png,1.0_4.0,13,42,34,58,16,21,2
27528.png,9.0,4,22,23,30,8,19,1
27529.png,3.0_1.0,7,44,43,77,33,36,2
2753.png,1.0_9.0,7,33,28,46,13,21,2
27530.png,6.0_9.0,7,33,34,52,19,27,2
27531.png,1.0,2,23,20,30,7,18,1
27532.png,4.0_1.0_1.0,6,15,26,43,28,20,3
27533.png,6.0_3.0,9,57,71,107,50,62,2
27534.png,1.0_4.0_6.0,9,26,29,51,25,20,3
27535.png,1.0_10.0_6.0,12,41,35,70,29,23,3
27536.png,2.0_7.0,8,23,22,33,10,14,2
27537.png,5.0_4.0,1,30,35,56,26,34,2
27538.png,4.0_10.0,10,50,38,80,30,28,2
27539.png,6.0_1.0,16,44,116,137,93,100,2
2754.png,3.0_8.0,14,36,33,59,23,19,2
27540.png,5.0,1,36,44,58,22,43,1
27541.png,1.0_3.0,7,51,41,71,20,34,2
27542.png,4.0_3.0,4,30,36,57,27,32,2
27543.png,7.0_2.0,1,15,16,28,13,15,2
27544.png,2.0_2.0_6.0,1,14,16,29,15,15,3
27545.png,8.0_10.0_10.0,26,176,68,221,45,42,3
27546.png,4.0_6.0,7,6,38,41,35,31,2
27547.png,2.0,19,52,41,61,9,22,1
27548.png,4.0_8.0,3,23,29,46,23,26,2
27549.png,4.0_6.0,5,39,48,70,31,43,2
2755.png,2.0_7.0_5.0_10.0,1,15,15,58,43,14,4
27550.png,2.0,5,37,48,64,27,43,1
27551.png,1.0_5.0,10,44,57,85,41,47,2
27552.png,3.0_6.0,9,37,39,64,27,30,2
27553.png,1.0_10.0_10.0,21,86,83,171,85,62,3
27554.png,2.0_10.0_3.0,21,88,104,147,59,83,3
27555.png,9.0_5.0,15,90,51,129,39,36,2
27556.png,1.0_1.0,6,29,35,47,18,29,2
27557.png,1.0_2.0,1,50,72,133,83,71,2
27558.png,2.0_5.0_2.0,12,46,37,81,35,25,3
27559.png,1.0_2.0,9,44,43,69,25,34,2
2756.png,3.0,9,67,79,99,32,70,1
27560.png,7.0_5.0,5,21,25,43,22,20,2
27561.png,3.0_1.0,4,41,46,82,41,42,2
27562.png,6.0_7.0,22,64,74,140,76,52,2
27563.png,1.0_2.0,10,39,31,63,24,21,2
27564.png,6.0_3.0,9,42,35,72,30,26,2
27565.png,1.0_4.0,1,17,22,34,17,21,2
27566.png,3.0_8.0,11,0,53,48,48,42,2
27567.png,2.0,12,89,60,114,25,48,1
27568.png,4.0,3,40,43,55,15,40,1
27569.png,2.0_1.0_1.0_3.0,6,40,41,88,48,35,4
2757.png,5.0_10.0,5,41,49,69,28,44,2
27570.png,1.0_9.0_1.0,35,96,70,127,31,35,3
27571.png,4.0_8.0,3,30,37,52,22,34,2
27572.png,1.0_4.0_5.0_10.0,3,20,26,74,54,23,4
27573.png,2.0_3.0,3,26,31,49,23,28,2
27574.png,2.0,2,24,27,38,14,25,1
27575.png,1.0_10.0_3.0,47,117,97,179,62,50,3
27576.png,5.0_7.0,5,23,34,46,23,29,2
27577.png,2.0_4.0,6,31,34,50,19,28,2
27578.png,3.0,2,38,44,64,26,42,1
27579.png,1.0_3.0_2.0_1.0,12,32,30,65,33,18,4
2758.png,3.0_3.0,2,50,75,141,91,73,2
27580.png,6.0_9.0,10,48,52,72,24,42,2
27581.png,4.0_2.0_4.0,16,45,39,74,29,23,3
27582.png,3.0_9.0_10.0,10,54,57,134,80,47,3
27583.png,9.0_10.0,5,35,41,65,30,36,2
27584.png,1.0_10.0,3,34,36,61,27,33,2
27585.png,3.0_8.0,1,16,20,32,16,19,2
27586.png,1.0_9.0,9,34,39,70,36,30,2
27587.png,1.0_4.0_3.0,1,20,22,37,17,21,3
27588.png,4.0_5.0,6,20,23,41,21,17,2
27589.png,1.0_5.0_5.0,11,109,57,152,43,46,3
2759.png,4.0,4,27,28,36,9,24,1
27590.png,7.0,10,59,59,87,28,49,1
27591.png,3.0_9.0,1,19,23,42,23,22,2
27592.png,1.0_10.0,5,30,38,60,30,33,2
27593.png,5.0_5.0_10.0,116,127,151,192,65,35,3
27594.png,5.0,1,11,12,17,6,11,1
27595.png,2.0_10.0_7.0,24,125,92,194,69,68,3
27596.png,6.0_9.0,51,183,143,289,106,92,2
27597.png,3.0_8.0,1,22,30,52,30,29,2
27598.png,5.0_9.0_1.0,1,21,21,44,23,20,3
27599.png,2.0_2.0_10.0,8,32,35,57,25,27,3
276.png,1.0_7.0_8.0,10,26,30,55,29,20,3
2760.png,1.0_5.0,5,29,28,40,11,23,2
27600.png,1.0_6.0_3.0,8,53,48,102,49,40,3
27601.png,2.0_5.0,1,24,29,52,28,28,2
27602.png,4.0_8.0,2,16,21,31,15,19,2
27603.png,3.0_7.0,19,84,62,128,44,43,2
27604.png,3.0_8.0,7,17,48,48,31,41,2
27605.png,4.0,1,29,42,50,21,41,1
27606.png,1.0,5,39,44,57,18,39,1
27607.png,2.0_5.0_8.0,5,25,27,61,36,22,3
27608.png,9.0_10.0,1,19,23,39,20,22,2
27609.png,5.0_1.0,4,29,31,53,24,27,2
2761.png,1.0_10.0_8.0_6.0,9,34,37,78,44,28,4
27610.png,6.0_2.0,7,36,39,57,21,32,2
27611.png,6.0_5.0,63,96,97,127,31,34,2
27612.png,1.0_8.0_3.0,4,31,35,64,33,31,3
27613.png,3.0_10.0,9,48,50,88,40,41,2
27614.png,6.0,6,40,46,68,28,40,1
27615.png,4.0_8.0,6,28,25,48,20,19,2
27616.png,1.0_8.0,5,33,42,60,27,37,2
27617.png,6.0_2.0,8,32,38,56,24,30,2
27618.png,4.0_1.0,1,18,20,31,13,19,2
27619.png,1.0_2.0_4.0_2.0,2,14,18,50,36,16,4
2762.png,1.0_9.0_9.0,2,15,14,32,17,12,3
27620.png,1.0_3.0,3,22,25,41,19,22,2
27621.png,7.0_5.0,1,30,36,68,38,35,2
27622.png,2.0_2.0_9.0,2,18,24,46,28,22,3
27623.png,3.0_10.0,13,49,33,69,20,20,2
27624.png,1.0_8.0_2.0,7,54,57,98,44,50,3
27625.png,1.0_2.0,1,17,20,32,15,19,2
27626.png,5.0,2,38,51,66,28,49,1
27627.png,9.0_10.0,6,27,28,43,16,22,2
27628.png,6.0_2.0,4,25,29,51,26,25,2
27629.png,5.0_6.0,3,25,26,42,17,23,2
2763.png,4.0,4,53,43,74,21,39,1
27630.png,1.0_10.0_7.0,12,40,54,92,52,42,3
27631.png,7.0_10.0,7,22,26,39,17,19,2
27632.png,7.0_5.0,21,87,54,117,30,33,2
27633.png,3.0_8.0_10.0,23,104,93,209,105,70,3
27634.png,8.0,6,36,43,55,19,37,1
27635.png,4.0_3.0,3,53,64,132,79,61,2
27636.png,6.0_2.0_5.0,13,52,54,92,40,41,3
27637.png,9.0,3,23,34,38,15,31,1
27638.png,3.0_3.0,28,0,80,25,25,52,2
27639.png,1.0_2.0_3.0,6,28,35,51,23,29,3
2764.png,6.0,5,33,37,53,20,32,1
27640.png,4.0_5.0,8,41,56,82,41,48,2
27641.png,6.0_5.0,3,35,35,58,23,32,2
27642.png,3.0_6.0,1,16,22,37,21,21,2
27643.png,1.0_4.0_5.0,8,27,28,48,21,20,3
27644.png,1.0,12,76,49,93,17,37,1
27645.png,8.0_5.0,5,24,27,45,21,22,2
27646.png,1.0_7.0,4,23,27,39,16,23,2
27647.png,2.0_4.0_3.0_10.0,5,22,26,73,51,21,4
27648.png,9.0_3.0,1,14,23,44,30,22,2
27649.png,4.0_2.0,5,52,64,112,60,59,2
2765.png,1.0_3.0,8,55,78,130,75,70,2
27650.png,8.0_3.0,4,14,18,25,11,14,2
27651.png,1.0_6.0,3,19,22,35,16,19,2
27652.png,1.0_7.0_4.0,2,17,25,53,36,23,3
27653.png,1.0_1.0,2,22,29,35,13,27,2
27654.png,1.0,1,13,18,20,7,17,1
27655.png,2.0_1.0,7,46,47,69,23,40,2
27656.png,7.0_8.0,14,59,62,103,44,48,2
27657.png,2.0_1.0,28,75,74,121,46,46,2
27658.png,8.0_8.0,1,33,35,63,30,34,2
27659.png,6.0,17,74,56,88,14,39,1
2766.png,3.0_2.0,4,28,29,54,26,25,2
27660.png,2.0_10.0,4,39,33,63,24,29,2
27661.png,3.0_4.0,5,32,34,64,32,29,2
27662.png,5.0_6.0,15,53,53,89,36,38,2
27663.png,1.0_1.0_4.0,2,53,72,109,56,70,3
27664.png,5.0_4.0,1,21,24,37,16,23,2
27665.png,1.0_1.0_4.0,1,67,78,143,76,77,3
27666.png,4.0_3.0,5,29,37,55,26,32,2
27667.png,6.0,2,36,34,54,18,32,1
27668.png,1.0_2.0,10,27,30,42,15,20,2
27669.png,1.0,2,20,23,26,6,21,1
2767.png,8.0_7.0,11,54,61,99,45,50,2
27670.png,5.0_5.0,3,25,35,57,32,32,2
27671.png,1.0_2.0_9.0,2,29,28,62,33,26,3
27672.png,1.0_10.0,5,51,69,112,61,64,2
27673.png,3.0_10.0_7.0,49,168,170,280,112,121,3
27674.png,2.0_6.0_9.0_5.0,3,16,18,51,35,15,4
27675.png,1.0_5.0,6,35,37,61,26,31,2
27676.png,4.0_7.0,1,13,17,29,16,16,2
27677.png,2.0_5.0,6,32,38,68,36,32,2
27678.png,1.0_10.0,11,41,41,64,23,30,2
27679.png,3.0_5.0_6.0,10,71,86,242,171,76,3
2768.png,1.0_10.0_4.0,1,20,26,52,32,25,3
27680.png,5.0_4.0_9.0,17,67,61,145,78,44,3
27681.png,7.0_5.0,14,54,55,89,35,41,2
27682.png,2.0_8.0_8.0,7,67,52,120,53,45,3
27683.png,3.0_1.0_2.0,9,97,53,141,44,44,3
27684.png,5.0,2,18,16,28,10,14,1
27685.png,7.0_1.0,17,57,58,78,21,41,2
27686.png,6.0_6.0,4,45,55,83,38,51,2
27687.png,1.0_6.0,2,16,17,29,13,15,2
27688.png,1.0_1.0,8,37,33,58,21,25,2
27689.png,9.0,7,49,59,71,22,52,1
2769.png,2.0_7.0_10.0,14,60,58,115,55,44,3
27690.png,3.0,13,56,50,69,13,37,1
27691.png,1.0,16,89,113,135,46,97,1
27692.png,1.0_8.0,26,165,228,321,156,202,2
27693.png,1.0_1.0,2,26,33,47,21,31,2
27694.png,3.0_6.0_6.0,8,40,53,104,64,45,3
27695.png,3.0_3.0_2.0,8,36,50,88,52,42,3
27696.png,1.0_8.0,14,55,53,89,34,39,2
27697.png,2.0_8.0,3,17,20,35,18,17,2
27698.png,3.0,8,46,36,57,11,28,1
27699.png,3.0_6.0,16,62,61,102,40,45,2
277.png,5.0_7.0,6,29,23,40,11,17,2
2770.png,3.0_9.0_6.0,36,100,66,136,36,30,3
27700.png,4.0_8.0,23,71,47,105,34,24,2
27701.png,4.0_4.0_1.0,17,48,44,81,33,27,3
27702.png,8.0,12,51,45,71,20,33,1
27703.png,2.0_3.0_8.0,9,33,46,74,41,37,3
27704.png,2.0,20,69,53,89,20,33,1
27705.png,2.0,4,39,51,77,38,47,1
27706.png,1.0_10.0,2,23,22,38,15,20,2
27707.png,4.0,3,46,60,79,33,57,1
27708.png,7.0_9.0_5.0,17,82,76,171,89,59,3
27709.png,2.0_1.0_7.0,10,39,40,77,38,30,3
2771.png,6.0,13,52,59,95,43,46,1
27710.png,2.0,9,23,29,34,11,20,1
27711.png,1.0_9.0_10.0_6.0,6,21,19,52,31,13,4
27712.png,1.0_3.0_7.0,8,41,46,99,58,38,3
27713.png,1.0,2,19,21,27,8,19,1
27714.png,1.0_4.0,13,78,101,170,92,88,2
27715.png,4.0_4.0_10.0,1,19,21,45,26,20,3
27716.png,4.0,6,41,47,66,25,41,1
27717.png,3.0_6.0,67,227,116,285,58,49,2
27718.png,7.0_9.0,2,33,41,68,35,39,2
27719.png,2.0_4.0,15,89,87,156,67,72,2
2772.png,8.0_6.0,1,19,18,38,19,17,2
27720.png,2.0_2.0_1.0_4.0,1,14,16,45,31,15,4
27721.png,2.0_9.0,13,68,75,124,56,62,2
27722.png,2.0_9.0,25,96,115,220,124,90,2
27723.png,6.0_7.0,5,22,21,39,17,16,2
27724.png,3.0_1.0_5.0,132,216,186,271,55,54,3
27725.png,1.0_10.0,10,38,48,70,32,38,2
27726.png,3.0_7.0,4,23,20,36,13,16,2
27727.png,7.0_2.0,6,34,38,62,28,32,2
27728.png,4.0_8.0_4.0_4.0,6,29,33,77,48,27,4
27729.png,3.0_10.0,7,31,34,57,26,27,2
2773.png,1.0_4.0_3.0,4,19,18,36,17,14,3
27730.png,7.0,20,4,57,20,16,37,1
27731.png,1.0_10.0_5.0,10,47,39,89,42,29,3
27732.png,3.0_5.0,4,26,31,46,20,27,2
27733.png,1.0,10,31,26,37,6,16,1
27734.png,3.0_2.0_6.0,4,27,28,76,49,24,3
27735.png,9.0,6,31,40,47,16,34,1
27736.png,1.0_2.0,1,15,16,33,18,15,2
27737.png,7.0,5,26,34,45,19,29,1
27738.png,5.0_7.0,2,25,29,49,24,27,2
27739.png,5.0_8.0,2,17,20,43,26,18,2
2774.png,3.0_6.0,2,27,33,62,35,31,2
27740.png,7.0_10.0,4,28,31,60,32,27,2
27741.png,9.0_2.0_1.0,20,101,117,180,79,97,3
27742.png,3.0,13,58,67,87,29,54,1
27743.png,4.0,3,17,28,38,21,25,1
27744.png,3.0_5.0,8,35,42,60,25,34,2
27745.png,2.0_5.0,4,43,47,87,44,43,2
27746.png,3.0_8.0,1,25,37,59,34,36,2
27747.png,1.0_5.0,2,13,16,29,16,14,2
27748.png,1.0,11,53,43,67,14,32,1
27749.png,2.0_2.0,19,56,53,96,40,34,2
2775.png,1.0_2.0,12,34,34,44,10,22,2
27750.png,3.0,3,88,47,109,21,44,1
27751.png,3.0,5,25,24,36,11,19,1
27752.png,4.0_1.0,1,24,28,46,22,27,2
27753.png,5.0,7,70,36,86,16,29,1
27754.png,2.0,3,21,23,35,14,20,1
27755.png,2.0_10.0_1.0,1,17,29,60,43,28,3
27756.png,4.0_4.0,2,23,29,45,22,27,2
27757.png,5.0_5.0,30,106,102,177,71,72,2
27758.png,8.0_9.0,7,84,73,173,89,66,2
27759.png,5.0_4.0_1.0_1.0,12,26,36,51,25,24,4
2776.png,3.0_3.0,1,19,25,46,27,24,2
27760.png,4.0_8.0_4.0,12,45,33,73,28,21,3
27761.png,3.0_1.0,1,34,36,67,33,35,2
27762.png,1.0_4.0_6.0,17,40,43,64,24,26,3
27763.png,4.0_5.0,3,25,26,54,29,23,2
27764.png,2.0_9.0,20,79,53,118,39,33,2
27765.png,4.0_6.0_2.0_2.0,1,19,23,66,47,22,4
27766.png,4.0,8,34,33,51,17,25,1
27767.png,2.0,10,52,51,75,23,41,1
27768.png,2.0_7.0,10,28,35,56,28,25,2
27769.png,2.0_2.0,3,23,29,38,15,26,2
2777.png,3.0_7.0,7,42,46,65,23,39,2
27770.png,7.0_1.0,14,62,73,98,36,59,2
27771.png,2.0,5,25,22,32,7,17,1
27772.png,8.0_3.0,6,45,46,79,34,40,2
27773.png,6.0,4,25,25,36,11,21,1
27774.png,1.0_7.0,1,15,19,34,19,18,2
27775.png,6.0_4.0,9,34,31,58,24,22,2
27776.png,1.0_2.0,6,41,45,84,43,39,2
27777.png,3.0_3.0,7,37,43,81,44,36,2
27778.png,2.0_4.0,5,35,52,76,41,47,2
27779.png,6.0_5.0,11,60,68,107,47,57,2
2778.png,8.0_4.0,14,60,42,91,31,28,2
27780.png,2.0_4.0_4.0_2.0,9,33,34,63,30,25,4
27781.png,4.0_7.0_3.0,1,22,24,55,33,23,3
27782.png,1.0_7.0_10.0,28,65,49,98,33,21,3
27783.png,5.0,5,35,29,46,11,24,1
27784.png,7.0_2.0_6.0,23,52,58,107,55,35,3
27785.png,1.0_8.0,1,20,21,34,14,20,2
27786.png,2.0_1.0_2.0,10,54,53,86,32,43,3
27787.png,1.0_2.0,16,63,65,114,51,49,2
27788.png,5.0_5.0,15,80,93,149,69,78,2
27789.png,1.0_4.0,1,35,48,65,30,47,2
2779.png,4.0_8.0,7,54,65,116,62,58,2
27790.png,2.0_9.0,5,22,26,42,20,21,2
27791.png,2.0_3.0,6,41,45,65,24,39,2
27792.png,2.0,11,37,41,60,23,30,1
27793.png,1.0_3.0_4.0,7,28,37,56,28,30,3
27794.png,4.0_4.0,5,21,50,68,47,45,2
27795.png,1.0_4.0_9.0,16,64,63,119,55,47,3
27796.png,3.0_2.0_2.0,7,97,53,139,42,46,3
27797.png,2.0_9.0_6.0,5,19,23,44,25,18,3
27798.png,8.0_8.0,7,68,83,158,90,76,2
27799.png,3.0_3.0,26,132,51,163,31,25,2
278.png,1.0_4.0,24,84,54,110,26,30,2
2780.png,4.0_1.0,1,12,18,26,14,17,2
27800.png,5.0,4,35,40,54,19,36,1
27801.png,1.0_5.0,21,83,80,124,41,59,2
27802.png,4.0_4.0,6,44,51,81,37,45,2
27803.png,9.0_10.0,2,21,25,44,23,23,2
27804.png,1.0,8,41,49,55,14,41,1
27805.png,4.0,1,50,63,93,43,62,1
27806.png,8.0_7.0,4,35,43,78,43,39,2
27807.png,1.0_10.0,1,21,23,39,18,22,2
27808.png,4.0_5.0,2,19,24,37,18,22,2
27809.png,1.0_5.0,16,0,71,39,39,55,2
2781.png,4.0_3.0,9,124,118,215,91,109,2
27810.png,1.0_10.0,1,21,25,48,27,24,2
27811.png,2.0_1.0,12,61,60,104,43,48,2
27812.png,4.0_3.0,20,154,58,183,29,38,2
27813.png,1.0_1.0_2.0,14,76,88,154,78,74,3
27814.png,1.0_2.0,24,107,107,189,82,83,2
27815.png,3.0_7.0_8.0,32,162,48,193,31,16,3
27816.png,5.0_8.0_6.0,14,56,54,137,81,40,3
27817.png,2.0_1.0,16,58,52,88,30,36,2
27818.png,2.0_2.0_1.0,6,29,25,51,22,19,3
27819.png,5.0_4.0_10.0,6,6,33,28,22,27,3
2782.png,1.0_4.0_4.0,10,64,54,106,42,44,3
27820.png,9.0_6.0_4.0,8,23,28,53,30,20,3
27821.png,2.0_5.0_5.0,29,121,128,228,107,99,3
27822.png,1.0_9.0_3.0_6.0,17,62,46,105,43,29,4
27823.png,5.0_5.0,18,67,68,128,61,50,2
27824.png,7.0_2.0,6,30,29,49,19,23,2
27825.png,7.0_3.0,7,59,69,126,67,62,2
27826.png,2.0_7.0,6,27,28,54,27,22,2
27827.png,9.0,5,27,43,48,21,38,1
27828.png,1.0_2.0_2.0,5,23,25,43,20,20,3
27829.png,3.0_2.0,20,79,87,130,51,67,2
2783.png,1.0_3.0,1,16,20,28,12,19,2
27830.png,1.0_8.0_8.0,6,71,81,149,78,75,3
27831.png,6.0_8.0,3,31,36,56,25,33,2
27832.png,3.0_1.0,3,22,27,37,15,24,2
27833.png,4.0_5.0,1,16,16,28,12,15,2
27834.png,3.0_1.0,5,37,44,63,26,39,2
27835.png,1.0_10.0_10.0,6,29,64,80,51,58,3
27836.png,2.0_10.0_9.0,6,27,26,56,29,20,3
27837.png,1.0_2.0_1.0_9.0,2,12,17,43,31,15,4
27838.png,5.0,1,54,39,80,26,38,1
27839.png,9.0,33,102,123,154,52,90,1
2784.png,2.0_3.0,9,52,66,124,72,57,2
27840.png,3.0_6.0,5,27,28,45,18,23,2
27841.png,7.0_6.0,5,29,37,66,37,32,2
27842.png,1.0_7.0_10.0_10.0,1,15,16,46,31,15,4
27843.png,4.0_8.0,8,45,48,80,35,40,2
27844.png,6.0_10.0,6,27,36,57,30,30,2
27845.png,7.0,14,56,41,68,12,27,1
27846.png,1.0_10.0,17,69,51,98,29,34,2
27847.png,8.0_2.0,7,37,40,48,11,33,2
27848.png,1.0_4.0,1,28,29,51,23,28,2
27849.png,4.0,1,17,13,23,6,12,1
2785.png,10.0_4.0,6,61,45,108,47,39,2
27850.png,1.0_10.0_5.0,8,47,51,76,29,43,3
27851.png,2.0_3.0_7.0,8,46,50,100,54,42,3
27852.png,1.0_10.0,4,43,56,101,58,52,2
27853.png,3.0_9.0,12,43,42,71,28,30,2
27854.png,4.0_7.0_1.0,22,74,53,106,32,31,3
27855.png,2.0_4.0_10.0,3,19,19,42,23,16,3
27856.png,3.0_1.0,30,117,93,176,59,63,2
27857.png,1.0_3.0_1.0,11,46,48,94,48,37,3
27858.png,6.0_10.0,11,41,53,77,36,42,2
27859.png,3.0_7.0,18,55,50,96,41,32,2
2786.png,1.0_5.0_5.0_8.0,2,18,23,45,27,21,4
27860.png,2.0_8.0,3,25,31,60,35,28,2
27861.png,8.0_9.0,14,117,141,213,96,127,2
27862.png,1.0_3.0_7.0,56,92,82,131,39,26,3
27863.png,3.0_8.0,15,65,68,127,62,53,2
27864.png,4.0_9.0,39,125,101,208,83,62,2
27865.png,9.0_9.0,7,76,56,128,52,49,2
27866.png,3.0_2.0,1,19,20,40,21,19,2
27867.png,5.0,1,26,33,47,21,32,1
27868.png,4.0_3.0,3,30,40,74,44,37,2
27869.png,1.0_8.0_7.0,47,137,117,190,53,70,3
2787.png,8.0_8.0,3,33,43,78,45,40,2
27870.png,5.0_1.0_10.0,37,209,84,279,70,47,3
27871.png,7.0_6.0,2,19,17,32,13,15,2
27872.png,3.0_10.0,1,12,17,28,16,16,2
27873.png,1.0_7.0,16,51,42,69,18,26,2
27874.png,3.0_7.0,3,18,17,27,9,14,2
27875.png,7.0_2.0,2,16,20,34,18,18,2
27876.png,2.0_2.0,10,43,52,94,51,42,2
27877.png,9.0_3.0,14,49,67,104,55,53,2
27878.png,3.0_3.0,9,25,25,38,13,16,2
27879.png,1.0_9.0,10,49,55,80,31,45,2
2788.png,4.0,7,49,43,70,21,36,1
27880.png,1.0_7.0_7.0,4,39,46,114,75,42,3
27881.png,2.0,5,32,41,52,20,36,1
27882.png,2.0_8.0,12,50,49,81,31,37,2
27883.png,2.0_8.0_7.0,32,86,73,135,49,41,3
27884.png,5.0,7,25,31,41,16,24,1
27885.png,9.0_1.0,10,36,40,52,16,30,2
27886.png,8.0_9.0,8,35,31,56,21,23,2
27887.png,1.0_6.0,6,36,40,80,44,34,2
27888.png,7.0_1.0,4,24,25,42,18,21,2
27889.png,4.0_8.0,4,24,36,47,23,32,2
2789.png,1.0_1.0,1,30,38,68,38,37,2
27890.png,8.0_3.0,5,18,21,30,12,16,2
27891.png,5.0_9.0,13,82,76,149,67,63,2
27892.png,3.0,4,29,31,42,13,27,1
27893.png,6.0_10.0,6,48,57,109,61,51,2
27894.png,1.0_9.0,5,27,27,47,20,22,2
27895.png,2.0_9.0,4,31,35,65,34,31,2
27896.png,2.0_1.0,8,45,56,93,48,48,2
27897.png,8.0_7.0,5,57,64,135,78,59,2
27898.png,2.0_10.0,4,33,41,67,34,37,2
27899.png,2.0_4.0_10.0_1.0,2,15,20,52,37,18,4
279.png,1.0_1.0,5,34,39,54,20,34,2
2790.png,2.0,7,29,24,40,11,17,1
27900.png,1.0_4.0,1,14,12,30,16,11,2
27901.png,8.0,4,23,20,29,6,16,1
27902.png,2.0_4.0,2,22,27,43,21,25,2
27903.png,3.0_6.0,21,133,141,214,81,120,2
27904.png,8.0_1.0,1,19,24,38,19,23,2
27905.png,7.0_4.0_2.0,26,114,65,161,47,39,3
27906.png,2.0_8.0_3.0,1,14,13,29,15,12,3
27907.png,2.0_10.0_7.0,36,130,65,169,39,29,3
27908.png,1.0_3.0,1,15,23,30,15,22,2
27909.png,2.0_6.0,2,28,28,49,21,26,2
2791.png,1.0_3.0_10.0,14,55,50,96,41,36,3
27910.png,7.0_7.0,4,23,28,47,24,24,2
27911.png,1.0_2.0,4,38,49,77,39,45,2
27912.png,9.0_4.0,8,51,59,108,57,51,2
27913.png,2.0_9.0,13,30,53,51,21,40,2
27914.png,5.0_4.0,4,36,44,67,31,40,2
27915.png,9.0_9.0,12,59,43,90,31,31,2
27916.png,3.0_3.0,4,34,45,75,41,41,2
27917.png,9.0_2.0,26,103,84,159,56,58,2
27918.png,9.0_9.0,7,49,57,112,63,50,2
27919.png,8.0,7,68,55,91,23,48,1
2792.png,1.0_10.0_3.0,26,63,65,98,35,39,3
27920.png,5.0_8.0,17,71,66,113,42,49,2
27921.png,2.0_5.0,2,15,17,29,14,15,2
27922.png,7.0_10.0_2.0,58,129,107,173,44,49,3
27923.png,1.0_3.0,1,29,33,54,25,32,2
27924.png,4.0_1.0,4,22,25,43,21,21,2
27925.png,9.0,3,26,22,37,11,19,1
27926.png,6.0,6,36,48,58,22,42,1
27927.png,9.0_10.0,9,37,39,70,33,30,2
27928.png,7.0_5.0,4,42,56,94,52,52,2
27929.png,2.0,6,26,30,41,15,24,1
2793.png,6.0_6.0_2.0,13,68,62,142,74,49,3
27930.png,2.0_7.0,4,19,24,33,14,20,2
27931.png,4.0_1.0,7,38,39,65,27,32,2
27932.png,2.0_3.0,6,36,36,58,22,30,2
27933.png,3.0_4.0,3,59,70,128,69,67,2
27934.png,2.0_5.0,7,48,61,87,39,54,2
27935.png,3.0_9.0_3.0,9,64,44,102,38,35,3
27936.png,5.0_10.0,2,24,31,51,27,29,2
27937.png,1.0,4,16,16,23,7,12,1
27938.png,1.0_7.0_5.0,24,116,157,206,90,133,3
27939.png,5.0_3.0,14,81,83,130,49,69,2
2794.png,9.0_9.0_9.0,14,54,34,86,32,20,3
27940.png,3.0_10.0,5,30,40,76,46,35,2
27941.png,8.0_7.0,1,25,31,47,22,30,2
27942.png,1.0_3.0_5.0,5,29,33,65,36,28,3
27943.png,4.0_2.0_1.0,122,205,147,242,37,25,3
27944.png,1.0_6.0,22,93,77,142,49,55,2
27945.png,2.0_2.0_8.0_3.0,5,27,26,84,57,21,4
27946.png,6.0_2.0,4,22,22,36,14,18,2
27947.png,7.0_4.0,20,60,43,89,29,23,2
27948.png,1.0_4.0,3,33,40,67,34,37,2
27949.png,4.0_1.0_6.0_7.0,50,98,86,168,70,36,4
2795.png,1.0_10.0_5.0_1.0,11,45,49,114,69,38,4
27950.png,6.0_5.0,12,61,48,102,41,36,2
27951.png,9.0_1.0,16,62,57,104,42,41,2
27952.png,3.0_10.0,1,17,21,35,18,20,2
27953.png,7.0_2.0,2,17,18,30,13,16,2
27954.png,3.0_10.0,8,32,31,55,23,23,2
27955.png,2.0_7.0_2.0,26,69,53,107,38,27,3
27956.png,2.0_2.0,5,29,34,65,36,29,2
27957.png,1.0_1.0,17,65,63,101,36,46,2
27958.png,4.0_5.0_6.0,5,41,37,92,51,32,3
27959.png,1.0_10.0_3.0,5,37,37,73,36,32,3
2796.png,8.0_7.0,14,51,47,73,22,33,2
27960.png,2.0_2.0_5.0_4.0,1,10,12,34,24,11,4
27961.png,2.0_8.0,3,31,39,67,36,36,2
27962.png,4.0_8.0,6,46,48,105,59,42,2
27963.png,4.0_4.0,10,47,37,69,22,27,2
27964.png,1.0_9.0,1,28,37,58,30,36,2
27965.png,4.0,2,19,21,27,8,19,1
27966.png,6.0,1,18,20,28,10,19,1
27967.png,6.0_6.0,3,27,29,56,29,26,2
27968.png,5.0_5.0,7,49,58,106,57,51,2
27969.png,3.0_6.0,5,26,27,49,23,22,2
2797.png,2.0_3.0,2,26,27,52,26,25,2
27970.png,2.0_10.0_7.0_8.0,3,20,20,59,39,17,4
27971.png,7.0,5,27,26,42,15,21,1
27972.png,5.0_4.0_3.0,11,46,33,79,33,22,3
27973.png,5.0_2.0,4,25,29,45,20,25,2
27974.png,1.0,8,45,39,59,14,31,1
27975.png,5.0_8.0_4.0,12,50,34,76,26,22,3
27976.png,4.0_9.0,37,148,139,240,92,102,2
27977.png,3.0_2.0_6.0,39,1,80,36,35,41,3
27978.png,5.0_10.0_8.0,4,31,40,78,47,36,3
27979.png,10.0_8.0,16,33,66,76,43,50,2
2798.png,1.0,8,25,35,36,11,27,1
27980.png,1.0_4.0_6.0,4,39,49,96,57,45,3
27981.png,2.0_7.0_7.0,4,24,26,59,35,22,3
27982.png,3.0_3.0_4.0,3,22,25,56,34,22,3
27983.png,1.0_8.0_9.0,10,63,77,139,76,67,3
27984.png,9.0_1.0,5,31,35,57,26,30,2
27985.png,1.0_3.0_3.0,23,72,72,115,43,49,3
27986.png,2.0_7.0,5,25,23,39,14,18,2
27987.png,5.0_10.0,8,36,35,67,31,27,2
27988.png,6.0_1.0,7,33,26,51,18,19,2
27989.png,8.0_4.0,4,41,47,73,32,43,2
2799.png,1.0,2,15,16,20,5,14,1
27990.png,1.0_7.0,4,38,46,79,41,42,2
27991.png,1.0_4.0,1,28,36,55,27,35,2
27992.png,3.0_3.0_2.0,4,22,25,46,24,21,3
27993.png,7.0_4.0,5,32,39,57,25,34,2
27994.png,5.0_2.0_5.0,13,61,65,141,80,52,3
27995.png,4.0_10.0,15,62,73,133,71,58,2
27996.png,1.0_3.0_10.0,11,33,32,51,18,21,3
27997.png,4.0_4.0_9.0,75,156,122,243,87,47,3
27998.png,2.0_10.0_1.0,3,19,16,38,19,13,3
27999.png,1.0_8.0,24,96,77,147,51,53,2
28.png,5.0_2.0,7,31,41,52,21,34,2
280.png,1.0,5,23,21,33,10,16,1
2800.png,4.0_8.0,13,43,48,89,46,35,2
28000.png,3.0_6.0,2,18,23,39,21,21,2
28001.png,9.0_6.0,2,17,15,30,13,13,2
28002.png,6.0_3.0_6.0,12,44,35,78,34,23,3
28003.png,8.0_1.0,10,45,38,66,21,28,2
28004.png,1.0,1,32,27,38,6,26,1
28005.png,7.0,3,29,35,43,14,32,1
28006.png,1.0_5.0,9,20,67,79,59,58,2
28007.png,3.0_4.0,2,50,69,102,52,67,2
28008.png,1.0_1.0_10.0,16,69,64,101,32,48,3
28009.png,1.0_3.0,2,16,22,28,12,20,2
2801.png,3.0_6.0,4,21,25,35,14,21,2
28010.png,2.0_10.0,4,35,47,69,34,43,2
28011.png,3.0_1.0_8.0,9,36,32,72,36,23,3
28012.png,1.0_7.0,2,20,20,40,20,18,2
28013.png,1.0,18,70,80,96,26,62,1
28014.png,5.0_2.0,3,65,77,129,64,74,2
28015.png,1.0_9.0,5,36,43,70,34,38,2
28016.png,5.0_6.0,0,54,75,131,77,75,2
28017.png,1.0_7.0_3.0,14,71,69,110,39,55,3
28018.png,7.0_8.0,16,68,58,105,37,42,2
28019.png,1.0_3.0_6.0_7.0,2,20,27,62,42,25,4
2802.png,1.0_6.0_2.0,25,97,72,141,44,47,3
28020.png,1.0_5.0,2,20,24,33,13,22,2
28021.png,1.0_1.0_8.0,7,49,57,94,45,50,3
28022.png,4.0_3.0_6.0_8.0,21,125,89,211,86,68,4
28023.png,2.0_10.0,1,18,21,35,17,20,2
28024.png,2.0_10.0,9,27,30,40,13,21,2
28025.png,1.0_1.0,21,68,79,112,44,58,2
28026.png,8.0_3.0,16,45,49,77,32,33,2
28027.png,1.0_2.0_2.0,3,29,36,67,38,33,3
28028.png,2.0_8.0_6.0,5,93,81,154,61,76,3
28029.png,2.0_3.0_5.0,84,127,133,181,54,49,3
2803.png,1.0_8.0,3,29,31,53,24,28,2
28030.png,2.0_2.0,1,8,12,24,16,11,2
28031.png,2.0_4.0_6.0,8,50,62,103,53,54,3
28032.png,1.0_1.0,4,25,26,41,16,22,2
28033.png,4.0_6.0,13,47,43,68,21,30,2
28034.png,4.0_10.0,15,38,46,60,22,31,2
28035.png,7.0_3.0,1,27,42,53,26,41,2
28036.png,2.0_6.0,2,27,38,65,38,36,2
28037.png,4.0_7.0,67,206,98,235,29,31,2
28038.png,1.0_2.0_4.0,4,26,26,46,20,22,3
28039.png,2.0_2.0_9.0,3,54,64,73,19,61,3
2804.png,1.0_1.0,8,59,66,96,37,58,2
28040.png,1.0_7.0,11,39,45,67,28,34,2
28041.png,1.0_2.0,4,20,23,33,13,19,2
28042.png,1.0_6.0_6.0,7,242,90,320,78,83,3
28043.png,4.0,10,64,73,105,41,63,1
28044.png,9.0_6.0,8,38,40,70,32,32,2
28045.png,1.0,2,33,21,42,9,19,1
28046.png,2.0_10.0,4,36,48,79,43,44,2
28047.png,2.0_3.0_10.0,7,55,67,138,83,60,3
28048.png,2.0_1.0_3.0,9,69,92,127,58,83,3
28049.png,9.0_6.0,5,30,36,50,20,31,2
2805.png,7.0_8.0,1,16,17,31,15,16,2
28050.png,1.0_3.0_2.0,10,47,53,111,64,43,3
28051.png,5.0_3.0,7,40,45,90,50,38,2
28052.png,6.0_3.0,7,57,77,106,49,70,2
28053.png,5.0_3.0_5.0,36,121,81,176,55,45,3
28054.png,8.0,23,96,77,126,30,54,1
28055.png,7.0_10.0,3,12,16,24,12,13,2
28056.png,3.0_8.0,16,68,74,151,83,58,2
28057.png,1.0_9.0,21,85,88,124,39,67,2
28058.png,1.0_7.0,17,88,47,109,21,30,2
28059.png,8.0,3,26,31,43,17,28,1
2806.png,8.0_1.0,35,138,97,204,66,62,2
28060.png,8.0_9.0_9.0,27,75,58,127,52,31,3
28061.png,2.0_9.0,1,20,28,52,32,27,2
28062.png,3.0_4.0,8,58,67,114,56,59,2
28063.png,3.0_1.0_6.0,10,51,57,100,49,47,3
28064.png,8.0_3.0,3,33,37,80,47,34,2
28065.png,2.0_8.0_10.0,13,54,39,87,33,26,3
28066.png,1.0_5.0_5.0,21,56,44,87,31,23,3
28067.png,1.0_10.0_4.0,1,35,43,110,75,42,3
28068.png,6.0_3.0,2,23,27,44,21,25,2
28069.png,6.0_10.0,83,203,116,241,38,33,2
2807.png,1.0_2.0_8.0,4,30,34,69,39,30,3
28070.png,5.0_4.0_1.0,16,54,50,86,32,34,3
28071.png,1.0_6.0_7.0,2,23,25,53,30,23,3
28072.png,1.0_1.0,4,21,22,38,17,18,2
28073.png,5.0_10.0_6.0,14,56,38,84,28,24,3
28074.png,1.0_4.0,4,29,34,65,36,30,2
28075.png,1.0_10.0_10.0,19,109,117,237,128,98,3
28076.png,2.0_7.0_10.0,32,172,74,215,43,42,3
28077.png,1.0_3.0,4,40,60,84,44,56,2
28078.png,3.0_6.0,7,33,32,58,25,25,2
28079.png,3.0_4.0,3,21,22,34,13,19,2
2808.png,3.0_1.0_10.0,8,47,55,100,53,47,3
28080.png,1.0_3.0_4.0_2.0,2,24,24,89,65,22,4
28081.png,1.0,5,31,32,38,7,27,1
28082.png,2.0_6.0,13,99,118,191,92,105,2
28083.png,1.0_5.0_10.0,4,28,32,61,33,28,3
28084.png,3.0_4.0_9.0,11,74,63,148,74,52,3
28085.png,3.0_1.0_4.0,3,33,41,75,42,38,3
28086.png,3.0_5.0,10,53,61,101,48,51,2
28087.png,4.0,8,43,36,69,26,28,1
28088.png,3.0,5,29,29,45,16,24,1
28089.png,1.0_2.0_9.0,3,28,34,67,39,31,3
2809.png,3.0_3.0,18,86,57,119,33,39,2
28090.png,1.0_3.0,3,17,18,31,14,15,2
28091.png,2.0_2.0,3,25,25,42,17,22,2
28092.png,1.0_7.0_4.0,14,43,45,86,43,31,3
28093.png,1.0_1.0_1.0,8,26,28,54,28,20,3
28094.png,7.0_4.0,4,31,25,55,24,21,2
28095.png,1.0_3.0,6,34,23,50,16,17,2
28096.png,3.0_10.0,15,85,51,118,33,36,2
28097.png,1.0,11,25,30,42,17,19,1
28098.png,1.0_2.0_1.0_9.0,1,11,12,36,25,11,4
28099.png,1.0_10.0,6,26,28,49,23,22,2
281.png,2.0_9.0,1,22,26,41,19,25,2
2810.png,2.0_8.0_5.0,10,50,45,96,46,35,3
28100.png,2.0_7.0_1.0,6,29,33,68,39,27,3
28101.png,9.0_10.0,11,65,75,107,42,64,2
28102.png,1.0_2.0,2,15,15,26,11,13,2
28103.png,1.0_9.0_10.0,2,19,20,41,22,18,3
28104.png,8.0,7,35,35,55,20,28,1
28105.png,1.0_3.0_9.0,3,32,50,68,36,47,3
28106.png,2.0_10.0,24,143,119,240,97,95,2
28107.png,3.0_9.0,8,49,56,100,51,48,2
28108.png,4.0_8.0,3,21,18,40,19,15,2
28109.png,6.0,4,22,18,29,7,14,1
2811.png,1.0_7.0_1.0,38,88,90,138,50,52,3
28110.png,1.0_1.0_2.0,8,61,87,176,115,79,3
28111.png,1.0_9.0,7,45,54,96,51,47,2
28112.png,8.0,6,58,50,81,23,44,1
28113.png,4.0_4.0,3,59,78,141,82,75,2
28114.png,2.0_6.0,18,62,71,117,55,53,2
28115.png,2.0_7.0,8,32,32,47,15,24,2
28116.png,1.0_10.0,7,60,69,112,52,62,2
28117.png,5.0,3,27,33,41,14,30,1
28118.png,1.0_10.0,12,30,42,50,20,30,2
28119.png,1.0_8.0_1.0,4,24,26,58,34,22,3
2812.png,8.0_2.0,1,21,23,47,26,22,2
28120.png,1.0_1.0,3,31,38,57,26,35,2
28121.png,3.0_4.0,1,47,67,111,64,66,2
28122.png,1.0_10.0_10.0,90,54,171,115,61,81,3
28123.png,2.0_8.0,3,19,21,47,28,18,2
28124.png,1.0_2.0_6.0,28,83,60,119,36,32,3
28125.png,4.0_5.0,11,60,62,94,34,51,2
28126.png,4.0_7.0_2.0,15,80,43,115,35,28,3
28127.png,9.0_3.0,3,22,26,53,31,23,2
28128.png,1.0_7.0,1,21,33,53,32,32,2
28129.png,8.0,4,33,37,55,22,33,1
2813.png,1.0_3.0_7.0,5,29,32,62,33,27,3
28130.png,2.0_3.0_8.0,12,41,28,67,26,16,3
28131.png,5.0,1,15,18,26,11,17,1
28132.png,9.0_5.0,21,70,67,122,52,46,2
28133.png,6.0_5.0_7.0,7,88,110,213,125,103,3
28134.png,8.0_1.0,2,14,17,31,17,15,2
28135.png,1.0_10.0,9,34,41,71,37,32,2
28136.png,1.0_4.0,11,58,79,133,75,68,2
28137.png,5.0_2.0,14,65,82,128,63,68,2
28138.png,1.0,6,34,28,43,9,22,1
28139.png,3.0_4.0,2,31,46,85,54,44,2
2814.png,2.0_4.0,12,65,59,89,24,47,2
28140.png,1.0_4.0_5.0,14,125,55,199,74,41,3
28141.png,3.0_10.0,1,23,25,49,26,24,2
28142.png,1.0_6.0,6,29,35,53,24,29,2
28143.png,1.0_2.0_10.0,16,75,41,108,33,25,3
28144.png,6.0_3.0,7,39,42,66,27,35,2
28145.png,2.0_2.0,3,21,23,35,14,20,2
28146.png,7.0_6.0,3,32,43,66,34,40,2
28147.png,7.0_6.0,3,24,23,45,21,20,2
28148.png,2.0_10.0_10.0,7,45,43,84,39,36,3
28149.png,5.0_3.0,2,49,68,111,62,66,2
2815.png,6.0_3.0,2,22,23,38,16,21,2
28150.png,3.0_7.0,1,28,32,49,21,31,2
28151.png,1.0_5.0_8.0,3,24,25,58,34,22,3
28152.png,3.0_1.0,10,35,35,58,23,25,2
28153.png,2.0_3.0_6.0,15,56,116,156,100,101,3
28154.png,7.0_2.0,14,35,37,59,24,23,2
28155.png,2.0_6.0_8.0,2,17,22,36,19,20,3
28156.png,5.0_5.0,6,41,49,72,31,43,2
28157.png,7.0_2.0,9,28,31,54,26,22,2
28158.png,2.0,7,45,42,61,16,35,1
28159.png,1.0_1.0_7.0,7,44,56,138,94,49,3
2816.png,5.0,8,59,52,80,21,44,1
28160.png,2.0_1.0_2.0,6,23,22,37,14,16,3
28161.png,1.0_7.0,3,30,34,47,17,31,2
28162.png,2.0_4.0_4.0,1,12,17,33,21,16,3
28163.png,8.0_2.0,9,44,51,81,37,42,2
28164.png,5.0_6.0,6,35,45,71,36,39,2
28165.png,3.0_7.0,8,37,51,82,45,43,2
28166.png,1.0_2.0,6,23,23,39,16,17,2
28167.png,8.0,4,7,15,15,8,11,1
28168.png,3.0_9.0,10,41,41,69,28,31,2
28169.png,4.0_3.0_8.0,20,113,91,215,102,71,3
2817.png,3.0_7.0,1,27,36,49,22,35,2
28170.png,4.0,10,41,49,58,17,39,1
28171.png,1.0_2.0,13,59,50,104,45,37,2
28172.png,4.0_4.0,20,78,51,112,34,31,2
28173.png,1.0_6.0,4,41,48,75,34,44,2
28174.png,3.0_1.0_5.0,6,109,71,179,70,65,3
28175.png,4.0_2.0,8,47,60,115,68,52,2
28176.png,2.0_6.0,13,48,54,88,40,41,2
28177.png,1.0_2.0_2.0_3.0,1,17,21,53,36,20,4
28178.png,2.0_2.0,4,15,20,41,26,16,2
28179.png,3.0_8.0_4.0,13,63,54,111,48,41,3
2818.png,2.0,8,42,37,64,22,29,1
28180.png,3.0_4.0,7,21,26,40,19,19,2
28181.png,7.0_8.0,6,24,21,37,13,15,2
28182.png,2.0,3,22,29,32,10,26,1
28183.png,9.0_1.0_6.0,17,69,70,121,52,53,3
28184.png,3.0_4.0,1,18,22,40,22,21,2
28185.png,1.0_2.0_10.0,9,40,45,84,44,36,3
28186.png,1.0_4.0_10.0,1,12,16,37,25,15,3
28187.png,2.0_6.0_10.0,13,123,135,261,138,122,3
28188.png,3.0_4.0,13,40,37,55,15,24,2
28189.png,1.0_10.0_4.0,11,51,39,87,36,28,3
2819.png,2.0_10.0,2,25,31,59,34,29,2
28190.png,6.0,11,35,28,43,8,17,1
28191.png,5.0_2.0,4,26,29,57,31,25,2
28192.png,9.0_5.0,1,24,29,54,30,28,2
28193.png,3.0_2.0_6.0,7,52,69,120,68,62,3
28194.png,5.0_2.0,3,20,20,34,14,17,2
28195.png,1.0,5,28,27,35,7,22,1
28196.png,1.0_4.0,52,133,137,180,47,85,2
28197.png,8.0_1.0,1,18,25,37,19,24,2
28198.png,1.0_2.0_7.0,15,81,77,157,76,62,3
28199.png,1.0,1,28,38,48,20,37,1
282.png,3.0_7.0,3,21,21,42,21,18,2
2820.png,5.0_8.0,23,90,47,118,28,24,2
28200.png,3.0_1.0,1,26,35,55,29,34,2
28201.png,8.0_7.0_2.0,3,35,41,74,39,38,3
28202.png,4.0_3.0,2,15,19,27,12,17,2
28203.png,9.0_6.0,1,15,19,36,21,18,2
28204.png,6.0_4.0,3,26,32,39,13,29,2
28205.png,8.0_9.0_6.0,1,28,19,66,38,18,3
28206.png,9.0,27,103,72,128,25,45,1
28207.png,1.0,1,15,15,21,6,14,1
28208.png,6.0_7.0_10.0,21,95,92,204,109,71,3
28209.png,1.0_3.0_4.0,52,80,79,109,29,27,3
2821.png,6.0,3,27,26,38,11,23,1
28210.png,1.0_5.0,5,20,19,32,12,14,2
28211.png,5.0_9.0,14,54,50,98,44,36,2
28212.png,2.0,2,17,18,28,11,16,1
28213.png,1.0_5.0_5.0,5,29,32,61,32,27,3
28214.png,2.0_5.0,4,33,41,58,25,37,2
28215.png,6.0_8.0,13,85,77,135,50,64,2
28216.png,6.0_10.0_2.0,54,194,103,255,61,49,3
28217.png,2.0_4.0_1.0_9.0,1,9,13,38,29,12,4
28218.png,5.0_4.0,9,42,49,76,34,40,2
28219.png,3.0_4.0,6,38,39,70,32,33,2
2822.png,2.0_1.0,32,103,112,187,84,80,2
28220.png,3.0_6.0,2,39,40,66,27,38,2
28221.png,6.0,14,69,58,88,19,44,1
28222.png,2.0_1.0_7.0,12,38,43,78,40,31,3
28223.png,1.0_4.0_7.0,1,52,50,88,36,49,3
28224.png,1.0_6.0,2,75,40,99,24,38,2
28225.png,5.0_10.0,3,24,29,44,20,26,2
28226.png,1.0_10.0_1.0,4,25,30,44,19,26,3
28227.png,9.0_2.0,4,28,31,54,26,27,2
28228.png,1.0_1.0,2,25,28,38,13,26,2
28229.png,5.0_5.0,5,37,45,83,46,40,2
2823.png,4.0_3.0_1.0,25,124,61,165,41,36,3
28230.png,5.0_3.0,4,20,29,39,19,25,2
28231.png,1.0_4.0,7,21,22,32,11,15,2
28232.png,2.0_10.0_3.0,2,28,37,61,33,35,3
28233.png,6.0_3.0,4,20,24,42,22,20,2
28234.png,4.0_1.0,10,72,69,104,32,59,2
28235.png,1.0_2.0_2.0,104,135,132,184,49,28,3
28236.png,8.0_1.0,16,60,60,91,31,44,2
28237.png,5.0_5.0,4,30,29,56,26,25,2
28238.png,4.0_10.0_7.0,14,115,42,151,36,28,3
28239.png,1.0_1.0_5.0_10.0,38,134,143,269,135,105,4
2824.png,1.0_7.0_1.0_8.0,3,17,20,43,26,17,4
28240.png,3.0_7.0_7.0,10,30,36,68,38,26,3
28241.png,8.0_2.0,5,47,69,100,53,64,2
28242.png,8.0_9.0_7.0,6,31,36,87,56,30,3
28243.png,7.0_9.0,11,41,43,65,24,32,2
28244.png,1.0_9.0,3,20,24,37,17,21,2
28245.png,2.0_1.0_6.0,19,87,94,192,105,75,3
28246.png,1.0_3.0_2.0,1,18,18,30,12,17,3
28247.png,8.0_7.0,14,39,36,61,22,22,2
28248.png,3.0_1.0,18,0,131,114,114,113,2
28249.png,1.0_2.0_8.0,1,15,17,36,21,16,3
2825.png,4.0_5.0,7,50,56,107,57,49,2
28250.png,1.0_5.0_1.0_5.0,1,12,17,45,33,16,4
28251.png,3.0_5.0,4,19,23,33,14,19,2
28252.png,4.0_5.0,9,58,72,113,55,63,2
28253.png,4.0_3.0,6,23,21,40,17,15,2
28254.png,1.0_2.0_10.0,10,38,36,66,28,26,3
28255.png,1.0,12,53,41,64,11,29,1
28256.png,4.0_8.0,3,22,23,48,26,20,2
28257.png,1.0_9.0,3,16,17,28,12,14,2
28258.png,6.0_3.0,6,31,32,53,22,26,2
28259.png,1.0_3.0_1.0,9,40,31,65,25,22,3
2826.png,2.0_5.0_3.0,7,77,64,126,49,57,3
28260.png,1.0_4.0,2,26,33,57,31,31,2
28261.png,8.0_3.0,11,49,46,88,39,35,2
28262.png,1.0_2.0,2,56,79,135,79,77,2
28263.png,7.0_10.0,6,27,31,54,27,25,2
28264.png,3.0_2.0,1,17,19,35,18,18,2
28265.png,1.0_3.0,5,29,25,40,11,20,2
28266.png,1.0,14,42,46,52,10,32,1
28267.png,1.0_6.0_4.0,18,109,50,149,40,32,3
28268.png,1.0_9.0_6.0,1,18,19,38,20,18,3
28269.png,2.0_2.0_8.0,11,39,42,81,42,31,3
2827.png,7.0_4.0,6,26,32,48,22,26,2
28270.png,6.0,1,16,14,24,8,13,1
28271.png,4.0,5,24,30,38,14,25,1
28272.png,3.0_6.0_7.0_10.0,6,85,101,202,117,95,4
28273.png,1.0_4.0_3.0,16,61,50,101,40,34,3
28274.png,2.0_1.0_9.0,1,80,108,204,124,107,3
28275.png,3.0_3.0,1,16,17,32,16,16,2
28276.png,6.0_1.0,6,23,22,35,12,16,2
28277.png,1.0_5.0_10.0_6.0,1,12,15,43,31,14,4
28278.png,4.0_9.0,32,122,118,195,73,86,2
28279.png,5.0_3.0_6.0,8,36,27,83,47,19,3
2828.png,2.0_7.0,12,58,64,81,23,52,2
28280.png,1.0_10.0_2.0,7,22,25,38,16,18,3
28281.png,3.0_2.0,2,16,16,34,18,14,2
28282.png,1.0_9.0_5.0_1.0,1,13,14,40,27,13,4
28283.png,4.0_2.0,7,31,35,46,15,28,2
28284.png,4.0,4,21,18,29,8,14,1
28285.png,1.0_4.0,8,43,46,76,33,38,2
28286.png,4.0_10.0_5.0,1,20,22,56,36,21,3
28287.png,2.0_8.0,6,26,28,49,23,22,2
28288.png,1.0_5.0_3.0,5,45,47,108,63,42,3
28289.png,6.0_2.0_9.0,14,59,61,105,46,47,3
2829.png,3.0_8.0,10,55,69,106,51,59,2
28290.png,2.0_4.0_4.0_1.0,3,20,27,73,53,24,4
28291.png,1.0_3.0_2.0,3,45,60,100,55,57,3
28292.png,1.0_8.0,8,176,236,357,181,228,2
28293.png,2.0_9.0,23,77,57,113,36,34,2
28294.png,3.0_2.0,1,22,25,40,18,24,2
28295.png,3.0_4.0,16,123,82,186,63,66,2
28296.png,2.0_1.0,6,20,24,40,20,18,2
28297.png,5.0_8.0,2,27,34,62,35,32,2
28298.png,2.0,1,18,24,32,14,23,1
28299.png,2.0_9.0,9,40,33,87,47,24,2
283.png,1.0_1.0_3.0,49,142,80,167,25,31,3
2830.png,2.0_4.0,4,34,38,59,25,34,2
28300.png,1.0_5.0,43,79,81,115,36,38,2
28301.png,3.0_10.0,6,33,28,52,19,22,2
28302.png,6.0_9.0,30,109,80,170,61,50,2
28303.png,3.0_1.0_10.0,2,37,44,74,37,42,3
28304.png,2.0_2.0_6.0,23,75,65,136,61,42,3
28305.png,2.0_2.0_4.0,2,21,22,45,24,20,3
28306.png,2.0_4.0_1.0_8.0,1,10,14,40,30,13,4
28307.png,1.0_4.0,1,18,27,40,22,26,2
28308.png,3.0_4.0,5,30,33,47,17,28,2
28309.png,1.0_8.0_3.0,19,96,46,134,38,27,3
2831.png,6.0_4.0,4,14,16,24,10,12,2
28310.png,2.0_9.0_5.0,23,284,77,356,72,54,3
28311.png,1.0_5.0_1.0,6,38,41,70,32,35,3
28312.png,5.0_10.0,1,27,29,55,28,28,2
28313.png,2.0_10.0,4,21,23,34,13,19,2
28314.png,1.0_1.0,9,57,51,88,31,42,2
28315.png,1.0_8.0,2,27,29,49,22,27,2
28316.png,2.0_3.0_9.0,3,17,29,46,29,26,3
28317.png,1.0_1.0,3,27,29,51,24,26,2
28318.png,2.0_7.0_8.0,16,97,114,194,97,98,3
28319.png,8.0_4.0,14,46,52,73,27,38,2
2832.png,9.0_9.0,10,38,26,58,20,16,2
28320.png,2.0_6.0,8,57,52,94,37,44,2
28321.png,5.0,1,30,37,53,23,36,1
28322.png,1.0_1.0_4.0,1,18,19,36,18,18,3
28323.png,8.0_9.0,1,25,26,47,22,25,2
28324.png,2.0_7.0_2.0,8,38,33,83,45,25,3
28325.png,5.0,1,11,12,17,6,11,1
28326.png,3.0_1.0,3,22,30,47,25,27,2
28327.png,3.0_6.0_6.0,8,33,35,76,43,27,3
28328.png,8.0,6,33,36,49,16,30,1
28329.png,3.0_3.0,29,114,51,135,21,22,2
2833.png,2.0_10.0_7.0,47,150,90,202,52,43,3
28330.png,5.0_1.0,1,40,43,75,35,42,2
28331.png,7.0_7.0,123,192,168,231,39,45,2
28332.png,4.0_7.0,1,12,13,21,9,12,2
28333.png,1.0_3.0_5.0,16,23,95,86,63,79,3
28334.png,9.0,8,44,52,57,13,44,1
28335.png,1.0_1.0_8.0,1,22,23,53,31,22,3
28336.png,3.0,6,22,20,29,7,14,1
28337.png,1.0,10,46,57,65,19,47,1
28338.png,4.0,15,54,50,71,17,35,1
28339.png,2.0_3.0_10.0,20,90,84,198,108,64,3
2834.png,3.0_9.0_5.0,42,193,229,226,33,187,3
28340.png,1.0_2.0,11,54,48,78,24,37,2
28341.png,2.0_5.0_1.0,1,27,34,77,50,33,3
28342.png,2.0_10.0,43,96,85,146,50,42,2
28343.png,2.0_5.0_2.0,3,21,27,53,32,24,3
28344.png,2.0,8,42,47,63,21,39,1
28345.png,2.0_9.0,2,26,29,47,21,27,2
28346.png,2.0_6.0_7.0,19,91,76,167,76,57,3
28347.png,5.0_10.0_4.0,9,48,51,88,40,42,3
28348.png,2.0_3.0_4.0,14,68,78,118,50,64,3
28349.png,1.0_4.0_1.0,34,71,72,117,46,38,3
2835.png,2.0_7.0,14,54,59,116,62,45,2
28350.png,3.0_1.0,7,39,47,78,39,40,2
28351.png,3.0_3.0,1,14,19,31,17,18,2
28352.png,8.0_9.0,5,36,44,78,42,39,2
28353.png,4.0_1.0,4,24,27,45,21,23,2
28354.png,6.0,18,87,87,128,41,69,1
28355.png,6.0,39,144,159,204,60,120,1
28356.png,2.0_6.0,7,20,41,49,29,34,2
28357.png,3.0_9.0_2.0,10,92,46,147,55,36,3
28358.png,4.0_5.0,10,81,104,191,110,94,2
28359.png,4.0_2.0_7.0,25,67,77,132,65,52,3
2836.png,1.0_3.0_8.0,1,41,55,105,64,54,3
28360.png,5.0_7.0_7.0,20,93,90,183,90,70,3
28361.png,3.0,5,37,42,59,22,37,1
28362.png,4.0_7.0,1,27,34,56,29,33,2
28363.png,4.0_8.0_3.0,12,44,39,98,54,27,3
28364.png,6.0_5.0,13,49,47,70,21,34,2
28365.png,1.0_4.0,3,21,28,41,20,25,2
28366.png,6.0_3.0,5,33,34,54,21,29,2
28367.png,3.0_10.0,1,11,14,31,20,13,2
28368.png,1.0,1,25,30,33,8,29,1
28369.png,1.0_9.0,2,23,29,42,19,27,2
2837.png,3.0_7.0_10.0,35,74,76,99,25,41,3
28370.png,1.0_1.0_8.0,9,55,49,92,37,40,3
28371.png,3.0_10.0,19,86,81,128,42,62,2
28372.png,2.0_5.0,1,17,26,54,37,25,2
28373.png,7.0_10.0,5,18,19,34,16,14,2
28374.png,6.0_1.0,4,27,32,56,29,28,2
28375.png,6.0_8.0,15,73,66,129,56,51,2
28376.png,5.0_7.0,14,84,100,158,74,86,2
28377.png,4.0_5.0,7,36,52,84,48,45,2
28378.png,2.0_8.0_5.0,25,85,73,151,66,48,3
28379.png,5.0_10.0,13,51,50,105,54,37,2
2838.png,1.0_2.0,4,21,21,39,18,17,2
28380.png,4.0_7.0,3,26,26,44,18,23,2
28381.png,2.0_8.0,1,31,30,58,27,29,2
28382.png,6.0_7.0_6.0,9,43,34,72,29,25,3
28383.png,3.0_10.0,18,83,95,147,64,77,2
28384.png,7.0_3.0,4,18,20,29,11,16,2
28385.png,6.0,23,79,75,110,31,52,1
28386.png,2.0_6.0,1,13,19,32,19,18,2
28387.png,3.0_7.0,2,16,16,34,18,14,2
28388.png,1.0_10.0_8.0,23,74,51,115,41,28,3
28389.png,1.0_5.0_3.0,31,54,54,86,32,23,3
2839.png,2.0_6.0,1,32,44,78,46,43,2
28390.png,2.0,10,70,64,97,27,54,1
28391.png,4.0_2.0_6.0,44,64,75,97,33,31,3
28392.png,4.0_1.0,1,17,19,37,20,18,2
28393.png,2.0_2.0,1,23,29,48,25,28,2
28394.png,4.0_7.0,1,10,18,27,17,17,2
28395.png,5.0_1.0_4.0,36,106,154,229,123,118,3
28396.png,1.0_1.0_4.0,5,42,46,98,56,41,3
28397.png,8.0_8.0_1.0,20,70,52,124,54,32,3
28398.png,7.0_3.0,16,53,58,93,40,42,2
28399.png,1.0_2.0_2.0,19,50,57,106,56,38,3
284.png,1.0_1.0,6,21,19,33,12,13,2
2840.png,2.0_7.0_2.0,7,30,39,74,44,32,3
28400.png,1.0_2.0_1.0,12,60,73,131,71,61,3
28401.png,1.0,8,36,51,55,19,43,1
28402.png,2.0_6.0_6.0,2,18,22,38,20,20,3
28403.png,3.0_2.0_4.0,4,38,32,69,31,28,3
28404.png,1.0_3.0_8.0,10,41,46,74,33,36,3
28405.png,4.0_8.0,12,9,72,74,65,60,2
28406.png,4.0_1.0,8,35,40,69,34,32,2
28407.png,2.0_7.0,3,27,33,69,42,30,2
28408.png,7.0_5.0_8.0,12,99,118,208,109,106,3
28409.png,5.0,7,51,65,88,37,58,1
2841.png,3.0_4.0,1,17,19,30,13,18,2
28410.png,2.0_1.0_4.0,37,64,65,93,29,28,3
28411.png,1.0_10.0_9.0,1,18,19,40,22,18,3
28412.png,1.0_2.0_3.0,14,60,67,116,56,53,3
28413.png,3.0_9.0,4,41,54,101,60,50,2
28414.png,7.0,4,21,21,31,10,17,1
28415.png,1.0_10.0_10.0,1,18,15,43,25,14,3
28416.png,1.0_6.0,3,26,30,50,24,27,2
28417.png,2.0_10.0_7.0_9.0,1,14,13,42,28,12,4
28418.png,8.0_8.0,2,24,27,46,22,25,2
28419.png,5.0_3.0,2,22,24,39,17,22,2
2842.png,2.0,16,65,39,86,21,23,1
28420.png,1.0_10.0_1.0_3.0,4,34,51,101,67,47,4
28421.png,1.0_1.0_6.0,7,31,36,67,36,29,3
28422.png,7.0_5.0,4,19,25,42,23,21,2
28423.png,1.0_8.0_9.0,7,27,33,66,39,26,3
28424.png,9.0,4,21,25,34,13,21,1
28425.png,1.0_2.0_5.0,6,29,40,72,43,34,3
28426.png,5.0_4.0,5,29,36,59,30,31,2
28427.png,6.0_7.0,9,39,37,61,22,28,2
28428.png,6.0_9.0,4,41,51,81,40,47,2
28429.png,1.0_3.0_5.0,13,66,59,124,58,46,3
2843.png,10.0_8.0_10.0,12,68,62,108,40,50,3
28430.png,6.0,24,99,89,130,31,65,1
28431.png,5.0_5.0_2.0,17,68,68,138,70,51,3
28432.png,4.0,3,25,15,34,9,12,1
28433.png,2.0_8.0,10,55,66,120,65,56,2
28434.png,8.0_7.0,6,28,35,56,28,29,2
28435.png,3.0_3.0,5,36,48,87,51,43,2
28436.png,4.0,4,33,40,56,23,36,1
28437.png,1.0_1.0,15,62,56,93,31,41,2
28438.png,1.0_9.0_1.0,14,47,41,77,30,27,3
28439.png,6.0_1.0,11,82,80,137,55,69,2
2844.png,4.0_3.0,23,47,41,69,22,18,2
28440.png,1.0_5.0_6.0,21,53,40,82,29,19,3
28441.png,4.0_6.0,20,195,57,234,39,37,2
28442.png,2.0_3.0,6,26,35,52,26,29,2
28443.png,3.0_4.0,9,32,27,45,13,18,2
28444.png,9.0,27,109,90,130,21,63,1
28445.png,5.0_1.0,1,25,23,43,18,22,2
28446.png,6.0,8,53,36,65,12,28,1
28447.png,3.0_9.0,7,49,68,99,50,61,2
28448.png,3.0_9.0,1,27,36,59,32,35,2
28449.png,5.0_2.0,9,44,42,86,42,33,2
2845.png,5.0_7.0_9.0,5,23,26,54,31,21,3
28450.png,8.0_3.0_3.0_5.0,15,54,44,110,56,29,4
28451.png,5.0_1.0,1,27,35,62,35,34,2
28452.png,7.0_7.0,1,18,15,31,13,14,2
28453.png,2.0_8.0,16,72,65,115,43,49,2
28454.png,5.0_3.0_7.0,9,56,60,126,70,51,3
28455.png,3.0_1.0,1,23,24,44,21,23,2
28456.png,1.0_1.0_6.0,90,156,122,190,34,32,3
28457.png,6.0_7.0,16,38,35,56,18,19,2
28458.png,1.0_1.0,11,50,40,72,22,29,2
28459.png,3.0_9.0_4.0_10.0,11,48,40,92,44,29,4
2846.png,4.0_1.0,4,29,34,51,22,30,2
28460.png,4.0_1.0,8,53,61,91,38,53,2
28461.png,8.0,3,25,26,38,13,23,1
28462.png,3.0_3.0,2,31,40,70,39,38,2
28463.png,7.0_2.0,21,66,59,97,31,38,2
28464.png,1.0_3.0_5.0,10,57,48,84,27,38,3
28465.png,6.0_2.0,5,25,24,48,23,19,2
28466.png,2.0_1.0,4,20,25,35,15,21,2
28467.png,1.0_5.0_5.0_5.0,31,43,77,115,72,46,4
28468.png,1.0_10.0_8.0,8,30,38,61,31,30,3
28469.png,2.0_1.0,3,22,21,38,16,18,2
2847.png,2.0_10.0_7.0,10,33,28,51,18,18,3
28470.png,3.0_5.0_10.0,18,62,54,100,38,36,3
28471.png,9.0_10.0,13,70,54,109,39,41,2
28472.png,1.0_6.0,14,58,61,106,48,47,2
28473.png,2.0_10.0_2.0,13,47,41,72,25,28,3
28474.png,2.0_3.0,1,17,18,39,22,17,2
28475.png,1.0_10.0,17,0,99,76,76,82,2
28476.png,1.0_4.0,7,34,38,57,23,31,2
28477.png,2.0_7.0_8.0,2,21,27,49,28,25,3
28478.png,1.0,6,31,38,42,11,32,1
28479.png,1.0_3.0,2,26,34,53,27,32,2
2848.png,3.0_9.0,17,71,77,122,51,60,2
28480.png,9.0_4.0,36,63,63,88,25,27,2
28481.png,1.0_3.0_9.0_10.0,1,13,13,39,26,12,4
28482.png,1.0_5.0,15,57,68,104,47,53,2
28483.png,8.0_1.0,13,47,48,72,25,35,2
28484.png,4.0_1.0,6,40,49,82,42,43,2
28485.png,4.0_8.0_6.0,40,86,94,160,74,54,3
28486.png,4.0_3.0,1,18,24,33,15,23,2
28487.png,7.0_4.0,2,17,16,29,12,14,2
28488.png,9.0,7,39,55,65,26,48,1
28489.png,1.0_8.0,13,55,66,102,47,53,2
2849.png,1.0_5.0,10,63,71,100,37,61,2
28490.png,3.0,13,52,60,78,26,47,1
28491.png,4.0_4.0_8.0,22,10,53,54,44,31,3
28492.png,1.0_3.0,2,22,22,39,17,20,2
28493.png,9.0_6.0,8,38,43,69,31,35,2
28494.png,7.0_8.0_1.0,37,38,112,115,77,75,3
28495.png,3.0_5.0_3.0,2,26,30,58,32,28,3
28496.png,2.0_7.0_4.0_2.0,1,15,18,47,32,17,4
28497.png,3.0_8.0,2,26,32,61,35,30,2
28498.png,1.0_1.0_8.0_4.0,31,102,72,147,45,41,4
28499.png,1.0_4.0_9.0,7,37,42,90,53,35,3
285.png,6.0_1.0,11,45,44,64,19,33,2
2850.png,2.0_7.0,9,66,88,132,66,79,2
28500.png,2.0_8.0,3,26,32,49,23,29,2
28501.png,5.0_9.0,2,32,38,70,38,36,2
28502.png,5.0,9,49,64,76,27,55,1
28503.png,1.0_4.0,8,30,30,53,23,22,2
28504.png,1.0_7.0,31,92,79,136,44,48,2
28505.png,3.0_5.0,9,84,118,182,98,109,2
28506.png,2.0_4.0,8,32,37,51,19,29,2
28507.png,3.0_10.0,6,19,18,31,12,12,2
28508.png,6.0_8.0,2,18,16,32,14,14,2
28509.png,6.0_2.0,1,17,25,39,22,24,2
2851.png,7.0_9.0,8,49,47,103,54,39,2
28510.png,9.0,4,22,33,43,21,29,1
28511.png,1.0_6.0,7,22,22,32,10,15,2
28512.png,4.0_2.0_8.0,1,15,18,45,30,17,3
28513.png,1.0_3.0,21,0,59,23,23,38,2
28514.png,4.0_10.0,4,29,39,63,34,35,2
28515.png,2.0_2.0,7,37,38,66,29,31,2
28516.png,2.0_10.0,1,12,14,28,16,13,2
28517.png,9.0_10.0,4,33,43,61,28,39,2
28518.png,1.0_1.0,5,25,33,46,21,28,2
28519.png,6.0_7.0,6,56,64,94,38,58,2
2852.png,1.0_2.0_8.0,9,63,59,109,46,50,3
28520.png,3.0_2.0_8.0,10,36,43,64,28,33,3
28521.png,6.0_10.0,25,118,129,259,141,104,2
28522.png,1.0_2.0,5,58,67,96,38,62,2
28523.png,9.0_4.0,15,57,47,86,29,32,2
28524.png,4.0_2.0,6,32,37,51,19,31,2
28525.png,5.0_2.0,2,30,36,57,27,34,2
28526.png,9.0,11,46,58,68,22,47,1
28527.png,6.0_3.0,1,25,39,72,47,38,2
28528.png,1.0_5.0,3,25,31,50,25,28,2
28529.png,1.0,6,41,53,63,22,47,1
2853.png,6.0_3.0,1,22,30,41,19,29,2
28530.png,2.0_7.0,7,36,41,53,17,34,2
28531.png,3.0_1.0,31,64,68,95,31,37,2
28532.png,1.0_1.0,6,36,42,57,21,36,2
28533.png,4.0,20,93,116,165,72,96,1
28534.png,1.0_9.0,12,35,40,62,27,28,2
28535.png,3.0_1.0,17,52,38,69,17,21,2
28536.png,2.0_6.0_1.0,13,72,90,145,73,77,3
28537.png,2.0_2.0_8.0,65,102,110,165,63,45,3
28538.png,1.0_4.0_5.0,12,57,56,100,43,44,3
28539.png,1.0_6.0,4,29,36,56,27,32,2
2854.png,4.0_5.0,25,119,111,180,61,86,2
28540.png,2.0_9.0_1.0,14,89,41,120,31,27,3
28541.png,1.0_9.0,2,33,44,64,31,42,2
28542.png,4.0_3.0,1,26,31,45,19,30,2
28543.png,6.0_4.0,5,47,62,93,46,57,2
28544.png,1.0,5,29,33,43,14,28,1
28545.png,2.0_1.0_6.0,6,21,22,39,18,16,3
28546.png,4.0,3,21,18,34,13,15,1
28547.png,2.0_10.0_2.0,7,47,52,100,53,45,3
28548.png,3.0_8.0_10.0,26,92,67,145,53,41,3
28549.png,2.0_3.0,1,15,19,36,21,18,2
2855.png,2.0_1.0_3.0,8,43,37,83,40,29,3
28550.png,1.0_7.0,5,31,32,57,26,27,2
28551.png,2.0_5.0_1.0,16,67,60,134,67,44,3
28552.png,6.0_5.0,5,34,32,67,33,27,2
28553.png,2.0_8.0_6.0,28,109,68,147,38,40,3
28554.png,2.0_7.0_4.0_7.0,2,12,19,51,39,17,4
28555.png,2.0_3.0_6.0,12,52,41,88,36,29,3
28556.png,3.0_10.0,10,37,35,63,26,25,2
28557.png,3.0,6,29,32,40,11,26,1
28558.png,1.0_5.0_1.0,13,62,58,116,54,45,3
28559.png,3.0_5.0_6.0,22,80,51,118,38,29,3
2856.png,2.0_5.0,5,35,37,62,27,32,2
28560.png,3.0,4,25,29,36,11,25,1
28561.png,1.0_9.0,7,42,52,84,42,45,2
28562.png,1.0_3.0_10.0,4,27,33,53,26,29,3
28563.png,4.0_1.0,20,83,83,135,52,63,2
28564.png,6.0_8.0,8,32,29,61,29,21,2
28565.png,7.0_2.0,1,16,21,38,22,20,2
28566.png,2.0_7.0,7,42,38,68,26,31,2
28567.png,2.0_8.0_10.0,1,25,39,76,51,38,3
28568.png,1.0_10.0,9,44,36,68,24,27,2
28569.png,6.0,3,71,97,114,43,94,1
2857.png,9.0_1.0,5,25,30,48,23,25,2
28570.png,2.0_6.0_4.0_9.0,1,13,19,46,33,18,4
28571.png,1.0_6.0_8.0,1,15,19,34,19,18,3
28572.png,5.0_6.0,3,26,34,56,30,31,2
28573.png,8.0_7.0,17,42,49,70,28,32,2
28574.png,1.0_4.0,18,57,46,80,23,28,2
28575.png,1.0_4.0_4.0,17,65,65,102,37,48,3
28576.png,3.0_5.0,5,37,47,66,29,42,2
28577.png,3.0_9.0_6.0,1,51,70,154,103,69,3
28578.png,1.0_3.0,1,24,34,58,34,33,2
28579.png,1.0,8,47,52,62,15,44,1
2858.png,5.0_6.0,1,14,16,28,14,15,2
28580.png,6.0,4,35,34,48,13,30,1
28581.png,2.0_4.0,1,21,27,54,33,26,2
28582.png,2.0_6.0_6.0,3,35,38,60,25,35,3
28583.png,4.0_6.0_6.0,12,61,49,111,50,37,3
28584.png,3.0_2.0_6.0,1,21,26,56,35,25,3
28585.png,4.0_6.0,3,49,62,96,47,59,2
28586.png,2.0,19,70,46,90,20,27,1
28587.png,6.0_7.0,1,22,22,38,16,21,2
28588.png,2.0,4,21,18,30,9,14,1
28589.png,5.0_10.0,12,48,48,89,41,36,2
2859.png,1.0_10.0,10,39,35,65,26,25,2
28590.png,1.0_4.0_3.0,12,55,40,83,28,28,3
28591.png,1.0_10.0,8,33,26,47,14,18,2
28592.png,2.0_5.0,10,54,66,105,51,56,2
28593.png,1.0_4.0_1.0,14,47,34,70,23,20,3
28594.png,2.0_5.0_8.0,2,23,29,61,38,27,3
28595.png,2.0_2.0_1.0,7,34,34,64,30,27,3
28596.png,3.0_9.0,5,44,56,83,39,51,2
28597.png,4.0_8.0,1,46,72,115,69,71,2
28598.png,2.0_2.0,7,51,66,94,43,59,2
28599.png,3.0_5.0_3.0,28,94,97,200,106,69,3
286.png,1.0_3.0,14,57,53,92,35,39,2
2860.png,9.0_9.0,4,24,28,38,14,24,2
28600.png,1.0_4.0_1.0,5,27,21,48,21,16,3
28601.png,3.0_5.0_8.0,7,42,44,77,35,37,3
28602.png,4.0,3,36,47,61,25,44,1
28603.png,2.0_2.0,14,53,58,115,62,44,2
28604.png,1.0_1.0_3.0,6,38,53,71,33,47,3
28605.png,3.0_4.0,5,26,29,50,24,24,2
28606.png,4.0_6.0,5,39,51,87,48,46,2
28607.png,3.0,6,34,37,52,18,31,1
28608.png,7.0_3.0,12,93,112,198,105,100,2
28609.png,9.0_8.0,16,50,43,76,26,27,2
2861.png,2.0_10.0,8,51,60,115,64,52,2
28610.png,1.0_4.0_1.0,17,83,83,135,52,66,3
28611.png,3.0_7.0_8.0,21,101,93,186,85,72,3
28612.png,2.0_5.0_1.0,0,15,17,33,18,17,3
28613.png,2.0_4.0,12,52,50,89,37,38,2
28614.png,2.0_8.0,3,22,27,54,32,24,2
28615.png,4.0_3.0,8,58,60,104,46,52,2
28616.png,3.0_5.0_2.0,11,58,62,136,78,51,3
28617.png,1.0_7.0_3.0,1,18,26,52,34,25,3
28618.png,5.0_6.0,1,35,55,83,48,54,2
28619.png,5.0,12,44,46,60,16,34,1
2862.png,4.0_5.0,6,35,34,63,28,28,2
28620.png,3.0_2.0_10.0_3.0,5,30,45,103,73,40,4
28621.png,6.0_1.0_1.0,16,58,58,108,50,42,3
28622.png,3.0_10.0,4,19,20,30,11,16,2
28623.png,1.0_1.0_6.0,18,83,90,151,68,72,3
28624.png,3.0_4.0,1,18,25,45,27,24,2
28625.png,1.0_7.0,15,78,81,123,45,66,2
28626.png,6.0_2.0,1,20,24,46,26,23,2
28627.png,9.0,7,31,33,48,17,26,1
28628.png,2.0_3.0,4,37,50,75,38,46,2
28629.png,1.0_5.0_9.0,14,95,118,153,58,104,3
2863.png,3.0_6.0_7.0,5,80,66,135,55,61,3
28630.png,6.0_1.0_10.0,21,90,81,154,64,60,3
28631.png,4.0_5.0_10.0,10,32,32,60,28,22,3
28632.png,3.0_7.0,7,38,40,66,28,33,2
28633.png,1.0_3.0_2.0,3,6,23,26,20,20,3
28634.png,1.0_10.0_2.0,8,22,26,40,18,18,3
28635.png,6.0_4.0,8,35,37,74,39,29,2
28636.png,1.0_10.0_5.0,78,166,111,210,44,33,3
28637.png,4.0_1.0,14,60,53,92,32,39,2
28638.png,2.0_8.0_9.0,3,28,36,67,39,33,3
28639.png,5.0_7.0,5,20,26,35,15,21,2
2864.png,3.0_2.0_1.0,72,207,103,239,32,31,3
28640.png,3.0_6.0,11,33,28,53,20,17,2
28641.png,1.0_5.0_8.0_1.0,84,96,142,160,64,58,4
28642.png,7.0_7.0_7.0,8,54,68,147,93,60,3
28643.png,3.0,10,53,70,89,36,60,1
28644.png,3.0_10.0_5.0,68,107,122,160,53,54,3
28645.png,1.0_5.0_9.0,3,18,20,48,30,17,3
28646.png,3.0_5.0,7,66,76,134,68,69,2
28647.png,2.0_9.0,13,41,33,58,17,20,2
28648.png,1.0_10.0,3,18,25,32,14,22,2
28649.png,7.0,6,27,32,39,12,26,1
2865.png,1.0_4.0,8,32,38,55,23,30,2
28650.png,1.0_3.0,2,15,15,29,14,13,2
28651.png,9.0_5.0_1.0,12,62,49,123,61,37,3
28652.png,1.0_3.0_9.0_9.0,20,84,75,180,96,55,4
28653.png,1.0_7.0,1,25,30,44,19,29,2
28654.png,7.0_9.0,5,33,45,78,45,40,2
28655.png,3.0_7.0,7,40,45,58,18,38,2
28656.png,2.0_10.0,6,25,23,39,14,17,2
28657.png,1.0_1.0_8.0,7,33,33,76,43,26,3
28658.png,7.0_6.0,6,25,21,46,21,15,2
28659.png,1.0_2.0_3.0,4,27,28,64,37,24,3
2866.png,9.0,1,18,20,26,8,19,1
28660.png,6.0_6.0,12,58,56,105,47,44,2
28661.png,8.0_7.0,2,29,32,51,22,30,2
28662.png,2.0,2,24,30,41,17,28,1
28663.png,1.0_3.0,2,31,36,57,26,34,2
28664.png,4.0,9,45,46,65,20,37,1
28665.png,4.0_2.0,7,45,56,84,39,49,2
28666.png,8.0_4.0,4,58,69,152,94,65,2
28667.png,4.0_9.0,2,24,25,43,19,23,2
28668.png,3.0_8.0,11,54,66,101,47,55,2
28669.png,7.0,1,23,34,41,18,33,1
2867.png,4.0_1.0,3,37,46,69,32,43,2
28670.png,7.0_2.0,8,39,42,57,18,34,2
28671.png,1.0_5.0_2.0,3,25,26,58,33,23,3
28672.png,2.0,5,43,41,63,20,36,1
28673.png,6.0_5.0_9.0,1,52,63,108,56,62,3
28674.png,7.0,8,47,36,62,15,28,1
28675.png,2.0_1.0,10,26,27,45,19,17,2
28676.png,8.0_2.0,1,18,26,43,25,25,2
28677.png,1.0_1.0_2.0,18,57,43,85,28,25,3
28678.png,5.0_7.0,12,60,62,94,34,50,2
28679.png,6.0_1.0,2,35,40,63,28,38,2
2868.png,2.0_8.0,4,38,40,76,38,36,2
28680.png,7.0_2.0,27,93,62,130,37,35,2
28681.png,1.0_3.0,3,37,52,80,43,49,2
28682.png,2.0_9.0_7.0,9,41,39,89,48,30,3
28683.png,2.0_10.0,2,22,21,43,21,19,2
28684.png,1.0_1.0_5.0,1,40,42,73,33,41,3
28685.png,8.0_7.0,5,29,34,58,29,29,2
28686.png,8.0_10.0,11,88,75,126,38,64,2
28687.png,4.0_9.0,4,31,39,54,23,35,2
28688.png,5.0_8.0_6.0,1,17,22,41,24,21,3
28689.png,5.0_5.0,7,33,34,61,28,27,2
2869.png,3.0_4.0,2,25,19,46,21,17,2
28690.png,2.0,8,34,43,58,24,35,1
28691.png,7.0_1.0,1,22,25,44,22,24,2
28692.png,2.0_1.0,11,41,48,77,36,37,2
28693.png,4.0,4,23,24,38,15,20,1
28694.png,1.0_2.0_5.0,4,36,46,91,55,42,3
28695.png,5.0_5.0_1.0,1,31,36,67,36,35,3
28696.png,3.0_3.0,5,17,18,29,12,13,2
28697.png,4.0_4.0,1,20,22,37,17,21,2
28698.png,9.0_5.0,11,61,69,128,67,58,2
28699.png,2.0_5.0,10,69,80,132,63,70,2
287.png,4.0_1.0,8,41,46,70,29,38,2
2870.png,1.0_4.0,2,27,31,46,19,29,2
28700.png,8.0,3,27,29,38,11,26,1
28701.png,6.0_4.0,4,25,19,40,15,15,2
28702.png,8.0_7.0,13,49,46,95,46,33,2
28703.png,1.0_8.0,6,46,61,94,48,55,2
28704.png,1.0_3.0_5.0,30,65,55,95,30,25,3
28705.png,6.0_1.0_7.0,19,60,53,104,44,34,3
28706.png,1.0_4.0_5.0_9.0,3,28,34,73,45,31,4
28707.png,5.0_4.0_5.0,13,91,49,124,33,36,3
28708.png,2.0_8.0,4,47,67,126,79,63,2
28709.png,1.0_10.0,3,43,32,65,22,29,2
2871.png,3.0_3.0_4.0,11,66,79,157,91,68,3
28710.png,1.0,2,29,31,45,16,29,1
28711.png,2.0_3.0_4.0,23,99,81,178,79,58,3
28712.png,1.0_7.0,6,37,40,50,13,34,2
28713.png,2.0_7.0,4,28,31,49,21,27,2
28714.png,2.0_7.0_4.0_10.0,1,21,28,104,83,27,4
28715.png,2.0,4,32,28,46,14,24,1
28716.png,8.0,5,25,19,31,6,14,1
28717.png,2.0_1.0,5,32,40,63,31,35,2
28718.png,2.0_3.0_5.0,3,26,29,69,43,26,3
28719.png,2.0_5.0,6,40,49,68,28,43,2
2872.png,4.0_2.0,8,55,63,111,56,55,2
28720.png,6.0_5.0_9.0,13,49,50,110,61,37,3
28721.png,1.0_7.0_4.0,6,33,38,92,59,32,3
28722.png,2.0_9.0,6,32,32,61,29,26,2
28723.png,7.0_10.0,13,35,36,67,32,23,2
28724.png,3.0_1.0,2,24,28,41,17,26,2
28725.png,10.0,6,83,54,112,29,48,1
28726.png,2.0_2.0,26,86,74,128,42,48,2
28727.png,1.0_1.0_3.0,2,22,21,37,15,19,3
28728.png,7.0_4.0_6.0,1,15,18,38,23,17,3
28729.png,2.0_2.0,11,45,55,93,48,44,2
2873.png,1.0_7.0_5.0,14,41,37,68,27,23,3
28730.png,1.0_2.0,2,40,53,68,28,51,2
28731.png,1.0_2.0,12,79,90,136,57,78,2
28732.png,6.0_3.0,8,104,128,224,120,120,2
28733.png,7.0_7.0,1,23,29,50,27,28,2
28734.png,9.0,1,20,23,33,13,22,1
28735.png,9.0_7.0,12,40,30,66,26,18,2
28736.png,5.0_7.0,4,26,26,43,17,22,2
28737.png,1.0_8.0,1,16,17,32,16,16,2
28738.png,8.0,6,25,32,41,16,26,1
28739.png,2.0_2.0,2,26,32,53,27,30,2
2874.png,1.0_9.0,2,22,26,39,17,24,2
28740.png,1.0_10.0_1.0,17,68,73,130,62,56,3
28741.png,3.0_5.0_7.0,34,187,124,320,133,90,3
28742.png,5.0,4,22,23,33,11,19,1
28743.png,4.0_10.0,12,77,97,165,88,85,2
28744.png,3.0_7.0_1.0,14,54,35,87,33,21,3
28745.png,1.0,1,19,17,28,9,16,1
28746.png,8.0,20,94,89,121,27,69,1
28747.png,8.0_5.0_10.0,32,130,68,176,46,36,3
28748.png,8.0,1,17,13,25,8,12,1
28749.png,2.0_5.0_6.0_3.0,9,45,46,88,43,37,4
2875.png,1.0_6.0,12,48,62,117,69,50,2
28750.png,2.0_1.0,8,34,30,51,17,22,2
28751.png,5.0_6.0_1.0,18,61,49,101,40,31,3
28752.png,2.0_7.0_5.0,4,16,22,35,19,18,3
28753.png,2.0_2.0,7,38,30,58,20,23,2
28754.png,3.0,3,53,40,85,32,37,1
28755.png,2.0,33,66,63,88,22,30,1
28756.png,3.0_10.0,10,11,50,57,46,40,2
28757.png,1.0,2,25,30,36,11,28,1
28758.png,1.0_7.0,4,29,37,65,36,33,2
28759.png,9.0,8,46,45,68,22,37,1
2876.png,1.0_8.0_3.0,4,27,33,74,47,29,3
28760.png,2.0_2.0,9,32,37,45,13,28,2
28761.png,1.0_10.0_8.0,6,47,58,123,76,52,3
28762.png,3.0_1.0,8,50,79,130,80,71,2
28763.png,9.0_4.0_7.0,18,69,52,118,49,34,3
28764.png,1.0_10.0_5.0,6,32,25,58,26,19,3
28765.png,2.0,8,79,48,98,19,40,1
28766.png,2.0_10.0,6,33,42,54,21,36,2
28767.png,2.0_5.0_6.0,7,36,54,89,53,47,3
28768.png,4.0_1.0,2,21,23,34,13,21,2
28769.png,1.0_8.0,7,44,49,90,46,42,2
2877.png,6.0_7.0,8,56,70,108,52,62,2
28770.png,4.0,14,91,90,133,42,76,1
28771.png,2.0_1.0,13,51,63,89,38,50,2
28772.png,4.0_4.0,5,31,31,51,20,26,2
28773.png,1.0_2.0_6.0,14,48,35,74,26,21,3
28774.png,9.0,8,45,49,74,29,41,1
28775.png,6.0_7.0,2,25,23,44,19,21,2
28776.png,1.0_7.0,23,122,138,223,101,115,2
28777.png,2.0_7.0,4,28,31,60,32,27,2
28778.png,7.0_5.0,6,40,49,92,52,43,2
28779.png,1.0_3.0,6,38,46,69,31,40,2
2878.png,5.0_10.0,5,39,18,56,17,13,2
28780.png,4.0_6.0,7,50,48,82,32,41,2
28781.png,2.0_8.0_9.0,16,61,46,105,44,30,3
28782.png,5.0_3.0,5,31,34,54,23,29,2
28783.png,3.0_8.0_10.0,12,52,50,90,38,38,3
28784.png,3.0_6.0_9.0,21,71,67,143,72,46,3
28785.png,2.0,6,35,30,44,9,24,1
28786.png,2.0_10.0,16,64,64,108,44,48,2
28787.png,3.0_9.0,8,31,35,59,28,27,2
28788.png,4.0_2.0,4,17,23,29,12,19,2
28789.png,5.0_8.0,2,18,21,34,16,19,2
2879.png,4.0_6.0,72,58,107,96,38,35,2
28790.png,2.0_2.0,25,110,84,155,45,59,2
28791.png,3.0_1.0,5,36,40,70,34,35,2
28792.png,8.0_1.0,5,39,41,59,20,36,2
28793.png,7.0_6.0_10.0,34,251,87,324,73,53,3
28794.png,6.0_6.0,23,77,50,103,26,27,2
28795.png,2.0_7.0_6.0,17,118,61,163,45,44,3
28796.png,1.0_7.0_3.0_10.0,1,18,22,48,30,21,4
28797.png,2.0_7.0,6,40,46,77,37,40,2
28798.png,1.0_5.0,10,0,93,59,59,83,2
28799.png,2.0_2.0,4,23,24,47,24,20,2
288.png,2.0_9.0_2.0,24,90,61,151,61,37,3
2880.png,4.0_7.0,25,119,145,237,118,120,2
28800.png,9.0_3.0_1.0,25,99,78,144,45,53,3
28801.png,1.0_5.0,17,52,44,80,28,27,2
28802.png,4.0,5,14,39,33,19,34,1
28803.png,2.0_5.0_5.0,20,85,66,136,51,46,3
28804.png,2.0_10.0_8.0_3.0,1,28,40,116,88,39,4
28805.png,2.0_10.0_2.0,20,58,45,98,40,25,3
28806.png,3.0_10.0,13,66,44,96,30,31,2
28807.png,7.0_2.0,45,126,95,164,38,50,2
28808.png,3.0_10.0,10,41,39,80,39,29,2
28809.png,9.0,16,94,103,121,27,87,1
2881.png,6.0_7.0,3,34,40,67,33,37,2
28810.png,1.0_10.0_4.0,8,29,27,60,31,19,3
28811.png,1.0,13,58,56,77,19,43,1
28812.png,1.0_4.0_8.0_10.0,21,69,51,112,43,30,4
28813.png,3.0_8.0,1,20,21,39,19,20,2
28814.png,4.0,9,73,58,98,25,49,1
28815.png,1.0_5.0_10.0,1,10,14,33,23,13,3
28816.png,5.0_4.0,5,26,29,47,21,24,2
28817.png,1.0_9.0_1.0,4,27,31,57,30,27,3
28818.png,2.0_1.0,18,0,55,26,26,37,2
28819.png,8.0_5.0_7.0,103,175,171,253,78,68,3
2882.png,1.0,29,46,52,58,12,23,1
28820.png,5.0_1.0,6,59,67,96,37,61,2
28821.png,2.0_4.0_7.0,16,75,90,165,90,74,3
28822.png,4.0_8.0,9,39,46,67,28,37,2
28823.png,6.0,8,64,66,94,30,58,1
28824.png,2.0,2,13,15,22,9,13,1
28825.png,1.0_4.0,3,23,31,48,25,28,2
28826.png,2.0_4.0,1,12,13,23,11,12,2
28827.png,2.0_6.0_9.0,2,23,28,61,38,26,3
28828.png,2.0,4,33,32,51,18,28,1
28829.png,9.0_7.0,6,35,43,73,38,37,2
2883.png,1.0_10.0,9,31,37,59,28,28,2
28830.png,1.0_2.0_1.0,7,31,37,58,27,30,3
28831.png,1.0_6.0_1.0,14,77,62,121,44,48,3
28832.png,2.0_1.0,1,30,43,51,21,42,2
28833.png,3.0,14,54,39,62,8,25,1
28834.png,2.0,2,17,27,35,18,25,1
28835.png,1.0_8.0_6.0,40,96,82,149,53,42,3
28836.png,7.0_9.0,4,26,28,47,21,24,2
28837.png,9.0,7,48,58,72,24,51,1
28838.png,1.0_7.0,9,36,40,58,22,31,2
28839.png,2.0_2.0_9.0_4.0,2,15,20,56,41,18,4
2884.png,5.0_1.0_10.0,20,125,148,267,142,128,3
28840.png,6.0_6.0,7,23,23,42,19,16,2
28841.png,4.0_2.0_2.0_7.0,2,18,16,43,25,14,4
28842.png,6.0_10.0,6,65,81,124,59,75,2
28843.png,7.0_2.0,3,22,28,42,20,25,2
28844.png,4.0_8.0,3,18,17,37,19,14,2
28845.png,2.0_3.0,6,30,33,48,18,27,2
28846.png,6.0_10.0_2.0,28,148,68,192,44,40,3
28847.png,2.0_5.0,11,39,38,69,30,27,2
28848.png,1.0_5.0,21,86,77,120,34,56,2
28849.png,4.0_9.0,6,26,30,57,31,24,2
2885.png,1.0_2.0_6.0,9,45,47,68,23,38,3
28850.png,3.0_1.0,34,0,218,138,138,184,2
28851.png,7.0_1.0,3,21,20,38,17,17,2
28852.png,4.0_9.0,2,13,16,27,14,14,2
28853.png,1.0_3.0_1.0,1,34,54,115,81,53,3
28854.png,2.0_1.0_4.0,5,27,28,60,33,23,3
28855.png,3.0_9.0,1,19,21,36,17,20,2
28856.png,7.0_5.0,13,42,38,65,23,25,2
28857.png,5.0,17,87,73,111,24,56,1
28858.png,4.0,5,33,36,49,16,31,1
28859.png,3.0_9.0_4.0,15,66,61,125,59,46,3
2886.png,3.0,11,56,66,81,25,55,1
28860.png,1.0_8.0,6,44,57,91,47,51,2
28861.png,7.0_8.0,2,26,19,41,15,17,2
28862.png,3.0_5.0,3,56,66,112,56,63,2
28863.png,1.0_3.0,8,40,42,67,27,34,2
28864.png,5.0_1.0,23,106,121,199,93,98,2
28865.png,8.0,14,58,58,79,21,44,1
28866.png,5.0_1.0_1.0,1,17,23,35,18,22,3
28867.png,8.0_2.0,18,85,101,182,97,83,2
28868.png,1.0_10.0_3.0,2,29,40,84,55,38,3
28869.png,8.0_5.0,6,14,35,47,33,29,2
2887.png,3.0_5.0,3,25,29,49,24,26,2
28870.png,2.0,9,34,37,47,13,28,1
28871.png,1.0_2.0,8,43,37,63,20,29,2
28872.png,1.0_10.0_3.0,30,87,64,122,35,34,3
28873.png,6.0,4,20,29,38,18,25,1
28874.png,2.0_1.0_10.0,38,131,93,225,94,55,3
28875.png,3.0_5.0,4,28,32,51,23,28,2
28876.png,1.0_3.0,5,44,48,69,25,43,2
28877.png,2.0_2.0,10,34,39,61,27,29,2
28878.png,3.0_1.0,9,39,40,67,28,31,2
28879.png,5.0,1,19,24,34,15,23,1
2888.png,3.0_5.0,10,59,70,123,64,60,2
28880.png,7.0_4.0,7,26,39,61,35,32,2
28881.png,1.0_6.0,3,32,38,67,35,35,2
28882.png,1.0_4.0_10.0,1,29,32,57,28,31,3
28883.png,3.0_7.0,8,34,39,48,14,31,2
28884.png,8.0_5.0,24,80,78,134,54,54,2
28885.png,3.0_4.0,5,36,41,60,24,36,2
28886.png,7.0_6.0,3,20,20,35,15,17,2
28887.png,7.0_4.0,17,67,47,98,31,30,2
28888.png,1.0_6.0,10,76,79,123,47,69,2
28889.png,5.0_2.0_10.0,21,72,49,113,41,28,3
2889.png,3.0_3.0_8.0,8,44,37,93,49,29,3
28890.png,8.0_4.0,5,22,22,38,16,17,2
28891.png,5.0,19,1,70,28,27,51,1
28892.png,1.0_4.0_8.0,4,36,44,87,51,40,3
28893.png,3.0,1,14,17,19,5,16,1
28894.png,2.0_5.0,2,30,37,65,35,35,2
28895.png,9.0,4,14,15,18,4,11,1
28896.png,2.0_1.0,3,59,76,111,52,73,2
28897.png,2.0_10.0,10,59,74,152,93,64,2
28898.png,4.0_1.0,5,30,36,53,23,31,2
28899.png,4.0_7.0,74,134,142,212,78,68,2
289.png,1.0_1.0,16,49,47,64,15,31,2
2890.png,5.0,4,29,34,53,24,30,1
28900.png,6.0,10,45,33,61,16,23,1
28901.png,3.0_6.0_1.0,10,74,77,135,61,67,3
28902.png,3.0_1.0,1,20,23,35,15,22,2
28903.png,9.0_4.0,1,12,15,28,16,14,2
28904.png,7.0_1.0,19,74,71,124,50,52,2
28905.png,4.0_3.0,10,55,50,105,50,40,2
28906.png,1.0_10.0_9.0,9,32,64,65,33,55,3
28907.png,7.0_9.0,8,36,27,51,15,19,2
28908.png,3.0_5.0_2.0_10.0,21,90,86,173,83,65,4
28909.png,2.0_2.0_6.0,4,19,19,39,20,15,3
2891.png,4.0,4,46,44,59,13,40,1
28910.png,4.0,7,50,54,71,21,47,1
28911.png,4.0_4.0,1,53,69,138,85,68,2
28912.png,7.0_7.0,10,48,48,77,29,38,2
28913.png,3.0_2.0,20,84,80,158,74,60,2
28914.png,9.0_3.0,4,29,36,52,23,32,2
28915.png,3.0_1.0_2.0,38,169,174,262,93,136,3
28916.png,3.0_5.0_1.0,11,146,56,191,45,45,3
28917.png,1.0_2.0_7.0,7,31,34,62,31,27,3
28918.png,2.0_10.0_10.0,10,35,39,84,49,29,3
28919.png,1.0_2.0,2,16,16,26,10,14,2
2892.png,4.0_6.0,2,24,26,53,29,24,2
28920.png,2.0_2.0,15,73,67,144,71,52,2
28921.png,1.0_1.0,1,16,17,32,16,16,2
28922.png,3.0_5.0_1.0,5,27,24,44,17,19,3
28923.png,3.0_5.0,8,44,51,79,35,43,2
28924.png,1.0_5.0,1,17,19,32,15,18,2
28925.png,3.0_8.0_5.0,28,69,63,103,34,35,3
28926.png,1.0,1,14,12,20,6,11,1
28927.png,1.0_1.0_9.0,2,29,28,53,24,26,3
28928.png,7.0,15,18,89,50,32,74,1
28929.png,2.0_1.0_5.0_4.0,1,18,15,57,39,14,4
2893.png,3.0,2,17,20,28,11,18,1
28930.png,2.0_4.0,14,38,37,63,25,23,2
28931.png,4.0_6.0,2,37,39,66,29,37,2
28932.png,3.0_1.0_5.0,10,38,38,72,34,28,3
28933.png,1.0_1.0,5,34,39,54,20,34,2
28934.png,3.0_2.0,4,32,33,50,18,29,2
28935.png,5.0_9.0_6.0,45,135,114,203,68,69,3
28936.png,1.0_2.0,1,40,59,98,58,58,2
28937.png,7.0_7.0,53,197,80,227,30,27,2
28938.png,2.0_3.0,4,20,27,39,19,23,2
28939.png,5.0_1.0,7,29,31,46,17,24,2
2894.png,1.0_6.0_1.0,1,17,19,36,19,18,3
28940.png,3.0_10.0,8,37,43,78,41,35,2
28941.png,2.0_2.0_10.0,0,136,62,149,13,62,3
28942.png,4.0_5.0,57,115,99,156,41,42,2
28943.png,4.0_1.0,2,22,28,41,19,26,2
28944.png,5.0,5,32,39,54,22,34,1
28945.png,5.0,13,77,66,105,28,53,1
28946.png,1.0_6.0_10.0,19,76,67,134,58,48,3
28947.png,5.0_4.0_4.0,40,178,110,270,92,70,3
28948.png,2.0_3.0_2.0,4,32,40,91,59,36,3
28949.png,2.0_4.0_3.0_10.0,2,19,18,66,47,16,4
2895.png,6.0,12,64,72,105,41,60,1
28950.png,6.0,5,25,30,41,16,25,1
28951.png,10.0,21,66,55,93,27,34,1
28952.png,1.0_2.0_2.0,7,31,36,67,36,29,3
28953.png,2.0_6.0,20,50,48,83,33,28,2
28954.png,1.0_2.0,21,142,111,221,79,90,2
28955.png,8.0_1.0,4,32,41,68,36,37,2
28956.png,1.0_1.0,1,24,24,39,15,23,2
28957.png,1.0_3.0,1,19,19,35,16,18,2
28958.png,2.0_1.0,81,216,125,248,32,44,2
28959.png,1.0_10.0_4.0_2.0,1,71,80,167,96,79,4
2896.png,1.0_2.0_4.0,2,17,16,35,18,14,3
28960.png,2.0_3.0_3.0_10.0,4,22,17,46,24,13,4
28961.png,3.0_1.0,9,45,43,72,27,34,2
28962.png,1.0_7.0,5,33,41,61,28,36,2
28963.png,7.0_4.0,1,41,47,90,49,46,2
28964.png,1.0_2.0_8.0,11,50,70,90,40,59,3
28965.png,8.0_1.0_2.0,9,58,42,110,52,33,3
28966.png,3.0_6.0,7,42,42,68,26,35,2
28967.png,1.0_4.0_8.0,17,75,61,123,48,44,3
28968.png,1.0_1.0_10.0_10.0,21,78,47,121,43,26,4
28969.png,5.0,6,50,50,74,24,44,1
2897.png,7.0_7.0,16,87,94,158,71,78,2
28970.png,3.0_3.0,6,37,39,60,23,33,2
28971.png,6.0_9.0,7,46,56,83,37,49,2
28972.png,4.0_2.0,8,59,57,110,51,49,2
28973.png,9.0_4.0,13,50,51,105,55,38,2
28974.png,9.0_6.0,3,32,31,52,20,28,2
28975.png,3.0,4,58,35,73,15,31,1
28976.png,1.0_3.0_2.0,5,30,33,56,26,28,3
28977.png,7.0_6.0_3.0,10,37,27,66,29,17,3
28978.png,4.0_1.0_6.0_3.0,1,14,18,42,28,17,4
28979.png,2.0_4.0_10.0,2,18,20,47,29,18,3
2898.png,1.0_10.0_1.0,4,24,26,47,23,22,3
28980.png,2.0_7.0,1,34,47,84,50,46,2
28981.png,5.0_1.0,6,39,46,65,26,40,2
28982.png,5.0_5.0_8.0,14,63,63,113,50,49,3
28983.png,1.0_2.0,4,29,34,59,30,30,2
28984.png,1.0_5.0,6,32,34,61,29,28,2
28985.png,1.0_2.0_7.0,1,19,25,40,21,24,3
28986.png,2.0_3.0,5,23,27,49,26,22,2
28987.png,9.0_1.0,7,39,43,67,28,36,2
28988.png,8.0_6.0,3,28,36,63,35,33,2
28989.png,3.0_3.0,1,17,18,34,17,17,2
2899.png,3.0_1.0,5,33,48,79,46,43,2
28990.png,5.0_2.0,5,43,52,98,55,47,2
28991.png,1.0_10.0,9,47,57,89,42,48,2
28992.png,8.0_6.0,7,36,32,57,21,25,2
28993.png,5.0,2,90,58,118,28,56,1
28994.png,3.0,11,54,58,77,23,47,1
28995.png,4.0,5,25,25,40,15,20,1
28996.png,3.0_9.0,8,27,24,43,16,16,2
28997.png,5.0_5.0,15,66,83,141,75,68,2
28998.png,1.0_7.0_5.0_8.0,1,18,17,54,36,16,4
28999.png,7.0_7.0,1,23,27,44,21,26,2
29.png,1.0_3.0_2.0,13,43,32,71,28,19,3
290.png,1.0_1.0,17,74,64,109,35,47,2
2900.png,6.0_8.0,13,71,72,110,39,59,2
29000.png,1.0_10.0_5.0_10.0,14,50,34,79,29,20,4
29001.png,2.0_4.0_6.0,1,12,16,35,23,15,3
29002.png,4.0_10.0,3,61,56,85,24,53,2
29003.png,4.0_2.0,5,20,26,32,12,21,2
29004.png,3.0_9.0_2.0,16,130,108,217,87,92,3
29005.png,1.0_4.0_6.0,1,23,25,59,36,24,3
29006.png,1.0_8.0_4.0,18,67,57,115,48,39,3
29007.png,1.0_5.0,5,30,33,60,30,28,2
29008.png,3.0_9.0_5.0,13,62,67,110,48,54,3
29009.png,2.0_3.0_1.0_8.0,1,16,22,75,59,21,4
2901.png,4.0_1.0,2,24,25,46,22,23,2
29010.png,6.0_2.0,10,50,55,101,51,45,2
29011.png,4.0_9.0,52,107,95,152,45,43,2
29012.png,7.0_5.0,28,190,96,264,74,68,2
29013.png,1.0_1.0_7.0,2,18,20,36,18,18,3
29014.png,7.0_10.0,8,27,34,49,22,26,2
29015.png,7.0,9,65,61,87,22,52,1
29016.png,1.0_5.0,1,15,18,31,16,17,2
29017.png,3.0_4.0,7,57,75,124,67,68,2
29018.png,6.0_3.0,3,40,48,85,45,45,2
29019.png,5.0_6.0,11,47,33,68,21,22,2
2902.png,2.0,3,52,47,74,22,44,1
29020.png,8.0_8.0,6,20,22,38,18,16,2
29021.png,2.0_3.0,7,52,69,111,59,62,2
29022.png,3.0_7.0,5,59,72,135,76,67,2
29023.png,7.0_8.0,7,35,35,59,24,28,2
29024.png,2.0_10.0_1.0_10.0,18,44,68,90,46,50,4
29025.png,7.0_3.0_5.0,7,40,52,101,61,45,3
29026.png,2.0,7,34,35,51,17,28,1
29027.png,6.0_6.0,4,39,49,84,45,45,2
29028.png,2.0_8.0,10,47,38,82,35,28,2
29029.png,1.0_5.0_10.0,10,71,31,96,25,21,3
2903.png,5.0_8.0,4,25,22,38,13,18,2
29030.png,5.0_10.0,17,83,89,170,87,72,2
29031.png,1.0_10.0,11,36,43,75,39,32,2
29032.png,1.0_5.0,22,72,73,115,43,51,2
29033.png,2.0_2.0,20,122,64,153,31,44,2
29034.png,6.0,1,24,26,35,11,25,1
29035.png,1.0_6.0,9,40,39,63,23,30,2
29036.png,2.0_4.0,8,28,24,45,17,16,2
29037.png,3.0_3.0,6,21,26,43,22,20,2
29038.png,3.0_9.0_4.0,54,137,85,182,45,31,3
29039.png,1.0_9.0_5.0,29,93,70,196,103,41,3
2904.png,1.0_8.0_3.0,17,75,57,119,44,40,3
29040.png,3.0_3.0_7.0,6,36,34,85,49,28,3
29041.png,4.0_8.0_3.0,32,115,94,174,59,62,3
29042.png,3.0_9.0,9,30,34,59,29,25,2
29043.png,2.0_1.0_6.0,4,39,47,84,45,43,3
29044.png,5.0_4.0,6,21,19,38,17,13,2
29045.png,4.0_1.0,3,23,27,39,16,24,2
29046.png,2.0_2.0,10,52,47,100,48,37,2
29047.png,1.0,6,22,22,30,8,16,1
29048.png,4.0_2.0,5,38,45,73,35,40,2
29049.png,3.0_2.0_8.0,33,247,73,293,46,40,3
2905.png,1.0_5.0_5.0,5,29,35,62,33,30,3
29050.png,2.0_1.0_1.0,22,73,53,114,41,31,3
29051.png,8.0_7.0,4,19,16,27,8,12,2
29052.png,3.0_5.0,6,41,45,78,37,39,2
29053.png,3.0_8.0,4,31,33,82,51,29,2
29054.png,8.0,2,31,43,54,23,41,1
29055.png,3.0_1.0,1,37,39,73,36,38,2
29056.png,1.0_4.0_1.0,1,11,15,34,23,14,3
29057.png,6.0_10.0,9,43,37,78,35,28,2
29058.png,1.0,4,19,24,27,8,20,1
29059.png,4.0_8.0,16,48,50,74,26,34,2
2906.png,4.0_3.0,4,59,78,134,75,74,2
29060.png,5.0,1,37,34,52,15,33,1
29061.png,7.0_7.0,9,32,29,46,14,20,2
29062.png,9.0_8.0,1,14,14,33,19,13,2
29063.png,9.0_4.0,3,24,28,41,17,25,2
29064.png,6.0_9.0,18,67,66,122,55,48,2
29065.png,5.0_1.0,9,80,92,157,77,83,2
29066.png,1.0_1.0_4.0,7,50,54,96,46,47,3
29067.png,2.0_3.0_2.0,1,13,16,30,17,15,3
29068.png,5.0_4.0,15,63,72,105,42,57,2
29069.png,1.0_2.0_6.0,7,37,38,63,26,31,3
2907.png,2.0_3.0_10.0,5,34,49,116,82,44,3
29070.png,4.0,3,35,42,52,17,39,1
29071.png,1.0_1.0,4,31,43,74,43,39,2
29072.png,1.0_6.0,6,34,34,61,27,28,2
29073.png,5.0_5.0,18,60,68,97,37,50,2
29074.png,7.0,24,125,143,167,42,119,1
29075.png,2.0_6.0_7.0_6.0,11,42,42,90,48,31,4
29076.png,5.0,1,24,29,43,19,28,1
29077.png,2.0_6.0_5.0,20,99,108,162,63,88,3
29078.png,1.0,5,56,52,84,28,47,1
29079.png,6.0_3.0,10,62,72,104,42,62,2
2908.png,1.0_7.0,36,124,63,151,27,27,2
29080.png,1.0_9.0_2.0_3.0,9,88,67,225,137,58,4
29081.png,2.0_4.0_8.0,2,22,32,57,35,30,3
29082.png,9.0_5.0,22,70,46,97,27,24,2
29083.png,3.0_2.0,26,90,57,118,28,31,2
29084.png,1.0,4,20,19,25,5,15,1
29085.png,2.0,16,68,58,91,23,42,1
29086.png,8.0,4,36,38,49,13,34,1
29087.png,2.0_4.0_4.0,1,20,23,48,28,22,3
29088.png,2.0_4.0,14,71,81,116,45,67,2
29089.png,2.0_4.0,6,26,29,51,25,23,2
2909.png,2.0_7.0,5,22,27,38,16,22,2
29090.png,9.0_4.0,5,32,29,54,22,24,2
29091.png,3.0_7.0,10,65,72,136,71,62,2
29092.png,2.0_10.0,11,44,39,66,22,28,2
29093.png,1.0_3.0_3.0,1,46,47,109,63,46,3
29094.png,8.0,5,31,40,54,23,35,1
29095.png,2.0,15,57,65,79,22,50,1
29096.png,1.0_6.0,3,22,24,42,20,21,2
29097.png,4.0_5.0,8,36,37,65,29,29,2
29098.png,3.0_2.0,15,68,67,111,43,52,2
29099.png,1.0,7,28,25,35,7,18,1
291.png,6.0_10.0_8.0,5,19,22,43,24,17,3
2910.png,3.0_9.0_10.0,96,203,148,261,58,52,3
29100.png,1.0_4.0,4,18,15,30,12,11,2
29101.png,3.0_5.0,29,70,77,104,34,48,2
29102.png,9.0_3.0_9.0,14,83,91,180,97,77,3
29103.png,6.0_5.0,8,65,69,129,64,61,2
29104.png,1.0_1.0_5.0,4,43,38,63,20,34,3
29105.png,1.0_8.0_7.0_1.0,17,83,64,138,55,47,4
29106.png,3.0_1.0_7.0,11,57,45,101,44,34,3
29107.png,1.0_2.0_10.0,27,111,109,198,87,82,3
29108.png,1.0_8.0_9.0_10.0,11,59,68,118,59,57,4
29109.png,1.0_5.0_4.0,12,42,30,67,25,18,3
2911.png,2.0_6.0_6.0,22,96,80,190,94,58,3
29110.png,2.0_7.0,5,24,22,41,17,17,2
29111.png,2.0_9.0,3,24,26,47,23,23,2
29112.png,1.0_10.0_1.0,6,29,31,67,38,25,3
29113.png,3.0_10.0,5,21,19,36,15,14,2
29114.png,2.0_1.0,10,74,93,154,80,83,2
29115.png,3.0_6.0,62,131,128,186,55,66,2
29116.png,4.0_2.0,16,44,45,64,20,29,2
29117.png,1.0_6.0,9,58,67,105,47,58,2
29118.png,5.0,5,28,25,38,10,20,1
29119.png,3.0_4.0_2.0,7,51,92,105,54,85,3
2912.png,5.0_1.0,3,40,48,79,39,45,2
29120.png,2.0_1.0,10,44,53,74,30,43,2
29121.png,2.0_7.0_10.0,29,65,64,113,48,35,3
29122.png,3.0_2.0_10.0,8,32,32,56,24,24,3
29123.png,1.0_9.0_8.0,20,128,116,243,115,96,3
29124.png,2.0_2.0,1,16,17,27,11,16,2
29125.png,1.0_10.0,13,89,76,140,51,63,2
29126.png,8.0,6,33,36,52,19,30,1
29127.png,1.0_2.0_3.0_8.0,10,47,49,120,73,39,4
29128.png,2.0_10.0_4.0_8.0,14,28,61,92,64,47,4
29129.png,4.0_7.0,9,41,32,55,14,23,2
2913.png,1.0_2.0_1.0,19,79,84,145,66,65,3
29130.png,5.0_5.0,7,30,37,50,20,30,2
29131.png,1.0_2.0_1.0,11,50,51,108,58,40,3
29132.png,4.0_9.0,8,43,34,63,20,26,2
29133.png,1.0_6.0_9.0,9,33,32,67,34,23,3
29134.png,2.0_3.0,11,49,66,108,59,55,2
29135.png,3.0_2.0,4,28,27,53,25,23,2
29136.png,7.0,7,57,61,88,31,54,1
29137.png,1.0_2.0_10.0,12,71,65,147,76,53,3
29138.png,2.0_3.0_7.0_8.0,1,11,12,35,24,11,4
29139.png,4.0_4.0,3,21,32,46,25,29,2
2914.png,1.0_3.0_3.0,12,89,67,139,50,55,3
29140.png,4.0_6.0,1,13,15,27,14,14,2
29141.png,6.0_7.0,10,36,42,67,31,32,2
29142.png,1.0_10.0_3.0,7,33,32,67,34,25,3
29143.png,7.0_10.0_3.0,14,71,68,144,73,54,3
29144.png,2.0_3.0,17,73,81,128,55,64,2
29145.png,1.0_4.0,5,29,29,52,23,24,2
29146.png,1.0_3.0_7.0,6,25,24,49,24,18,3
29147.png,9.0,5,50,37,72,22,32,1
29148.png,2.0_1.0,14,83,67,122,39,53,2
29149.png,1.0_3.0,1,18,20,33,15,19,2
2915.png,1.0_8.0_3.0,16,53,56,108,55,40,3
29150.png,1.0_10.0,1,12,12,25,13,11,2
29151.png,2.0_10.0_7.0,7,55,30,85,30,23,3
29152.png,3.0_7.0,4,29,39,51,22,35,2
29153.png,2.0_6.0,3,24,24,51,27,21,2
29154.png,8.0_6.0,15,47,43,66,19,28,2
29155.png,1.0_5.0_1.0,1,28,28,79,51,27,3
29156.png,6.0_2.0,9,38,38,67,29,29,2
29157.png,4.0_1.0,2,32,43,67,35,41,2
29158.png,5.0_1.0,5,40,48,75,35,43,2
29159.png,6.0_5.0,3,19,21,37,18,18,2
2916.png,6.0_3.0,23,63,55,91,28,32,2
29160.png,6.0_9.0_2.0,15,52,49,114,62,34,3
29161.png,1.0_10.0_10.0,10,52,34,101,49,24,3
29162.png,8.0,20,106,48,118,12,28,1
29163.png,5.0_6.0,13,74,59,125,51,46,2
29164.png,6.0_1.0,6,44,55,87,43,49,2
29165.png,2.0_6.0,4,40,40,67,27,36,2
29166.png,3.0_10.0_8.0_7.0,18,132,85,226,94,67,4
29167.png,5.0_3.0,5,40,45,82,42,40,2
29168.png,2.0_4.0_10.0,3,25,30,64,39,27,3
29169.png,1.0_1.0,5,22,26,34,12,21,2
2917.png,3.0,6,45,43,64,19,37,1
29170.png,6.0,26,82,67,110,28,41,1
29171.png,1.0_2.0,4,27,35,47,20,31,2
29172.png,6.0_1.0,1,12,14,24,12,13,2
29173.png,1.0_6.0,3,25,25,37,12,22,2
29174.png,1.0_4.0_4.0,10,45,55,117,72,45,3
29175.png,1.0,2,31,41,46,15,39,1
29176.png,1.0_4.0_4.0,18,81,80,156,75,62,3
29177.png,1.0_7.0_8.0,4,22,25,43,21,21,3
29178.png,1.0_9.0,2,21,25,35,14,23,2
29179.png,2.0_2.0,10,47,51,90,43,41,2
2918.png,1.0_5.0,3,22,22,35,13,19,2
29180.png,5.0,6,46,40,77,31,34,1
29181.png,1.0_7.0_10.0,98,157,144,203,46,46,3
29182.png,7.0_2.0_7.0,13,46,48,100,54,35,3
29183.png,9.0,3,26,29,39,13,26,1
29184.png,2.0_7.0,10,48,49,84,36,39,2
29185.png,8.0_10.0_1.0,21,66,47,103,37,26,3
29186.png,6.0_6.0,4,31,36,58,27,32,2
29187.png,2.0_7.0,5,30,41,58,28,36,2
29188.png,2.0_2.0,10,45,57,96,51,47,2
29189.png,9.0_10.0_1.0,23,88,48,118,30,25,3
2919.png,2.0_10.0_1.0,24,122,54,171,49,30,3
29190.png,8.0,46,145,139,190,45,93,1
29191.png,8.0_3.0,1,18,22,38,20,21,2
29192.png,8.0_10.0,4,25,27,48,23,23,2
29193.png,2.0_6.0_3.0,6,65,71,164,99,65,3
29194.png,5.0_2.0,5,23,24,42,19,19,2
29195.png,1.0_1.0,2,25,30,40,15,28,2
29196.png,2.0_9.0,2,30,32,58,28,30,2
29197.png,6.0_1.0,6,39,46,69,30,40,2
29198.png,4.0_10.0,4,20,18,32,12,14,2
29199.png,1.0_9.0_10.0_7.0,1,26,25,65,39,24,4
292.png,4.0,4,48,60,78,30,56,1
2920.png,4.0_5.0,3,25,29,45,20,26,2
29200.png,1.0_2.0_1.0,11,34,42,73,39,31,3
29201.png,2.0_5.0,7,34,40,57,23,33,2
29202.png,4.0_9.0,2,13,17,28,15,15,2
29203.png,1.0_6.0_9.0,3,25,29,57,32,26,3
29204.png,4.0_2.0,1,19,23,43,24,22,2
29205.png,1.0_3.0_10.0,4,30,31,69,39,27,3
29206.png,2.0_8.0_4.0,16,51,38,87,36,22,3
29207.png,6.0_6.0,3,30,33,54,24,30,2
29208.png,2.0_1.0,4,21,20,34,13,16,2
29209.png,1.0_10.0_4.0,10,29,24,55,26,14,3
2921.png,1.0_2.0,31,86,95,140,54,64,2
29210.png,2.0_7.0_4.0,18,89,88,170,81,70,3
29211.png,1.0_8.0,10,28,27,39,11,17,2
29212.png,5.0_7.0,1,13,15,24,11,14,2
29213.png,2.0_7.0_5.0,24,94,63,132,38,39,3
29214.png,1.0_5.0,8,41,51,63,22,43,2
29215.png,1.0_4.0_3.0,1,25,26,51,26,25,3
29216.png,4.0_10.0,25,99,65,130,31,40,2
29217.png,8.0,3,30,40,58,28,37,1
29218.png,5.0,5,18,16,25,7,11,1
29219.png,2.0_6.0_4.0,27,69,59,109,40,32,3
2922.png,3.0_7.0,33,80,79,119,39,46,2
29220.png,1.0_8.0,9,34,30,49,15,21,2
29221.png,7.0_3.0,13,68,68,122,54,55,2
29222.png,4.0,10,36,35,50,14,25,1
29223.png,4.0_10.0,11,39,31,62,23,20,2
29224.png,2.0_4.0,6,18,24,40,22,18,2
29225.png,1.0_10.0,5,35,42,71,36,37,2
29226.png,1.0,2,26,34,37,11,32,1
29227.png,1.0_4.0,4,25,29,57,32,25,2
29228.png,2.0_6.0,4,32,32,54,22,28,2
29229.png,3.0_3.0_6.0,14,58,58,125,67,44,3
2923.png,4.0_7.0,7,40,46,91,51,39,2
29230.png,1.0_7.0_4.0_2.0,9,23,21,50,27,12,4
29231.png,5.0_5.0,7,33,26,54,21,19,2
29232.png,3.0_8.0_7.0,11,48,47,79,31,36,3
29233.png,8.0_1.0,1,25,28,50,25,27,2
29234.png,1.0_6.0_8.0,1,18,18,42,24,17,3
29235.png,1.0_10.0,10,46,51,79,33,41,2
29236.png,1.0_4.0,1,11,19,28,17,18,2
29237.png,6.0_6.0_7.0,27,92,106,175,83,79,3
29238.png,2.0_4.0_4.0,4,18,21,44,26,17,3
29239.png,9.0_8.0,4,25,29,55,30,25,2
2924.png,1.0_3.0,5,31,27,49,18,22,2
29240.png,1.0_9.0,92,125,140,175,50,48,2
29241.png,2.0_5.0_1.0,9,79,38,104,25,29,3
29242.png,1.0_8.0,14,62,61,98,36,47,2
29243.png,1.0_4.0_6.0,18,86,97,162,76,79,3
29244.png,3.0_10.0,2,82,79,148,66,77,2
29245.png,9.0_8.0_7.0,37,89,78,133,44,41,3
29246.png,6.0_2.0,5,23,32,51,28,27,2
29247.png,2.0_6.0_5.0_10.0,1,11,14,41,30,13,4
29248.png,4.0_4.0_10.0,2,20,20,36,16,18,3
29249.png,5.0_4.0,23,92,78,124,32,55,2
2925.png,4.0,14,51,57,77,26,43,1
29250.png,2.0_5.0_1.0_1.0,1,30,33,88,58,32,4
29251.png,6.0_7.0,16,52,55,66,14,39,2
29252.png,4.0_8.0,6,29,32,49,20,26,2
29253.png,2.0_6.0_10.0,32,163,84,220,57,52,3
29254.png,5.0,11,57,55,74,17,44,1
29255.png,2.0,18,62,81,92,30,63,1
29256.png,1.0_3.0_9.0,4,33,36,86,53,32,3
29257.png,9.0_3.0,1,23,28,46,23,27,2
29258.png,1.0_10.0_3.0,6,29,42,77,48,36,3
29259.png,1.0_4.0_2.0,5,25,26,57,32,21,3
2926.png,3.0_9.0,15,98,123,227,129,108,2
29260.png,3.0_8.0,6,34,39,74,40,33,2
29261.png,6.0_2.0,4,45,52,100,55,48,2
29262.png,7.0_5.0,7,41,38,69,28,31,2
29263.png,6.0_4.0,6,53,62,114,61,56,2
29264.png,3.0_8.0,19,105,119,217,112,100,2
29265.png,5.0_4.0_10.0,10,43,37,87,44,27,3
29266.png,2.0_7.0_9.0,2,19,24,48,29,22,3
29267.png,6.0_5.0,24,75,82,126,51,58,2
29268.png,1.0_4.0_1.0,10,49,47,94,45,37,3
29269.png,7.0,14,47,47,66,19,33,1
2927.png,2.0_9.0_10.0,18,51,60,88,37,42,3
29270.png,2.0_5.0_2.0,101,148,175,245,97,74,3
29271.png,3.0_7.0_10.0,16,107,127,206,99,111,3
29272.png,1.0_1.0,4,24,24,39,15,20,2
29273.png,1.0_1.0,59,121,93,157,36,34,2
29274.png,2.0,7,30,37,44,14,30,1
29275.png,3.0_3.0,5,20,22,40,20,17,2
29276.png,4.0_6.0,6,50,65,95,45,59,2
29277.png,6.0_5.0,5,24,28,39,15,23,2
29278.png,4.0_2.0,5,49,59,112,63,54,2
29279.png,3.0_9.0,3,23,24,44,21,21,2
2928.png,4.0_9.0_3.0,16,59,79,108,49,63,3
29280.png,9.0_5.0,3,19,18,34,15,15,2
29281.png,3.0_9.0,8,77,73,153,76,65,2
29282.png,1.0_9.0_2.0_3.0,1,14,12,40,26,11,4
29283.png,5.0_9.0,1,17,21,34,17,20,2
29284.png,1.0,21,90,68,110,20,47,1
29285.png,1.0_2.0,9,56,59,102,46,50,2
29286.png,1.0_1.0,21,116,154,194,78,133,2
29287.png,2.0_9.0,2,21,27,55,34,25,2
29288.png,2.0,6,53,57,84,31,51,1
29289.png,5.0_9.0,1,15,21,33,18,20,2
2929.png,1.0_9.0,7,32,28,44,12,21,2
29290.png,3.0_9.0,20,62,60,101,39,40,2
29291.png,2.0_2.0,2,23,26,51,28,24,2
29292.png,3.0_9.0,7,53,55,103,50,48,2
29293.png,6.0,66,192,135,222,30,69,1
29294.png,8.0_1.0,3,32,35,63,31,32,2
29295.png,3.0_2.0_1.0,19,89,67,135,46,48,3
29296.png,2.0_10.0_10.0_10.0,4,23,28,80,57,24,4
29297.png,1.0_10.0,5,32,33,60,28,28,2
29298.png,8.0_2.0_1.0,14,72,83,162,90,69,3
29299.png,2.0_1.0_6.0,19,136,78,218,82,59,3
293.png,7.0_4.0,2,28,30,46,18,28,2
2930.png,3.0_7.0_3.0,10,45,38,84,39,28,3
29300.png,4.0_4.0,4,29,22,49,20,18,2
29301.png,2.0,4,55,53,71,16,49,1
29302.png,5.0_1.0_1.0,6,26,25,55,29,19,3
29303.png,5.0_2.0,6,36,42,89,53,36,2
29304.png,3.0_7.0_3.0,88,124,144,219,95,56,3
29305.png,7.0_7.0,5,32,40,55,23,35,2
29306.png,3.0_7.0,5,40,38,83,43,33,2
29307.png,4.0_4.0,1,16,20,31,15,19,2
29308.png,7.0_3.0,6,33,28,48,15,22,2
29309.png,2.0_5.0,13,64,50,104,40,37,2
2931.png,2.0,8,29,39,44,15,31,1
29310.png,2.0_5.0_5.0,3,22,29,58,36,26,3
29311.png,1.0_1.0_3.0_10.0,11,51,44,87,36,33,4
29312.png,4.0_1.0,8,43,45,71,28,37,2
29313.png,5.0_5.0,2,20,23,38,18,21,2
29314.png,3.0_4.0,4,27,34,68,41,30,2
29315.png,1.0_1.0_5.0,8,34,41,63,29,33,3
29316.png,3.0_6.0,5,34,45,71,37,40,2
29317.png,3.0_2.0,6,32,24,42,10,18,2
29318.png,4.0_7.0,21,75,97,120,45,76,2
29319.png,2.0_1.0_2.0_10.0,5,33,31,79,46,26,4
2932.png,6.0_7.0,3,27,24,42,15,21,2
29320.png,8.0_4.0,1,28,32,57,29,31,2
29321.png,1.0_5.0,2,28,37,49,21,35,2
29322.png,3.0_8.0,3,34,40,81,47,37,2
29323.png,2.0_6.0_9.0_5.0,1,13,16,47,34,15,4
29324.png,3.0_6.0,6,40,43,78,38,37,2
29325.png,4.0,17,62,69,88,26,52,1
29326.png,2.0_9.0,3,32,32,60,28,29,2
29327.png,6.0_2.0,30,97,92,155,58,62,2
29328.png,1.0_10.0,22,99,113,183,84,91,2
29329.png,5.0,4,29,35,47,18,31,1
2933.png,2.0_7.0,8,47,59,107,60,51,2
29330.png,3.0_6.0,1,25,31,52,27,30,2
29331.png,3.0_3.0_7.0,1,23,33,66,43,32,3
29332.png,6.0_8.0,2,23,21,37,14,19,2
29333.png,2.0_10.0,4,17,18,27,10,14,2
29334.png,4.0_7.0,13,49,32,66,17,19,2
29335.png,2.0_9.0,2,36,42,67,31,40,2
29336.png,2.0_3.0,5,84,102,172,88,97,2
29337.png,5.0_4.0,11,73,78,147,74,67,2
29338.png,2.0_7.0_4.0,13,51,41,84,33,28,3
29339.png,2.0_8.0_10.0,4,33,40,84,51,36,3
2934.png,5.0_10.0,17,42,42,69,27,25,2
29340.png,2.0_7.0,19,72,76,107,35,57,2
29341.png,4.0_9.0,5,25,26,41,16,21,2
29342.png,1.0_7.0_10.0,8,34,28,57,23,20,3
29343.png,9.0_10.0,11,61,65,116,55,54,2
29344.png,8.0_2.0,6,29,35,49,20,29,2
29345.png,2.0_9.0_6.0,8,37,47,90,53,39,3
29346.png,8.0,1,24,28,34,10,27,1
29347.png,2.0_9.0,3,20,20,37,17,17,2
29348.png,1.0,4,40,27,50,10,23,1
29349.png,2.0_2.0,12,84,87,165,81,75,2
2935.png,7.0_4.0_9.0,10,35,34,58,23,24,3
29350.png,6.0_5.0,9,62,62,111,49,53,2
29351.png,4.0,14,47,37,59,12,23,1
29352.png,7.0_6.0_8.0,8,9,41,51,42,33,3
29353.png,1.0_5.0_10.0_6.0,1,14,15,44,30,14,4
29354.png,2.0_7.0,2,22,24,37,15,22,2
29355.png,5.0_1.0,1,24,26,46,22,25,2
29356.png,2.0_3.0,1,24,31,56,32,30,2
29357.png,4.0_10.0_10.0,47,87,81,128,41,34,3
29358.png,2.0_8.0_3.0,11,47,45,91,44,34,3
29359.png,3.0_1.0,1,18,23,43,25,22,2
2936.png,9.0,7,28,36,44,16,29,1
29360.png,2.0,2,34,32,50,16,30,1
29361.png,2.0_4.0_7.0,7,45,46,97,52,39,3
29362.png,8.0_8.0,2,22,22,44,22,20,2
29363.png,2.0_4.0,6,56,57,108,52,51,2
29364.png,2.0_7.0,1,21,31,58,37,30,2
29365.png,5.0_7.0,31,97,89,144,47,58,2
29366.png,6.0_7.0,2,18,21,37,19,19,2
29367.png,1.0_1.0,3,34,40,58,24,37,2
29368.png,5.0_9.0,1,21,25,44,23,24,2
29369.png,6.0_2.0,33,83,80,138,55,47,2
2937.png,4.0_4.0,8,32,36,64,32,28,2
29370.png,4.0_10.0,11,58,51,104,46,40,2
29371.png,2.0_2.0,6,26,24,47,21,18,2
29372.png,1.0_8.0,1,13,20,38,25,19,2
29373.png,2.0_8.0_2.0,12,45,41,87,42,29,3
29374.png,6.0_4.0,3,24,32,43,19,29,2
29375.png,4.0_3.0,4,25,29,51,26,25,2
29376.png,6.0_4.0,16,147,170,274,127,154,2
29377.png,1.0_1.0,8,49,54,79,30,46,2
29378.png,2.0_5.0_1.0,1,26,31,60,34,30,3
29379.png,1.0_2.0,4,35,36,63,28,32,2
2938.png,7.0_6.0,5,25,27,42,17,22,2
29380.png,2.0_7.0,5,42,53,104,62,48,2
29381.png,3.0_7.0,8,70,79,150,80,71,2
29382.png,2.0_7.0,3,24,33,53,29,30,2
29383.png,1.0_6.0,2,22,24,44,22,22,2
29384.png,5.0_1.0,15,106,123,192,86,108,2
29385.png,1.0_1.0_7.0,4,37,57,92,55,53,3
29386.png,6.0_10.0_4.0,19,86,85,150,64,66,3
29387.png,2.0_8.0,12,58,61,101,43,49,2
29388.png,3.0_4.0,7,62,67,124,62,60,2
29389.png,2.0,1,11,14,18,7,13,1
2939.png,5.0_4.0,12,64,74,145,81,62,2
29390.png,2.0_10.0,9,32,31,52,20,22,2
29391.png,1.0_1.0_4.0,2,19,17,35,16,15,3
29392.png,4.0,17,64,75,95,31,58,1
29393.png,3.0_7.0,11,53,50,85,32,39,2
29394.png,1.0_1.0_7.0,1,21,25,36,15,24,3
29395.png,1.0_2.0_1.0_3.0,1,27,28,75,48,27,4
29396.png,9.0_9.0,11,149,111,234,85,100,2
29397.png,4.0,10,33,38,44,11,28,1
29398.png,9.0,5,25,30,43,18,25,1
29399.png,2.0,6,24,29,39,15,23,1
294.png,1.0_10.0_4.0,2,52,50,110,58,48,3
2940.png,3.0,6,38,31,52,14,25,1
29400.png,2.0_1.0_7.0,3,20,26,55,35,23,3
29401.png,5.0,8,50,29,64,14,21,1
29402.png,1.0_2.0_4.0,7,29,31,44,15,24,3
29403.png,8.0_9.0,6,29,33,51,22,27,2
29404.png,2.0_10.0_2.0,14,18,45,67,49,31,3
29405.png,1.0_8.0_9.0,11,44,49,98,54,38,3
29406.png,1.0_9.0,4,34,35,64,30,31,2
29407.png,1.0_1.0_5.0,25,84,62,130,46,37,3
29408.png,6.0,2,23,21,38,15,19,1
29409.png,3.0_10.0_7.0,5,41,50,116,75,45,3
2941.png,5.0_3.0,3,16,20,30,14,17,2
29410.png,1.0,3,18,21,26,8,18,1
29411.png,4.0_7.0,3,34,32,60,26,29,2
29412.png,1.0_5.0,6,26,30,48,22,24,2
29413.png,1.0_1.0_7.0,15,38,40,72,34,25,3
29414.png,1.0_2.0_4.0,8,31,29,53,22,21,3
29415.png,1.0_1.0_5.0,3,22,21,37,15,18,3
29416.png,9.0,29,100,106,149,49,77,1
29417.png,8.0,2,15,18,24,9,16,1
29418.png,4.0_2.0,5,27,37,62,35,32,2
29419.png,3.0_2.0_10.0,24,76,56,128,52,32,3
2942.png,3.0,16,82,73,111,29,57,1
29420.png,2.0_6.0,1,36,48,77,41,47,2
29421.png,3.0_1.0,6,29,31,45,16,25,2
29422.png,5.0_6.0,8,54,39,77,23,31,2
29423.png,5.0_2.0_2.0,8,35,34,74,39,26,3
29424.png,1.0_8.0_9.0,48,46,77,78,32,29,3
29425.png,2.0,10,32,37,48,16,27,1
29426.png,1.0_3.0_5.0,4,25,27,55,30,23,3
29427.png,5.0_7.0,3,26,36,69,43,33,2
29428.png,1.0_6.0_1.0_10.0,1,14,17,50,36,16,4
29429.png,8.0_10.0_2.0,79,125,113,175,50,34,3
2943.png,1.0_4.0,3,48,63,103,55,60,2
29430.png,1.0_1.0_8.0,1,48,60,120,72,59,3
29431.png,8.0_5.0,2,14,17,26,12,15,2
29432.png,3.0_3.0_3.0,3,32,33,66,34,30,3
29433.png,9.0_5.0,2,12,20,29,17,18,2
29434.png,2.0_7.0_3.0_5.0,7,37,49,94,57,42,4
29435.png,1.0_9.0,5,23,29,44,21,24,2
29436.png,1.0_7.0,5,28,24,45,17,19,2
29437.png,1.0_1.0_2.0,6,26,25,51,25,19,3
29438.png,1.0_7.0_4.0,2,19,20,63,44,18,3
29439.png,3.0_3.0,13,50,55,86,36,42,2
2944.png,2.0_1.0_3.0_4.0,1,27,31,85,58,30,4
29440.png,9.0_5.0,28,125,146,265,140,118,2
29441.png,2.0_2.0,18,55,56,104,49,38,2
29442.png,1.0_4.0_7.0_4.0,6,73,29,106,33,23,4
29443.png,6.0_6.0,19,1,78,56,55,59,2
29444.png,1.0_5.0_2.0,15,55,60,82,27,45,3
29445.png,1.0_5.0,11,26,35,52,26,24,2
29446.png,1.0_3.0_5.0,5,34,37,56,22,32,3
29447.png,5.0_1.0,3,30,31,46,16,28,2
29448.png,3.0_1.0,13,50,52,85,35,39,2
29449.png,3.0_7.0,10,68,75,111,43,65,2
2945.png,3.0_5.0,36,134,81,165,31,45,2
29450.png,9.0_2.0,4,40,49,81,41,45,2
29451.png,1.0_10.0,17,108,73,190,82,56,2
29452.png,5.0_4.0,34,143,154,277,134,120,2
29453.png,8.0,5,26,31,45,19,26,1
29454.png,1.0_6.0,7,28,28,47,19,21,2
29455.png,8.0_3.0,25,107,57,146,39,32,2
29456.png,3.0_5.0,2,23,23,40,17,21,2
29457.png,1.0_5.0_1.0,18,82,84,132,50,66,3
29458.png,5.0_2.0,7,41,38,68,27,31,2
29459.png,9.0_4.0,3,22,26,45,23,23,2
2946.png,4.0_3.0_9.0,21,175,113,260,85,92,3
29460.png,2.0_4.0_3.0_10.0,3,0,40,77,77,37,4
29461.png,1.0_5.0_5.0_1.0,14,76,89,89,13,75,4
29462.png,2.0_5.0_3.0_8.0,1,11,13,40,29,12,4
29463.png,4.0_4.0,3,38,44,77,39,41,2
29464.png,1.0_1.0,18,103,116,166,63,98,2
29465.png,1.0_6.0_8.0_2.0,3,12,16,43,31,13,4
29466.png,2.0_6.0_3.0_5.0,4,15,16,43,28,12,4
29467.png,4.0,1,57,53,76,19,52,1
29468.png,5.0,18,49,65,80,31,47,1
29469.png,7.0_3.0,7,28,31,43,15,24,2
2947.png,4.0_5.0,5,26,38,60,34,33,2
29470.png,5.0_7.0_6.0,9,39,44,79,40,35,3
29471.png,3.0,4,27,29,40,13,25,1
29472.png,3.0_8.0,5,40,42,74,34,37,2
29473.png,2.0_8.0,11,69,84,161,92,73,2
29474.png,5.0_10.0,7,40,43,77,37,36,2
29475.png,1.0_10.0,3,27,32,55,28,29,2
29476.png,3.0_6.0_10.0,8,40,49,103,63,41,3
29477.png,1.0_10.0_10.0,1,19,24,50,31,23,3
29478.png,4.0_9.0,10,44,40,78,34,30,2
29479.png,1.0,7,49,50,63,14,43,1
2948.png,2.0_2.0_8.0,7,34,43,87,53,36,3
29480.png,3.0_2.0_5.0,7,42,41,94,52,34,3
29481.png,2.0_5.0_1.0_5.0,4,22,19,56,34,15,4
29482.png,2.0_6.0_8.0,1,18,23,44,26,22,3
29483.png,5.0_4.0,20,79,58,119,40,38,2
29484.png,5.0_1.0,11,42,39,66,24,28,2
29485.png,2.0_1.0,4,41,42,59,18,38,2
29486.png,3.0_5.0_10.0,15,56,59,124,68,44,3
29487.png,2.0_4.0_1.0_5.0,2,22,31,86,64,29,4
29488.png,2.0_5.0_2.0_2.0,5,19,19,45,26,14,4
29489.png,1.0_8.0_5.0,25,69,63,100,31,38,3
2949.png,7.0_7.0,12,94,87,184,90,75,2
29490.png,3.0_10.0,22,57,49,79,22,27,2
29491.png,2.0_10.0,6,58,65,85,27,59,2
29492.png,2.0_6.0,5,39,47,62,23,42,2
29493.png,9.0,12,66,82,106,40,70,1
29494.png,1.0_3.0,5,38,54,72,34,49,2
29495.png,9.0_8.0,8,46,54,89,43,46,2
29496.png,4.0_1.0_1.0,65,159,119,197,38,54,3
29497.png,6.0_7.0,8,28,26,45,17,18,2
29498.png,1.0_1.0_8.0,12,53,48,82,29,36,3
29499.png,4.0_5.0_4.0,21,102,65,172,70,44,3
295.png,1.0_1.0,1,19,24,43,24,23,2
2950.png,9.0_6.0,9,94,58,134,40,49,2
29500.png,1.0_5.0,3,52,50,88,36,47,2
29501.png,3.0_7.0_5.0,27,66,59,102,36,32,3
29502.png,3.0_5.0,19,77,63,107,30,44,2
29503.png,2.0_2.0_1.0,1,37,51,130,93,50,3
29504.png,5.0,1,25,28,39,14,27,1
29505.png,1.0_7.0,8,73,92,154,81,84,2
29506.png,1.0_1.0_10.0,55,125,89,169,44,34,3
29507.png,2.0_5.0_9.0_10.0,2,14,16,42,28,14,4
29508.png,4.0_4.0,21,78,62,127,49,41,2
29509.png,2.0_6.0,21,77,71,114,37,50,2
2951.png,2.0_1.0,1,22,31,47,25,30,2
29510.png,7.0_5.0,12,32,26,46,14,14,2
29511.png,6.0_7.0,14,76,70,137,61,56,2
29512.png,8.0,3,17,16,27,10,13,1
29513.png,7.0,3,20,26,37,17,23,1
29514.png,8.0,8,35,42,54,19,34,1
29515.png,1.0_5.0,20,88,72,139,51,52,2
29516.png,1.0_3.0_10.0,1,5,20,25,20,19,3
29517.png,1.0_10.0_2.0,7,27,29,54,27,22,3
29518.png,3.0_4.0_4.0,8,72,54,157,85,46,3
29519.png,2.0_6.0_4.0,10,52,72,132,80,62,3
2952.png,2.0_10.0,11,55,51,92,37,40,2
29520.png,5.0_5.0_5.0_5.0,11,64,38,118,54,27,4
29521.png,3.0_9.0,1,12,18,27,15,17,2
29522.png,6.0_8.0,3,33,39,71,38,36,2
29523.png,1.0_5.0,2,31,42,68,37,40,2
29524.png,1.0_8.0_6.0,39,153,76,208,55,37,3
29525.png,1.0_10.0_6.0,22,86,74,147,61,52,3
29526.png,3.0_8.0,3,31,28,48,17,25,2
29527.png,4.0_1.0,1,9,12,18,9,11,2
29528.png,2.0_10.0,25,22,85,94,72,60,2
29529.png,1.0_5.0_4.0,1,15,21,37,22,20,3
2953.png,3.0_10.0,4,22,21,35,13,17,2
29530.png,6.0_4.0,1,44,49,77,33,48,2
29531.png,7.0_5.0,5,19,24,40,21,19,2
29532.png,1.0_3.0_7.0_6.0,1,17,24,53,36,23,4
29533.png,2.0,17,62,49,78,16,32,1
29534.png,1.0_5.0,1,100,74,208,108,73,2
29535.png,7.0_10.0,6,36,51,94,58,45,2
29536.png,9.0_5.0,3,31,39,74,43,36,2
29537.png,2.0_10.0,3,39,43,85,46,40,2
29538.png,1.0_4.0_5.0,17,64,51,106,42,34,3
29539.png,1.0_5.0,7,39,50,72,33,43,2
2954.png,5.0_8.0,6,24,30,52,28,24,2
29540.png,2.0,1,16,17,26,10,16,1
29541.png,1.0_9.0_1.0_9.0,1,15,15,47,32,14,4
29542.png,5.0_1.0_10.0_2.0,21,110,52,147,37,31,4
29543.png,2.0_9.0,1,20,26,49,29,25,2
29544.png,2.0_9.0,2,48,65,98,50,63,2
29545.png,1.0_9.0,4,5,33,28,23,29,2
29546.png,4.0_9.0,4,33,39,64,31,35,2
29547.png,2.0_7.0_1.0,3,38,57,119,81,54,3
29548.png,5.0_7.0,7,44,51,89,45,44,2
29549.png,7.0_1.0,4,45,40,69,24,36,2
2955.png,5.0_5.0,1,21,30,47,26,29,2
29550.png,9.0_1.0_5.0,2,31,41,100,69,39,3
29551.png,1.0_9.0_4.0,18,91,89,163,72,71,3
29552.png,1.0_1.0_1.0,7,41,42,89,48,35,3
29553.png,7.0,9,47,47,75,28,38,1
29554.png,2.0,8,25,22,32,7,14,1
29555.png,6.0_7.0,5,22,22,37,15,17,2
29556.png,6.0_2.0,5,24,34,53,29,29,2
29557.png,2.0_5.0,8,40,48,86,46,40,2
29558.png,1.0_7.0,5,36,48,79,43,43,2
29559.png,3.0_4.0,3,32,46,62,30,43,2
2956.png,3.0,12,45,46,60,15,34,1
29560.png,8.0_5.0,3,20,20,40,20,17,2
29561.png,3.0_2.0,3,20,20,40,20,17,2
29562.png,2.0_2.0,23,147,93,214,67,70,2
29563.png,7.0_8.0_7.0,17,68,57,129,61,40,3
29564.png,2.0_9.0,7,54,67,132,78,60,2
29565.png,9.0_8.0,4,23,25,46,23,21,2
29566.png,4.0_8.0,15,81,80,144,63,65,2
29567.png,4.0_4.0,5,32,37,62,30,32,2
29568.png,2.0_10.0_6.0,4,25,30,79,54,26,3
29569.png,4.0_8.0_8.0,1,16,18,42,26,17,3
2957.png,1.0_4.0_6.0,10,38,45,76,38,35,3
29570.png,4.0,6,41,46,62,21,40,1
29571.png,1.0_2.0_7.0,11,37,28,56,19,17,3
29572.png,2.0_3.0,1,15,17,34,19,16,2
29573.png,5.0_5.0,5,52,58,96,44,53,2
29574.png,3.0_7.0,2,30,25,45,15,23,2
29575.png,3.0_3.0,8,43,49,73,30,41,2
29576.png,5.0_8.0,5,30,38,71,41,33,2
29577.png,2.0_1.0_8.0,10,42,39,79,37,29,3
29578.png,6.0_1.0,4,31,33,52,21,29,2
29579.png,5.0,1,20,24,31,11,23,1
2958.png,6.0_2.0_5.0,16,48,39,82,34,23,3
29580.png,6.0_10.0,6,26,30,53,27,24,2
29581.png,6.0_7.0,27,85,96,141,56,69,2
29582.png,5.0_2.0,24,77,65,113,36,41,2
29583.png,1.0_9.0,2,16,18,31,15,16,2
29584.png,1.0_7.0,12,71,95,136,65,83,2
29585.png,2.0_2.0,1,19,24,41,22,23,2
29586.png,1.0_4.0_4.0,1,26,31,50,24,30,3
29587.png,5.0_5.0_10.0,2,17,23,38,21,21,3
29588.png,4.0,4,52,56,79,27,52,1
29589.png,4.0_9.0,3,37,43,67,30,40,2
2959.png,6.0_7.0,9,31,32,48,17,23,2
29590.png,1.0_8.0,2,15,16,26,11,14,2
29591.png,1.0_9.0,9,117,171,236,119,162,2
29592.png,2.0_2.0,13,108,113,202,94,100,2
29593.png,1.0_8.0_3.0,19,71,69,131,60,50,3
29594.png,6.0_10.0,3,19,22,38,19,19,2
29595.png,3.0_6.0,10,35,35,55,20,25,2
29596.png,2.0_7.0,1,11,14,26,15,13,2
29597.png,1.0,12,49,62,64,15,50,1
29598.png,2.0_10.0,14,38,42,54,16,28,2
29599.png,3.0_4.0,5,32,36,64,32,31,2
296.png,3.0_3.0,15,46,34,70,24,19,2
2960.png,5.0_9.0,9,38,43,56,18,34,2
29600.png,3.0_7.0,2,70,91,138,68,89,2
29601.png,6.0_5.0,7,33,34,53,20,27,2
29602.png,1.0_5.0,23,85,57,122,37,34,2
29603.png,1.0_9.0_1.0,9,44,51,84,40,42,3
29604.png,4.0,5,30,25,43,13,20,1
29605.png,4.0_1.0_3.0,63,167,97,192,25,34,3
29606.png,1.0_4.0,11,37,40,59,22,29,2
29607.png,1.0_3.0,1,17,25,54,37,24,2
29608.png,1.0_3.0_1.0_4.0,1,10,14,32,22,13,4
29609.png,8.0_2.0,8,31,38,64,33,30,2
2961.png,8.0,5,20,20,29,9,15,1
29610.png,3.0_4.0,25,88,84,135,47,59,2
29611.png,8.0_5.0,11,64,79,140,76,68,2
29612.png,2.0_3.0_3.0,6,41,43,85,44,37,3
29613.png,2.0_2.0_2.0,80,150,127,214,64,47,3
29614.png,10.0_4.0,27,121,47,147,26,20,2
29615.png,3.0,9,58,65,88,30,56,1
29616.png,6.0_6.0,6,43,56,73,30,50,2
29617.png,3.0_3.0_7.0,34,83,76,133,50,42,3
29618.png,6.0,4,33,34,49,16,30,1
29619.png,2.0_4.0,1,15,16,33,18,15,2
2962.png,2.0_10.0_2.0_6.0,11,62,73,130,68,62,4
29620.png,2.0_10.0_3.0,10,86,33,116,30,23,3
29621.png,2.0_1.0_3.0_2.0,9,44,37,74,30,28,4
29622.png,4.0_6.0,2,22,23,33,11,21,2
29623.png,3.0_10.0_1.0,6,26,31,63,37,25,3
29624.png,2.0_3.0,2,15,16,31,16,14,2
29625.png,6.0,5,28,35,43,15,30,1
29626.png,8.0,4,31,41,56,25,37,1
29627.png,1.0_2.0_9.0,9,30,56,70,40,47,3
29628.png,2.0_10.0_6.0,13,68,62,118,50,49,3
29629.png,8.0,15,66,85,103,37,70,1
2963.png,5.0_10.0_1.0,18,68,48,100,32,30,3
29630.png,6.0_9.0,3,23,27,46,23,24,2
29631.png,1.0_3.0_5.0_4.0,1,23,29,72,49,28,4
29632.png,1.0_10.0,4,27,34,54,27,30,2
29633.png,1.0_1.0_2.0,4,36,49,88,52,45,3
29634.png,1.0_10.0_8.0,13,60,50,96,36,37,3
29635.png,1.0_3.0_4.0,2,2,26,25,23,24,3
29636.png,6.0_3.0,1,18,20,37,19,19,2
29637.png,2.0,3,25,28,49,24,25,1
29638.png,6.0_8.0_1.0,8,56,56,106,50,48,3
29639.png,8.0_10.0,14,86,65,138,52,51,2
2964.png,1.0_10.0,2,33,40,59,26,38,2
29640.png,2.0_8.0,14,81,104,145,64,90,2
29641.png,1.0_3.0,2,28,37,49,21,35,2
29642.png,9.0_5.0_6.0,23,100,113,202,102,90,3
29643.png,6.0_8.0,7,31,26,49,18,19,2
29644.png,5.0_2.0,5,39,47,80,41,42,2
29645.png,7.0_7.0,0,24,32,51,27,32,2
29646.png,2.0_10.0,3,15,16,36,21,13,2
29647.png,2.0_10.0_10.0,8,34,39,85,51,31,3
29648.png,3.0_7.0,0,16,18,32,16,18,2
29649.png,1.0_2.0_4.0_4.0,1,19,21,59,40,20,4
2965.png,1.0_10.0_4.0,2,24,22,54,30,20,3
29650.png,3.0_1.0,10,53,66,91,38,56,2
29651.png,5.0,22,143,126,197,54,104,1
29652.png,3.0_3.0,5,33,33,54,21,28,2
29653.png,1.0_6.0,1,18,21,36,18,20,2
29654.png,8.0_1.0,1,14,18,26,12,17,2
29655.png,6.0_1.0,37,126,116,205,79,79,2
29656.png,2.0_2.0,9,66,65,125,59,56,2
29657.png,4.0_5.0_5.0,68,198,96,224,26,28,3
29658.png,3.0_3.0,18,74,59,117,43,41,2
29659.png,3.0,2,42,60,72,30,58,1
2966.png,4.0_2.0,11,64,68,144,80,57,2
29660.png,1.0_8.0_7.0,7,34,33,63,29,26,3
29661.png,4.0_3.0,4,13,17,23,10,13,2
29662.png,7.0_10.0_5.0,15,64,51,105,41,36,3
29663.png,3.0_10.0_6.0,55,138,111,204,66,56,3
29664.png,2.0_9.0,3,18,23,36,18,20,2
29665.png,2.0_9.0,7,32,74,102,70,67,2
29666.png,7.0,27,97,96,135,38,69,1
29667.png,2.0_4.0,5,35,43,68,33,38,2
29668.png,4.0_5.0,5,21,29,36,15,24,2
29669.png,2.0_9.0,1,15,19,37,22,18,2
2967.png,3.0,2,19,23,29,10,21,1
29670.png,4.0_6.0,2,55,74,128,73,72,2
29671.png,4.0,1,28,29,42,14,28,1
29672.png,2.0,4,28,26,38,10,22,1
29673.png,8.0_10.0,3,34,31,56,22,28,2
29674.png,1.0_7.0,8,51,56,95,44,48,2
29675.png,2.0_1.0_1.0_5.0,5,19,24,69,50,19,4
29676.png,1.0_7.0_8.0,6,31,32,66,35,26,3
29677.png,2.0_4.0,6,43,57,100,57,51,2
29678.png,5.0_1.0_8.0,2,22,31,53,31,29,3
29679.png,2.0_3.0,1,23,30,47,24,29,2
2968.png,6.0,6,29,32,46,17,26,1
29680.png,1.0,1,32,25,39,7,24,1
29681.png,6.0,4,38,27,45,7,23,1
29682.png,1.0_3.0,9,42,42,62,20,33,2
29683.png,7.0_7.0,2,84,119,200,116,117,2
29684.png,8.0_5.0,13,64,61,100,36,48,2
29685.png,2.0_6.0,1,19,23,44,25,22,2
29686.png,2.0_2.0_6.0,10,48,47,121,73,37,3
29687.png,3.0,6,58,70,88,30,64,1
29688.png,3.0_4.0,11,79,96,137,58,85,2
29689.png,5.0,10,34,31,45,11,21,1
2969.png,2.0_4.0_8.0,1,14,18,35,21,17,3
29690.png,5.0_7.0,5,30,39,61,31,34,2
29691.png,8.0_9.0,6,25,23,43,18,17,2
29692.png,3.0_5.0,4,46,70,146,100,66,2
29693.png,7.0_6.0,8,36,38,54,18,30,2
29694.png,2.0_10.0_1.0_10.0,3,25,24,72,47,21,4
29695.png,2.0,2,29,35,51,22,33,1
29696.png,8.0,5,38,41,60,22,36,1
29697.png,2.0_8.0,12,77,100,171,94,88,2
29698.png,1.0_2.0,6,29,30,46,17,24,2
29699.png,5.0_7.0_6.0,5,29,32,61,32,27,3
297.png,6.0_10.0,19,78,75,152,74,56,2
2970.png,1.0_10.0_2.0,2,17,19,35,18,17,3
29700.png,1.0_1.0_6.0,16,62,38,85,23,22,3
29701.png,3.0_6.0,4,27,30,52,25,26,2
29702.png,3.0_10.0,1,9,12,22,13,11,2
29703.png,1.0_4.0_10.0,1,14,15,37,23,14,3
29704.png,3.0_4.0_3.0,6,35,39,88,53,33,3
29705.png,9.0,12,53,77,115,62,65,1
29706.png,2.0_4.0_3.0,11,32,32,56,24,21,3
29707.png,5.0,3,38,42,59,21,39,1
29708.png,3.0_6.0,13,41,37,69,28,24,2
29709.png,1.0,8,24,21,29,5,13,1
2971.png,3.0,9,42,51,68,26,42,1
29710.png,8.0_3.0,21,110,129,217,107,108,2
29711.png,2.0_4.0,3,29,31,64,35,28,2
29712.png,1.0_9.0_10.0,2,17,22,34,17,20,3
29713.png,6.0_6.0,9,46,41,87,41,32,2
29714.png,4.0,3,19,21,31,12,18,1
29715.png,1.0_1.0_10.0,9,30,29,55,25,20,3
29716.png,3.0_8.0,56,202,123,277,75,67,2
29717.png,6.0,3,19,21,30,11,18,1
29718.png,1.0_8.0_7.0_10.0,1,15,22,54,39,21,4
29719.png,1.0_3.0_7.0,4,30,36,66,36,32,3
2972.png,1.0_3.0,1,22,28,40,18,27,2
29720.png,1.0_9.0,12,87,140,293,206,128,2
29721.png,1.0_7.0,4,41,49,64,23,45,2
29722.png,1.0_6.0,5,32,24,45,13,19,2
29723.png,1.0_10.0_9.0_10.0,7,39,38,95,56,31,4
29724.png,2.0_9.0_1.0,4,29,33,61,32,29,3
29725.png,8.0,8,77,60,107,30,52,1
29726.png,1.0,13,35,39,46,11,26,1
29727.png,6.0_10.0_9.0,7,38,55,85,47,48,3
29728.png,1.0_4.0_8.0,2,22,30,50,28,28,3
29729.png,4.0_6.0,5,29,31,45,16,26,2
2973.png,3.0_1.0,4,37,46,77,40,42,2
29730.png,3.0_7.0_8.0,22,73,55,124,51,33,3
29731.png,1.0_5.0_5.0,1,16,21,51,35,20,3
29732.png,1.0_4.0_4.0,16,59,61,113,54,45,3
29733.png,1.0_1.0,3,27,29,42,15,26,2
29734.png,5.0_4.0,5,30,36,57,27,31,2
29735.png,1.0_7.0,9,33,36,54,21,27,2
29736.png,5.0,4,33,22,44,11,18,1
29737.png,4.0_1.0,5,35,40,62,27,35,2
29738.png,1.0_1.0_1.0,3,24,21,43,19,18,3
29739.png,1.0_7.0_5.0,10,45,41,89,44,31,3
2974.png,9.0_9.0_5.0,3,33,29,69,36,26,3
29740.png,3.0_2.0,3,19,23,48,29,20,2
29741.png,2.0_2.0,10,53,45,85,32,35,2
29742.png,9.0_9.0,5,40,45,80,40,40,2
29743.png,1.0_7.0,5,31,33,51,20,28,2
29744.png,1.0,17,60,48,74,14,31,1
29745.png,5.0,1,17,17,30,13,16,1
29746.png,2.0_6.0,2,25,31,64,39,29,2
29747.png,3.0_1.0,2,41,61,86,45,59,2
29748.png,1.0_2.0_2.0_1.0,2,12,14,40,28,12,4
29749.png,4.0_2.0,10,38,43,63,25,33,2
2975.png,2.0_6.0_8.0,10,56,65,135,79,55,3
29750.png,3.0_2.0,5,36,39,72,36,34,2
29751.png,2.0_4.0_2.0,27,108,89,159,51,62,3
29752.png,1.0_1.0,13,62,60,95,33,47,2
29753.png,2.0_7.0,3,25,29,40,15,26,2
29754.png,2.0_4.0_3.0_8.0,2,12,18,45,33,16,4
29755.png,1.0,8,72,34,82,10,26,1
29756.png,3.0_3.0_4.0,18,78,96,173,95,78,3
29757.png,2.0_9.0_6.0,20,85,79,146,61,59,3
29758.png,3.0_6.0,9,32,36,52,20,27,2
29759.png,1.0_10.0,4,0,37,17,17,33,2
2976.png,1.0_7.0,7,24,26,42,18,19,2
29760.png,2.0_3.0_7.0,2,22,23,62,40,21,3
29761.png,3.0_2.0_10.0,12,39,44,70,31,32,3
29762.png,2.0_7.0_8.0_7.0,0,18,21,59,41,21,4
29763.png,7.0_8.0_4.0,9,37,29,72,35,20,3
29764.png,2.0_1.0,23,73,78,120,47,55,2
29765.png,4.0_8.0,3,25,35,52,27,32,2
29766.png,8.0_4.0,1,16,13,30,14,12,2
29767.png,3.0_2.0,9,36,25,56,20,16,2
29768.png,7.0_5.0,7,65,79,153,88,72,2
29769.png,1.0_2.0_4.0,2,30,36,73,43,34,3
2977.png,2.0_5.0_7.0,5,35,49,85,50,44,3
29770.png,9.0_10.0,7,29,22,45,16,15,2
29771.png,7.0_3.0,10,52,61,102,50,51,2
29772.png,1.0_5.0,1,20,24,37,17,23,2
29773.png,3.0_8.0_4.0,36,71,77,132,61,41,3
29774.png,4.0_7.0,1,24,37,66,42,36,2
29775.png,5.0_8.0,10,44,49,82,38,39,2
29776.png,2.0_5.0,11,57,64,112,55,53,2
29777.png,1.0_7.0,4,29,33,56,27,29,2
29778.png,7.0_3.0,16,71,72,119,48,56,2
29779.png,2.0,1,18,23,30,12,22,1
2978.png,9.0_8.0_3.0,17,77,58,125,48,41,3
29780.png,2.0_10.0_2.0,11,55,48,115,60,37,3
29781.png,3.0_8.0_4.0,11,41,39,74,33,28,3
29782.png,3.0_1.0_1.0,15,75,50,121,46,35,3
29783.png,7.0_2.0_1.0,5,32,32,65,33,27,3
29784.png,1.0,2,18,15,23,5,13,1
29785.png,1.0,2,18,14,23,5,12,1
29786.png,1.0_4.0_5.0_8.0,1,14,16,46,32,15,4
29787.png,1.0,11,55,50,74,19,39,1
29788.png,1.0_10.0_7.0,4,18,23,39,21,19,3
29789.png,4.0_6.0,29,130,76,181,51,47,2
2979.png,7.0_4.0,12,51,60,102,51,48,2
29790.png,2.0_5.0,7,34,39,56,22,32,2
29791.png,2.0_8.0,8,46,46,87,41,38,2
29792.png,2.0_2.0_5.0,26,139,145,231,92,119,3
29793.png,5.0_5.0,1,31,21,54,23,20,2
29794.png,2.0,7,40,43,53,13,36,1
29795.png,5.0_6.0,7,41,50,95,54,43,2
29796.png,7.0,1,22,23,38,16,22,1
29797.png,1.0_6.0_4.0_7.0,2,20,23,43,23,21,4
29798.png,3.0_9.0,5,25,24,40,15,19,2
29799.png,2.0_2.0,2,20,23,41,21,21,2
298.png,1.0_5.0_1.0,5,27,19,46,19,14,3
2980.png,2.0_7.0_1.0_9.0,2,18,19,51,33,17,4
29800.png,7.0,5,40,44,58,18,39,1
29801.png,1.0_10.0,11,37,40,52,15,29,2
29802.png,4.0_7.0_7.0,67,74,147,220,146,80,3
29803.png,2.0_2.0,2,21,24,37,16,22,2
29804.png,8.0_6.0,8,97,78,166,69,70,2
29805.png,9.0_4.0,27,88,70,126,38,43,2
29806.png,2.0,6,31,31,49,18,25,1
29807.png,6.0_8.0,6,26,20,40,14,14,2
29808.png,7.0_5.0,9,37,39,57,20,30,2
29809.png,5.0_10.0,10,60,75,108,48,65,2
2981.png,6.0,4,26,23,36,10,19,1
29810.png,2.0_10.0,1,19,20,35,16,19,2
29811.png,2.0_8.0_6.0,13,48,40,86,38,27,3
29812.png,2.0_4.0,12,39,43,66,27,31,2
29813.png,3.0_5.0_5.0_8.0,8,48,54,121,73,46,4
29814.png,7.0_4.0_4.0,8,54,45,102,48,37,3
29815.png,9.0_2.0,3,21,25,46,25,22,2
29816.png,9.0,15,81,96,109,28,81,1
29817.png,2.0_1.0_6.0_3.0,6,20,29,72,52,23,4
29818.png,5.0_6.0_3.0,2,25,29,58,33,27,3
29819.png,7.0_1.0,8,21,23,43,22,15,2
2982.png,2.0_9.0,4,19,28,45,26,24,2
29820.png,1.0_8.0,7,36,41,66,30,34,2
29821.png,1.0_8.0,8,38,43,70,32,35,2
29822.png,6.0_8.0_6.0,13,43,32,76,33,19,3
29823.png,1.0_8.0_10.0,6,43,47,93,50,41,3
29824.png,1.0_6.0,4,23,25,45,22,21,2
29825.png,3.0_3.0_2.0,4,23,26,53,30,22,3
29826.png,1.0_5.0_6.0,4,35,42,90,55,38,3
29827.png,3.0_5.0_3.0,17,44,45,70,26,28,3
29828.png,3.0_6.0,13,42,45,78,36,32,2
29829.png,6.0_2.0,5,30,40,76,46,35,2
2983.png,5.0_8.0,3,23,32,54,31,29,2
29830.png,6.0_10.0,10,50,39,78,28,29,2
29831.png,2.0_5.0,5,44,52,81,37,47,2
29832.png,6.0_4.0,23,123,140,266,143,117,2
29833.png,8.0,12,22,56,51,29,44,1
29834.png,1.0_5.0_2.0,2,66,66,168,102,64,3
29835.png,1.0_5.0,1,23,25,44,21,24,2
29836.png,6.0_6.0,3,32,40,81,49,37,2
29837.png,3.0_1.0_1.0,20,38,35,59,21,15,3
29838.png,1.0_4.0,5,23,26,39,16,21,2
29839.png,4.0,8,39,26,52,13,18,1
2984.png,1.0_8.0,9,43,59,88,45,50,2
29840.png,1.0_2.0_2.0,9,45,45,91,46,36,3
29841.png,3.0_5.0,3,30,29,58,28,26,2
29842.png,5.0_3.0,2,36,49,76,40,47,2
29843.png,4.0_9.0,19,71,65,124,53,46,2
29844.png,5.0,2,28,33,42,14,31,1
29845.png,4.0,1,25,24,41,16,23,1
29846.png,7.0_4.0,1,13,15,23,10,14,2
29847.png,1.0_10.0_10.0,10,85,102,214,129,92,3
29848.png,5.0_3.0,1,19,22,43,24,21,2
29849.png,4.0_3.0,4,37,44,71,34,40,2
2985.png,6.0_8.0_7.0,18,98,107,206,108,89,3
29850.png,5.0_10.0,1,29,42,83,54,41,2
29851.png,8.0,10,48,30,61,13,20,1
29852.png,3.0_6.0,6,22,25,43,21,19,2
29853.png,2.0_6.0_6.0,20,86,62,137,51,42,3
29854.png,2.0_4.0,17,125,61,161,36,44,2
29855.png,1.0_2.0,5,27,40,58,31,35,2
29856.png,5.0_1.0,2,104,74,155,51,72,2
29857.png,1.0_9.0_2.0,6,38,39,80,42,33,3
29858.png,2.0_8.0,6,22,29,49,27,23,2
29859.png,2.0_2.0_6.0_8.0,1,13,13,43,30,12,4
2986.png,2.0_3.0_4.0_10.0,19,77,46,123,46,27,4
29860.png,3.0_8.0,7,44,50,81,37,43,2
29861.png,8.0_10.0_9.0,14,65,66,127,62,52,3
29862.png,5.0_5.0,7,37,35,68,31,28,2
29863.png,1.0_7.0,20,75,80,131,56,60,2
29864.png,3.0_5.0,2,22,25,46,24,23,2
29865.png,2.0_10.0_3.0,7,26,27,55,29,20,3
29866.png,1.0_9.0_7.0,18,79,65,130,51,47,3
29867.png,9.0,10,43,43,61,18,33,1
29868.png,7.0,4,25,25,35,10,21,1
29869.png,1.0_3.0_10.0,6,36,50,95,59,44,3
2987.png,7.0_10.0,1,31,43,67,36,42,2
29870.png,9.0_4.0,18,83,42,105,22,24,2
29871.png,2.0_4.0_1.0,5,32,37,64,32,32,3
29872.png,2.0_2.0_3.0,5,42,45,77,35,40,3
29873.png,1.0_3.0,8,37,27,54,17,19,2
29874.png,3.0_4.0_8.0,51,95,83,146,51,32,3
29875.png,3.0_5.0,4,12,17,24,12,13,2
29876.png,9.0_9.0,3,25,27,55,30,24,2
29877.png,6.0_7.0,5,31,37,70,39,32,2
29878.png,5.0_3.0,7,25,28,45,20,21,2
29879.png,1.0_1.0_1.0,16,59,45,92,33,29,3
2988.png,2.0_2.0,37,159,117,232,73,80,2
29880.png,6.0_8.0,3,23,26,42,19,23,2
29881.png,3.0_1.0_8.0,3,23,30,46,23,27,3
29882.png,1.0_1.0,6,45,60,85,40,54,2
29883.png,5.0_9.0,4,18,18,31,13,14,2
29884.png,5.0_3.0,10,50,60,108,58,50,2
29885.png,3.0_4.0,3,15,16,32,17,13,2
29886.png,2.0_10.0_10.0,4,23,31,63,40,27,3
29887.png,6.0,4,34,31,49,15,27,1
29888.png,6.0,7,27,25,34,7,18,1
29889.png,1.0,45,162,109,199,37,64,1
2989.png,2.0_5.0_2.0_2.0,1,15,14,47,32,13,4
29890.png,1.0,6,26,26,30,4,20,1
29891.png,4.0_1.0,10,52,45,79,27,35,2
29892.png,1.0_3.0_10.0_10.0,37,147,94,223,76,57,4
29893.png,1.0_1.0,1,23,31,54,31,30,2
29894.png,6.0,8,42,46,57,15,38,1
29895.png,8.0_8.0,1,17,13,30,13,12,2
29896.png,6.0_1.0,8,46,53,89,43,45,2
29897.png,3.0_5.0_8.0,52,129,137,196,67,85,3
29898.png,9.0_4.0,6,33,34,67,34,28,2
29899.png,2.0_8.0_6.0,13,42,34,70,28,21,3
299.png,7.0_9.0,6,26,21,44,18,15,2
2990.png,1.0_8.0_7.0,1,22,25,45,23,24,3
29900.png,1.0_7.0,23,113,61,138,25,38,2
29901.png,3.0_8.0,24,121,66,150,29,42,2
29902.png,2.0_10.0,35,152,195,286,134,160,2
29903.png,3.0_8.0,15,82,97,167,85,82,2
29904.png,6.0_2.0,4,17,21,35,18,17,2
29905.png,2.0_5.0_5.0,3,19,22,34,15,19,3
29906.png,2.0_7.0_5.0,18,60,54,109,49,36,3
29907.png,4.0,4,114,46,133,19,42,1
29908.png,1.0_7.0,1,21,24,40,19,23,2
29909.png,9.0_3.0,3,18,22,33,15,19,2
2991.png,6.0_5.0,7,91,121,198,107,114,2
29910.png,3.0_7.0,4,54,69,135,81,65,2
29911.png,2.0_8.0,8,43,58,82,39,50,2
29912.png,1.0_7.0_5.0,36,68,62,103,35,26,3
29913.png,5.0_2.0_5.0,8,39,29,69,30,21,3
29914.png,5.0_1.0_6.0,2,26,32,69,43,30,3
29915.png,1.0_3.0_1.0,8,68,67,131,63,59,3
29916.png,2.0_8.0,3,17,16,31,14,13,2
29917.png,1.0,9,34,57,49,15,48,1
29918.png,9.0_3.0,3,35,36,60,25,33,2
29919.png,2.0_1.0,17,101,104,164,63,87,2
2992.png,2.0_10.0_5.0,1,21,33,63,42,32,3
29920.png,9.0_7.0,11,2,59,40,38,48,2
29921.png,3.0,1,23,19,37,14,18,1
29922.png,1.0,5,43,52,79,36,47,1
29923.png,5.0_9.0_9.0,13,79,84,148,69,71,3
29924.png,6.0_7.0_2.0,12,50,39,86,36,27,3
29925.png,8.0,6,22,20,33,11,14,1
29926.png,1.0_7.0_4.0_3.0,26,62,61,112,50,35,4
29927.png,2.0_1.0,15,83,85,149,66,70,2
29928.png,2.0,2,16,15,24,8,13,1
29929.png,1.0_2.0_6.0,14,83,84,141,58,70,3
2993.png,3.0_9.0,13,73,59,140,67,46,2
29930.png,1.0_3.0_5.0_4.0_5.0_8.0,3,18,22,64,46,19,6
29931.png,3.0_10.0,2,41,50,73,32,48,2
29932.png,4.0_8.0,4,17,21,38,21,17,2
29933.png,1.0_5.0,7,47,52,78,31,45,2
29934.png,3.0_7.0,1,12,16,26,14,15,2
29935.png,1.0_10.0_1.0,12,54,61,120,66,49,3
29936.png,6.0,10,44,42,64,20,32,1
29937.png,3.0_7.0,91,145,144,190,45,53,2
29938.png,1.0_3.0,2,22,25,39,17,23,2
29939.png,8.0,4,31,39,52,21,35,1
2994.png,9.0_2.0,31,160,69,193,33,38,2
29940.png,2.0_3.0,2,20,23,42,22,21,2
29941.png,1.0_8.0_10.0,17,120,79,168,48,62,3
29942.png,4.0_1.0,8,29,41,58,29,33,2
29943.png,5.0_10.0,1,14,17,42,28,16,2
29944.png,2.0_3.0,1,22,27,51,29,26,2
29945.png,5.0_1.0,11,55,65,106,51,54,2
29946.png,7.0_3.0,3,27,31,56,29,28,2
29947.png,4.0_8.0,17,68,91,152,84,74,2
29948.png,6.0_8.0,7,33,46,77,44,39,2
29949.png,6.0_4.0,8,72,84,154,82,76,2
2995.png,5.0_2.0,2,31,46,57,26,44,2
29950.png,4.0_10.0,11,41,38,74,33,27,2
29951.png,5.0_5.0,5,39,49,65,26,44,2
29952.png,4.0_8.0,19,90,92,159,69,73,2
29953.png,1.0_5.0,2,15,16,27,12,14,2
29954.png,1.0_5.0,4,39,48,74,35,44,2
29955.png,1.0_9.0,79,159,126,190,31,47,2
29956.png,1.0_7.0_9.0,10,28,32,59,31,22,3
29957.png,1.0_10.0_4.0,2,36,47,101,65,45,3
29958.png,4.0_8.0_10.0,21,51,48,78,27,27,3
29959.png,1.0_9.0,1,22,30,45,23,29,2
2996.png,2.0_7.0,7,33,27,53,20,20,2
29960.png,4.0_1.0_5.0,10,52,52,110,58,42,3
29961.png,7.0_3.0,5,23,25,45,22,20,2
29962.png,6.0_7.0,2,21,23,46,25,21,2
29963.png,7.0_9.0,1,14,19,30,16,18,2
29964.png,5.0_10.0,7,38,38,65,27,31,2
29965.png,4.0_10.0,31,76,67,116,40,36,2
29966.png,4.0_8.0,3,22,27,40,18,24,2
29967.png,6.0,12,128,101,175,47,89,1
29968.png,2.0_8.0_3.0,48,130,91,175,45,43,3
29969.png,1.0_6.0_9.0_2.0,1,6,36,83,77,35,4
2997.png,6.0_1.0,4,32,28,53,21,24,2
29970.png,3.0_1.0,1,37,56,78,41,55,2
29971.png,1.0_3.0_8.0,20,93,82,170,77,62,3
29972.png,3.0_1.0,4,37,47,64,27,43,2
29973.png,2.0_8.0,40,100,109,165,65,69,2
29974.png,3.0_7.0_2.0,3,38,36,65,27,33,3
29975.png,1.0_8.0,3,27,27,46,19,24,2
29976.png,1.0_1.0,8,35,45,75,40,37,2
29977.png,1.0_4.0_8.0,11,51,52,90,39,41,3
29978.png,4.0_6.0_10.0,82,108,131,167,59,49,3
29979.png,2.0,10,46,31,59,13,21,1
2998.png,6.0,11,64,79,94,30,68,1
29980.png,2.0_2.0_10.0_6.0,1,12,16,42,30,15,4
29981.png,1.0_7.0_8.0,1,17,21,50,33,20,3
29982.png,5.0_8.0,6,29,33,53,24,27,2
29983.png,3.0_3.0_7.0,20,110,74,157,47,54,3
29984.png,1.0_6.0,6,24,27,41,17,21,2
29985.png,7.0_7.0,13,61,67,131,70,54,2
29986.png,3.0_6.0,13,53,71,119,66,58,2
29987.png,2.0_6.0_9.0,9,27,25,48,21,16,3
29988.png,1.0_6.0_1.0,13,73,85,135,62,72,3
29989.png,2.0_10.0_4.0_7.0,49,98,106,202,104,57,4
2999.png,9.0,9,43,54,92,49,45,1
29990.png,2.0_10.0,2,33,38,62,29,36,2
29991.png,9.0_7.0,3,21,25,46,25,22,2
29992.png,6.0_1.0,15,55,48,86,31,33,2
29993.png,8.0_8.0,9,34,43,65,31,34,2
29994.png,2.0_9.0,10,31,28,47,16,18,2
29995.png,5.0,3,29,37,46,17,34,1
29996.png,9.0,8,74,47,99,25,39,1
29997.png,5.0_3.0,19,72,67,123,51,48,2
29998.png,2.0_7.0,1,22,28,50,28,27,2
29999.png,1.0_6.0,16,73,84,120,47,68,2
3.png,2.0_5.0,5,17,20,34,17,15,2
30.png,1.0_4.0,1,16,26,36,20,25,2
300.png,9.0,24,85,79,118,33,55,1
3000.png,1.0_10.0_10.0,11,113,41,139,26,30,3
30000.png,3.0_5.0,16,51,51,90,39,35,2
30001.png,2.0_7.0_8.0,5,26,28,51,25,23,3
30002.png,5.0_6.0,10,42,50,93,51,40,2
30003.png,1.0_6.0_5.0_8.0,6,35,47,97,62,41,4
30004.png,1.0_2.0_4.0,6,21,23,38,17,17,3
30005.png,4.0,6,36,38,50,14,32,1
30006.png,8.0_10.0,1,27,30,60,33,29,2
30007.png,9.0_6.0,5,26,21,39,13,16,2
30008.png,5.0_2.0,10,13,78,89,76,68,2
30009.png,1.0_4.0_8.0_3.0,2,15,19,49,34,17,4
3001.png,3.0_9.0,13,66,86,121,55,73,2
30010.png,4.0_5.0,1,19,24,44,25,23,2
30011.png,1.0_4.0,1,29,47,75,46,46,2
30012.png,1.0_3.0,5,16,22,32,16,17,2
30013.png,7.0,4,37,39,53,16,35,1
30014.png,5.0,6,39,46,59,20,40,1
30015.png,1.0_6.0_3.0,4,54,61,136,82,57,3
30016.png,1.0_2.0_8.0,6,32,35,50,18,29,3
30017.png,3.0_4.0,4,22,17,36,14,13,2
30018.png,6.0_1.0,3,29,40,68,39,37,2
30019.png,2.0_10.0_10.0,2,19,20,36,17,18,3
3002.png,8.0_6.0,3,18,17,29,11,14,2
30020.png,6.0_8.0_5.0,16,67,60,139,72,44,3
30021.png,2.0_5.0,5,32,38,76,44,33,2
30022.png,9.0_6.0,6,47,44,71,24,38,2
30023.png,5.0_10.0,1,18,20,37,19,19,2
30024.png,1.0_5.0_4.0,6,28,31,53,25,25,3
30025.png,1.0_10.0,9,59,50,87,28,41,2
30026.png,1.0_3.0,5,26,31,48,22,26,2
30027.png,4.0_3.0,6,31,36,53,22,30,2
30028.png,1.0_8.0_3.0,9,29,26,49,20,17,3
30029.png,4.0_8.0,6,34,41,70,36,35,2
3003.png,5.0_2.0,1,11,14,26,15,13,2
30030.png,3.0_4.0,7,38,39,75,37,32,2
30031.png,3.0,2,34,39,45,11,37,1
30032.png,1.0_2.0_10.0,24,65,57,101,36,33,3
30033.png,3.0_6.0,9,41,45,77,36,36,2
30034.png,1.0_9.0,7,43,44,66,23,37,2
30035.png,1.0,3,26,30,39,13,27,1
30036.png,8.0_8.0,26,119,104,197,78,78,2
30037.png,1.0_1.0_6.0,23,101,97,183,82,74,3
30038.png,4.0_7.0,24,62,66,90,28,42,2
30039.png,1.0,14,45,40,56,11,26,1
3004.png,3.0_4.0,1,43,57,86,43,56,2
30040.png,1.0_2.0_8.0,13,74,101,146,72,88,3
30041.png,4.0_3.0,1,12,16,26,14,15,2
30042.png,4.0_3.0,10,51,60,103,52,50,2
30043.png,3.0,10,51,46,65,14,36,1
30044.png,4.0_4.0,18,52,51,81,29,33,2
30045.png,5.0,7,32,37,50,18,30,1
30046.png,1.0_1.0,7,33,40,61,28,33,2
30047.png,1.0_4.0_8.0,7,33,46,72,39,39,3
30048.png,7.0_2.0,12,42,35,68,26,23,2
30049.png,4.0_5.0,1,45,56,93,48,55,2
3005.png,2.0_8.0_9.0,6,34,36,73,39,30,3
30050.png,3.0_1.0,4,33,36,67,34,32,2
30051.png,4.0_1.0,14,57,56,100,43,42,2
30052.png,1.0_10.0_10.0_1.0,17,72,68,113,41,51,4
30053.png,1.0_8.0,8,53,55,94,41,47,2
30054.png,2.0_4.0_1.0,8,43,35,71,28,27,3
30055.png,2.0,5,20,22,29,9,17,1
30056.png,2.0_3.0_7.0,32,74,76,108,34,44,3
30057.png,1.0_2.0,5,28,46,77,49,41,2
30058.png,7.0_10.0,2,21,29,50,29,27,2
30059.png,7.0_4.0,4,36,48,74,38,44,2
3006.png,6.0_4.0,12,98,49,142,44,37,2
30060.png,4.0_1.0_6.0,117,64,157,113,49,40,3
30061.png,2.0_2.0_3.0,14,48,48,79,31,34,3
30062.png,1.0_10.0_7.0,7,31,31,61,30,24,3
30063.png,4.0_5.0,1,17,21,39,22,20,2
30064.png,2.0_2.0,15,54,51,81,27,36,2
30065.png,4.0_1.0,9,12,66,67,55,57,2
30066.png,3.0,1,11,12,15,4,11,1
30067.png,6.0_7.0,6,36,38,83,47,32,2
30068.png,5.0,9,57,46,87,30,37,1
30069.png,8.0_4.0,1,18,15,31,13,14,2
3007.png,1.0_5.0,22,69,79,124,55,57,2
30070.png,3.0,4,25,29,43,18,25,1
30071.png,3.0_3.0,12,56,76,99,43,64,2
30072.png,2.0,7,38,40,60,22,33,1
30073.png,2.0_3.0,4,24,32,52,28,28,2
30074.png,1.0_7.0,17,63,60,90,27,43,2
30075.png,1.0_6.0_4.0,6,29,34,61,32,28,3
30076.png,2.0_2.0_8.0,13,33,27,48,15,14,3
30077.png,2.0_4.0,8,44,39,78,34,31,2
30078.png,1.0_8.0_8.0,15,55,50,100,45,35,3
30079.png,6.0_8.0,11,44,47,87,43,36,2
3008.png,1.0_10.0,11,35,41,66,31,30,2
30080.png,1.0_2.0_5.0_7.0,1,14,33,59,45,32,4
30081.png,3.0_8.0,5,35,38,66,31,33,2
30082.png,2.0_3.0_3.0,4,27,28,54,27,24,3
30083.png,5.0,2,22,24,35,13,22,1
30084.png,1.0_3.0_9.0_9.0,29,76,68,124,48,39,4
30085.png,4.0_1.0,13,60,68,108,48,55,2
30086.png,7.0_4.0_2.0,27,98,70,149,51,43,3
30087.png,7.0,2,22,25,36,14,23,1
30088.png,2.0_1.0_5.0_10.0,5,62,44,100,38,39,4
30089.png,4.0_10.0,11,71,106,188,117,95,2
3009.png,9.0_1.0,18,82,48,108,26,30,2
30090.png,1.0_4.0_7.0_5.0,2,18,16,48,30,14,4
30091.png,6.0_3.0_8.0,1,7,12,30,23,11,3
30092.png,3.0_3.0,15,47,42,65,18,27,2
30093.png,4.0,1,19,23,32,13,22,1
30094.png,4.0_5.0,22,73,68,120,47,46,2
30095.png,5.0_2.0,36,112,89,157,45,53,2
30096.png,9.0_1.0,3,29,29,45,16,26,2
30097.png,1.0_7.0_6.0,23,108,60,154,46,37,3
30098.png,7.0,15,60,66,88,28,51,1
30099.png,1.0_8.0,1,28,37,56,28,36,2
301.png,6.0,1,16,18,25,9,17,1
3010.png,4.0_2.0,1,16,17,34,18,16,2
30100.png,5.0_10.0,2,76,80,145,69,78,2
30101.png,2.0_3.0_3.0_10.0,3,18,23,58,40,20,4
30102.png,3.0_10.0,13,42,39,58,16,26,2
30103.png,1.0_7.0_3.0,1,20,26,61,41,25,3
30104.png,1.0_5.0,10,41,56,74,33,46,2
30105.png,2.0_1.0,3,24,28,40,16,25,2
30106.png,5.0_8.0,1,14,17,27,13,16,2
30107.png,1.0_5.0,1,20,25,44,24,24,2
30108.png,4.0_10.0,3,23,25,44,21,22,2
30109.png,9.0_6.0,4,28,25,50,22,21,2
3011.png,1.0_6.0_3.0,30,119,82,162,43,52,3
30110.png,3.0_6.0,1,16,23,46,30,22,2
30111.png,1.0_10.0_9.0,1,33,40,104,71,39,3
30112.png,2.0_6.0,6,36,34,56,20,28,2
30113.png,1.0_5.0_9.0_1.0,2,18,22,45,27,20,4
30114.png,7.0_5.0,20,75,69,129,54,49,2
30115.png,4.0_9.0,4,22,23,37,15,19,2
30116.png,8.0,11,49,49,64,15,38,1
30117.png,3.0_2.0,1,24,31,46,22,30,2
30118.png,8.0,17,65,62,85,20,45,1
30119.png,3.0_2.0,14,78,85,121,43,71,2
3012.png,2.0_3.0_9.0_10.0,8,28,23,64,36,15,4
30120.png,7.0_7.0,28,129,66,161,32,38,2
30121.png,1.0,12,62,58,78,16,46,1
30122.png,7.0_4.0,11,45,33,64,19,22,2
30123.png,2.0_4.0_9.0,5,44,34,82,38,29,3
30124.png,2.0_6.0_8.0,5,28,27,60,32,22,3
30125.png,1.0_2.0_10.0,5,21,21,41,20,16,3
30126.png,2.0,14,67,56,81,14,42,1
30127.png,7.0,1,14,14,21,7,13,1
30128.png,5.0_5.0,4,17,23,32,15,19,2
30129.png,2.0_10.0_3.0,17,56,46,98,42,29,3
3013.png,9.0,1,15,18,28,13,17,1
30130.png,7.0,1,13,14,22,9,13,1
30131.png,4.0,9,39,26,51,12,17,1
30132.png,5.0_9.0,14,38,41,68,30,27,2
30133.png,1.0_10.0_3.0,52,113,107,181,68,55,3
30134.png,7.0,8,42,37,58,16,29,1
30135.png,6.0,5,28,36,42,14,31,1
30136.png,9.0,9,52,63,87,35,54,1
30137.png,4.0_1.0,13,51,56,96,45,43,2
30138.png,5.0_4.0,1,66,74,146,80,73,2
30139.png,3.0_3.0,6,30,27,59,29,21,2
3014.png,3.0_9.0,8,43,58,97,54,50,2
30140.png,2.0,1,16,15,23,7,14,1
30141.png,2.0_3.0,2,23,26,41,18,24,2
30142.png,1.0_1.0_4.0,11,47,56,92,45,45,3
30143.png,3.0_5.0,9,32,25,58,26,16,2
30144.png,5.0_9.0,115,91,163,121,30,48,2
30145.png,1.0_3.0_4.0,4,18,24,46,28,20,3
30146.png,7.0_2.0,16,69,51,113,44,35,2
30147.png,2.0_3.0,1,14,20,28,14,19,2
30148.png,7.0,2,16,16,24,8,14,1
30149.png,1.0_6.0_1.0_8.0,5,32,35,86,54,30,4
3015.png,1.0_9.0,15,55,70,99,44,55,2
30150.png,3.0_5.0_7.0,2,21,28,50,29,26,3
30151.png,1.0_4.0,5,33,29,49,16,24,2
30152.png,1.0_6.0_5.0,9,39,46,91,52,37,3
30153.png,1.0_8.0_9.0,1,13,19,37,24,18,3
30154.png,8.0_4.0,6,33,36,59,26,30,2
30155.png,4.0_4.0,3,38,52,95,57,49,2
30156.png,3.0_5.0_7.0,11,56,41,78,22,30,3
30157.png,4.0_3.0,4,35,41,75,40,37,2
30158.png,1.0_10.0,18,78,55,116,38,37,2
30159.png,1.0_7.0,2,35,46,67,32,44,2
3016.png,4.0_9.0,7,29,34,51,22,27,2
30160.png,2.0_8.0_10.0,3,20,28,50,30,25,3
30161.png,1.0_3.0,5,33,40,89,56,35,2
30162.png,3.0_4.0,2,19,17,33,14,15,2
30163.png,1.0,18,66,70,82,16,52,1
30164.png,2.0_1.0_9.0_5.0,2,19,15,48,29,13,4
30165.png,4.0,2,26,32,52,26,30,1
30166.png,2.0_10.0,4,39,50,104,65,46,2
30167.png,7.0,6,31,28,54,23,22,1
30168.png,5.0,14,64,80,98,34,66,1
30169.png,5.0_6.0,14,42,36,66,24,22,2
3017.png,2.0,1,14,14,22,8,13,1
30170.png,1.0_2.0_1.0,7,35,34,56,21,27,3
30171.png,3.0_1.0_2.0,5,32,39,65,33,34,3
30172.png,1.0,7,25,39,41,16,32,1
30173.png,3.0_3.0,2,32,41,79,47,39,2
30174.png,5.0_10.0,17,76,69,116,40,52,2
30175.png,1.0_3.0_6.0_6.0,17,56,48,94,38,31,4
30176.png,1.0_6.0_3.0,2,18,24,58,40,22,3
30177.png,3.0_8.0_4.0,12,62,43,98,36,31,3
30178.png,5.0_5.0,7,46,50,94,48,43,2
30179.png,8.0_7.0,9,35,35,58,23,26,2
3018.png,4.0,9,23,23,33,10,14,1
30180.png,3.0_10.0_5.0_6.0,10,88,117,214,126,107,4
30181.png,4.0,20,64,72,95,31,52,1
30182.png,4.0_3.0_7.0,10,85,38,113,28,28,3
30183.png,5.0_10.0_4.0,114,196,147,239,43,33,3
30184.png,8.0_4.0_3.0,10,42,39,67,25,29,3
30185.png,1.0_7.0_5.0_4.0,1,12,12,40,28,11,4
30186.png,8.0_10.0,1,18,23,33,15,22,2
30187.png,4.0_5.0,1,90,148,184,94,147,2
30188.png,1.0_9.0_2.0,20,55,42,81,26,22,3
30189.png,6.0_4.0,6,26,24,52,26,18,2
3019.png,1.0_1.0,5,40,43,69,29,38,2
30190.png,1.0,5,33,29,42,9,24,1
30191.png,8.0_10.0,6,43,45,75,32,39,2
30192.png,3.0,4,36,28,47,11,24,1
30193.png,1.0_5.0,1,28,39,72,44,38,2
30194.png,2.0_5.0_2.0,5,32,35,78,46,30,3
30195.png,7.0_6.0,2,21,22,43,22,20,2
30196.png,3.0_2.0,4,25,25,40,15,21,2
30197.png,3.0_7.0_4.0,1,26,28,64,38,27,3
30198.png,1.0_3.0,3,35,41,73,38,38,2
30199.png,2.0_3.0_2.0,8,39,47,104,65,39,3
302.png,5.0_10.0,6,32,39,57,25,33,2
3020.png,2.0_3.0_3.0,19,48,38,93,45,19,3
30200.png,7.0_8.0,8,35,39,65,30,31,2
30201.png,1.0_10.0_5.0,14,43,41,76,33,27,3
30202.png,1.0,8,38,49,56,18,41,1
30203.png,1.0_10.0_4.0,6,45,60,127,82,54,3
30204.png,9.0_4.0,14,97,127,200,103,113,2
30205.png,2.0_5.0,9,39,38,64,25,29,2
30206.png,7.0,7,38,38,56,18,31,1
30207.png,8.0_9.0,24,99,79,146,47,55,2
30208.png,2.0_7.0_10.0,8,35,39,86,51,31,3
30209.png,1.0,6,25,26,32,7,20,1
3021.png,2.0_4.0_7.0,47,68,78,107,39,31,3
30210.png,1.0_7.0_10.0,17,58,53,92,34,36,3
30211.png,7.0_5.0,16,60,57,102,42,41,2
30212.png,1.0_5.0_10.0,6,62,87,152,90,81,3
30213.png,7.0,9,57,63,86,29,54,1
30214.png,6.0_2.0,3,17,18,36,19,15,2
30215.png,1.0_6.0,3,23,33,52,29,30,2
30216.png,8.0_10.0,6,66,73,141,75,67,2
30217.png,3.0_9.0,10,40,48,90,50,38,2
30218.png,7.0_5.0_2.0,15,128,52,175,47,37,3
30219.png,8.0,6,27,30,41,14,24,1
3022.png,1.0_9.0_9.0,6,30,27,59,29,21,3
30220.png,4.0,5,35,28,49,14,23,1
30221.png,1.0_2.0,1,8,15,22,14,14,2
30222.png,4.0_5.0,7,56,62,107,51,55,2
30223.png,1.0_7.0_10.0,8,40,40,67,27,32,3
30224.png,4.0_3.0,5,23,32,59,36,27,2
30225.png,2.0,11,49,49,65,16,38,1
30226.png,9.0,6,38,45,51,13,39,1
30227.png,3.0_3.0,2,27,36,72,45,34,2
30228.png,6.0_9.0,37,173,75,212,39,38,2
30229.png,7.0_1.0,3,17,22,38,21,19,2
3023.png,1.0_2.0_4.0_2.0,5,19,20,54,35,15,4
30230.png,1.0_3.0_5.0_8.0,1,14,24,81,67,23,4
30231.png,1.0_2.0,4,31,35,64,33,31,2
30232.png,7.0_2.0,15,64,80,132,68,65,2
30233.png,1.0_7.0_1.0,17,72,66,135,63,49,3
30234.png,2.0,3,14,18,22,8,15,1
30235.png,8.0,2,26,36,54,28,34,1
30236.png,4.0_6.0,10,58,65,111,53,55,2
30237.png,2.0_2.0_1.0,10,41,38,67,26,28,3
30238.png,5.0,10,40,43,62,22,33,1
30239.png,4.0_5.0,8,50,61,101,51,53,2
3024.png,1.0_6.0_4.0,8,31,35,59,28,27,3
30240.png,1.0_1.0_3.0,2,11,14,25,14,12,3
30241.png,3.0,4,22,26,32,10,22,1
30242.png,1.0_10.0_3.0,4,30,25,58,28,21,3
30243.png,3.0_2.0,15,75,78,156,81,63,2
30244.png,6.0,3,21,21,35,14,18,1
30245.png,3.0_9.0,10,42,62,103,61,52,2
30246.png,5.0_1.0_8.0,22,95,60,163,68,38,3
30247.png,4.0_8.0,1,19,26,43,24,25,2
30248.png,2.0_1.0_8.0,1,15,21,34,19,20,3
30249.png,1.0_2.0,6,27,24,42,15,18,2
3025.png,4.0_2.0,8,32,41,75,43,33,2
30250.png,7.0,3,26,27,37,11,24,1
30251.png,3.0_8.0_3.0,12,57,50,86,29,38,3
30252.png,9.0_4.0,4,23,18,36,13,14,2
30253.png,3.0_6.0_1.0,22,70,68,122,52,46,3
30254.png,1.0_6.0_4.0,11,43,47,74,31,36,3
30255.png,3.0_8.0,15,51,52,84,33,37,2
30256.png,3.0_10.0,10,47,59,98,51,49,2
30257.png,7.0_1.0,9,23,23,36,13,14,2
30258.png,1.0_6.0_3.0,16,37,36,63,26,20,3
30259.png,1.0_2.0_2.0,3,30,37,62,32,34,3
3026.png,2.0_1.0_3.0,3,27,26,53,26,23,3
30260.png,9.0_4.0_1.0,12,77,77,154,77,65,3
30261.png,5.0,6,31,27,41,10,21,1
30262.png,6.0_7.0,5,47,47,75,28,42,2
30263.png,8.0_2.0,9,61,91,150,89,82,2
30264.png,7.0_10.0,3,17,17,30,13,14,2
30265.png,5.0_7.0_5.0,68,164,98,197,33,30,3
30266.png,1.0_4.0,5,24,21,44,20,16,2
30267.png,7.0_2.0_6.0,10,53,55,123,70,45,3
30268.png,6.0,19,98,77,132,34,58,1
30269.png,8.0,8,47,61,77,30,53,1
3027.png,3.0_9.0,8,42,44,73,31,36,2
30270.png,2.0_2.0_2.0_2.0,1,12,15,41,29,14,4
30271.png,4.0_1.0,3,20,18,29,9,15,2
30272.png,1.0_1.0,2,20,22,34,14,20,2
30273.png,6.0_4.0,18,57,47,78,21,29,2
30274.png,1.0_3.0,3,35,42,81,46,39,2
30275.png,1.0_10.0_7.0,4,24,26,59,35,22,3
30276.png,1.0_3.0_2.0,3,21,26,47,26,23,3
30277.png,1.0_10.0_5.0,9,41,50,103,62,41,3
30278.png,7.0_6.0,21,85,95,159,74,74,2
30279.png,4.0_2.0,4,9,26,38,29,22,2
3028.png,8.0_3.0_7.0,15,140,63,220,80,48,3
30280.png,2.0_1.0,12,55,69,91,36,57,2
30281.png,1.0_1.0_1.0,7,41,51,73,32,44,3
30282.png,1.0_2.0_2.0,2,16,17,29,13,15,3
30283.png,1.0_7.0,19,83,98,162,79,79,2
30284.png,7.0_2.0,1,22,24,33,11,23,2
30285.png,3.0_9.0,2,23,27,53,30,25,2
30286.png,2.0_1.0,7,40,54,82,42,47,2
30287.png,9.0_2.0_9.0,12,65,70,155,90,58,3
30288.png,2.0_7.0,4,48,53,95,47,49,2
30289.png,1.0_5.0_3.0_7.0,1,21,18,53,32,17,4
3029.png,4.0,18,86,99,144,58,81,1
30290.png,6.0_5.0,6,27,34,49,22,28,2
30291.png,5.0_10.0_10.0,13,66,63,150,84,50,3
30292.png,2.0_10.0_7.0_8.0,3,21,22,62,41,19,4
30293.png,3.0_1.0,6,20,18,32,12,12,2
30294.png,3.0_3.0,5,63,79,134,71,74,2
30295.png,7.0_6.0,12,71,76,147,76,64,2
30296.png,9.0_2.0_2.0,26,78,85,162,84,59,3
30297.png,5.0_1.0,13,45,37,68,23,24,2
30298.png,1.0_8.0,12,66,77,116,50,65,2
30299.png,1.0_7.0_8.0_6.0,7,33,33,69,36,26,4
303.png,2.0_3.0,4,25,26,49,24,22,2
3030.png,3.0_5.0,6,36,42,70,34,36,2
30300.png,1.0_1.0,18,51,49,78,27,31,2
30301.png,1.0_7.0,5,21,21,42,21,16,2
30302.png,1.0_9.0_9.0,1,10,14,33,23,13,3
30303.png,5.0_1.0_6.0,2,18,24,42,24,22,3
30304.png,3.0_8.0,15,71,77,125,54,62,2
30305.png,4.0_5.0_9.0,13,43,39,81,38,26,3
30306.png,5.0_5.0,3,28,35,53,25,32,2
30307.png,1.0_5.0_7.0,21,93,95,196,103,74,3
30308.png,4.0_10.0,17,88,54,127,39,37,2
30309.png,3.0_7.0_1.0,14,78,80,132,54,66,3
3031.png,3.0_5.0,5,25,30,53,28,25,2
30310.png,6.0_10.0,11,53,57,91,38,46,2
30311.png,2.0_6.0,4,20,19,35,15,15,2
30312.png,4.0_4.0,13,60,62,115,55,49,2
30313.png,8.0_6.0_1.0,7,44,53,88,44,46,3
30314.png,3.0_8.0,10,25,27,40,15,17,2
30315.png,1.0_3.0_9.0,4,27,29,52,25,25,3
30316.png,1.0_4.0_6.0_7.0,1,9,14,37,28,13,4
30317.png,1.0_1.0_3.0,14,1,122,159,158,108,3
30318.png,8.0_2.0_6.0,14,26,69,205,179,55,3
30319.png,3.0_4.0_9.0,4,42,57,123,81,53,3
3032.png,6.0_5.0,54,85,91,129,44,37,2
30320.png,2.0_1.0_3.0,9,35,34,67,32,25,3
30321.png,1.0_2.0_3.0,27,63,61,99,36,34,3
30322.png,2.0_7.0_1.0,14,52,44,92,40,30,3
30323.png,6.0_1.0,4,22,28,50,28,24,2
30324.png,3.0_4.0,11,40,26,53,13,15,2
30325.png,10.0,46,143,103,165,22,57,1
30326.png,5.0_2.0,14,47,47,74,27,33,2
30327.png,8.0_8.0,10,27,28,50,23,18,2
30328.png,2.0_7.0,1,12,15,27,15,14,2
30329.png,2.0_9.0_3.0,10,43,38,86,43,28,3
3033.png,3.0_9.0,7,42,48,97,55,41,2
30330.png,9.0,4,23,23,36,13,19,1
30331.png,1.0_1.0_1.0,9,57,66,135,78,57,3
30332.png,4.0,13,57,38,77,20,25,1
30333.png,1.0_10.0_6.0,4,36,43,96,60,39,3
30334.png,7.0_8.0,0,20,26,40,20,26,2
30335.png,1.0,18,65,58,83,18,40,1
30336.png,1.0_8.0,4,30,39,65,35,35,2
30337.png,2.0_4.0_3.0_10.0,3,33,38,121,88,35,4
30338.png,3.0_5.0,3,24,29,50,26,26,2
30339.png,1.0_2.0_2.0_9.0,3,33,23,76,43,20,4
3034.png,3.0_3.0,53,223,298,488,265,245,2
30340.png,1.0_10.0_3.0,17,73,67,138,65,50,3
30341.png,4.0,4,25,20,33,8,16,1
30342.png,1.0_5.0_10.0,5,26,26,47,21,21,3
30343.png,6.0_1.0,1,19,30,45,26,29,2
30344.png,2.0_1.0_10.0,16,58,39,111,53,23,3
30345.png,2.0_1.0,4,21,28,45,24,24,2
30346.png,9.0_5.0,8,40,50,76,36,42,2
30347.png,9.0_7.0,1,20,26,50,30,25,2
30348.png,1.0_8.0_5.0,12,40,47,72,32,35,3
30349.png,2.0_5.0,24,121,151,222,101,127,2
3035.png,2.0_8.0,18,77,60,126,49,42,2
30350.png,4.0,6,41,46,61,20,40,1
30351.png,2.0_2.0_3.0_4.0,1,20,30,80,60,29,4
30352.png,2.0,3,24,28,35,11,25,1
30353.png,1.0_9.0,4,25,37,46,21,33,2
30354.png,2.0_5.0_9.0,2,38,42,64,26,40,3
30355.png,2.0_1.0,2,15,24,39,24,22,2
30356.png,2.0_9.0_10.0,88,198,123,249,51,35,3
30357.png,2.0_3.0_10.0,25,103,118,213,110,93,3
30358.png,3.0_10.0,7,29,26,43,14,19,2
30359.png,3.0_9.0,2,25,25,46,21,23,2
3036.png,5.0,4,21,21,29,8,17,1
30360.png,1.0_5.0_7.0_9.0,8,31,40,66,35,32,4
30361.png,1.0_5.0,11,45,55,78,33,44,2
30362.png,7.0_10.0,4,33,45,75,42,41,2
30363.png,3.0_3.0_1.0,1,18,21,35,17,20,3
30364.png,6.0_1.0,1,23,29,43,20,28,2
30365.png,2.0,3,40,47,59,19,44,1
30366.png,5.0_2.0,11,67,52,110,43,41,2
30367.png,2.0_2.0_5.0,5,28,30,58,30,25,3
30368.png,6.0_4.0,13,51,49,91,40,36,2
30369.png,5.0_3.0,9,51,69,121,70,60,2
3037.png,3.0_8.0,4,26,27,46,20,23,2
30370.png,4.0_10.0,3,16,19,30,14,16,2
30371.png,8.0_10.0,10,94,86,164,70,76,2
30372.png,1.0_10.0_8.0,1,15,20,41,26,19,3
30373.png,3.0_3.0,1,22,36,49,27,35,2
30374.png,3.0_6.0,6,27,31,55,28,25,2
30375.png,4.0_6.0,7,36,43,71,35,36,2
30376.png,2.0_5.0_3.0,3,15,17,35,20,14,3
30377.png,6.0_3.0,8,49,52,88,39,44,2
30378.png,3.0_5.0,9,37,40,59,22,31,2
30379.png,8.0,2,23,23,33,10,21,1
3038.png,3.0_2.0,5,32,33,50,18,28,2
30380.png,1.0_10.0,4,29,34,56,27,30,2
30381.png,9.0_1.0,3,38,39,75,37,36,2
30382.png,4.0,12,44,34,67,23,22,1
30383.png,1.0_4.0_4.0,11,47,44,86,39,33,3
30384.png,1.0,9,57,51,83,26,42,1
30385.png,2.0_1.0_5.0,9,60,31,79,19,22,3
30386.png,2.0_8.0_5.0,13,81,106,159,78,93,3
30387.png,3.0_1.0_2.0,11,55,48,95,40,37,3
30388.png,1.0_1.0,6,26,20,36,10,14,2
30389.png,2.0_8.0,12,43,39,65,22,27,2
3039.png,6.0,2,23,23,34,11,21,1
30390.png,8.0_1.0,8,50,60,92,42,52,2
30391.png,1.0_3.0,4,29,33,49,20,29,2
30392.png,2.0_7.0_1.0,8,46,56,85,39,48,3
30393.png,4.0_6.0,8,31,34,53,22,26,2
30394.png,3.0,3,17,19,27,10,16,1
30395.png,4.0_9.0,2,24,28,45,21,26,2
30396.png,1.0_10.0,1,43,60,102,59,59,2
30397.png,2.0_8.0_5.0,50,153,100,210,57,50,3
30398.png,4.0_6.0,2,24,33,52,28,31,2
30399.png,1.0_3.0_2.0,1,13,14,30,17,13,3
304.png,1.0_7.0,5,25,33,51,26,28,2
3040.png,3.0_1.0,1,23,29,40,17,28,2
30400.png,4.0_6.0,5,50,69,101,51,64,2
30401.png,5.0_8.0_10.0,17,92,98,180,88,81,3
30402.png,8.0_3.0_5.0,4,40,38,81,41,34,3
30403.png,5.0_10.0,4,18,18,30,12,14,2
30404.png,5.0_3.0,1,24,32,51,27,31,2
30405.png,1.0_5.0_5.0_10.0,1,15,15,40,25,14,4
30406.png,7.0,8,43,41,62,19,33,1
30407.png,9.0_3.0,2,23,25,41,18,23,2
30408.png,1.0_5.0_3.0,1,15,19,39,24,18,3
30409.png,2.0_8.0_3.0,2,52,65,121,69,63,3
3041.png,4.0_1.0,10,48,52,80,32,42,2
30410.png,8.0,6,26,24,37,11,18,1
30411.png,5.0_3.0_10.0,2,31,38,64,33,36,3
30412.png,3.0_5.0,7,55,63,115,60,56,2
30413.png,6.0_9.0,8,56,64,108,52,56,2
30414.png,2.0_9.0,5,19,16,33,14,11,2
30415.png,4.0_5.0,14,56,52,88,32,38,2
30416.png,1.0,7,39,40,49,10,33,1
30417.png,3.0_6.0,3,14,20,29,15,17,2
30418.png,1.0_9.0,5,27,27,47,20,22,2
30419.png,5.0_3.0,8,35,32,58,23,24,2
3042.png,4.0_1.0,3,23,30,42,19,27,2
30420.png,3.0,43,135,103,184,49,60,1
30421.png,1.0_6.0_3.0,10,45,42,74,29,32,3
30422.png,3.0_3.0,9,42,44,74,32,35,2
30423.png,1.0_2.0,14,49,47,77,28,33,2
30424.png,2.0_1.0_3.0,1,25,29,74,49,28,3
30425.png,2.0_2.0,4,72,74,123,51,70,2
30426.png,1.0_2.0_10.0,1,20,25,49,29,24,3
30427.png,6.0_6.0,10,70,70,119,49,60,2
30428.png,2.0,5,24,25,36,12,20,1
30429.png,4.0_3.0,4,40,52,103,63,48,2
3043.png,2.0_5.0_1.0,1,21,24,49,28,23,3
30430.png,1.0_2.0_4.0,16,64,57,134,70,41,3
30431.png,2.0_3.0,7,48,53,103,55,46,2
30432.png,2.0_2.0,17,136,44,165,29,27,2
30433.png,1.0_5.0,12,99,89,177,78,77,2
30434.png,4.0_1.0,1,21,29,55,34,28,2
30435.png,9.0,5,32,29,42,10,24,1
30436.png,3.0,1,20,26,33,13,25,1
30437.png,9.0_5.0,2,25,25,40,15,23,2
30438.png,5.0_9.0,20,76,75,131,55,55,2
30439.png,5.0_6.0,4,23,24,51,28,20,2
3044.png,6.0,1,25,32,45,20,31,1
30440.png,5.0_10.0,6,23,25,44,21,19,2
30441.png,1.0_1.0,1,25,29,34,9,28,2
30442.png,5.0_7.0_2.0,20,99,56,151,52,36,3
30443.png,1.0_4.0,5,34,39,62,28,34,2
30444.png,10.0_9.0,15,77,78,141,64,63,2
30445.png,3.0_3.0,4,20,22,35,15,18,2
30446.png,4.0_5.0,16,70,79,129,59,63,2
30447.png,5.0_2.0,9,36,34,56,20,25,2
30448.png,1.0_2.0_9.0_8.0,16,123,95,216,93,79,4
30449.png,6.0_6.0,1,22,29,48,26,28,2
3045.png,5.0_1.0_2.0_2.0,5,26,24,62,36,19,4
30450.png,4.0,41,238,301,364,126,260,1
30451.png,2.0_7.0_7.0_5.0,1,15,14,49,34,13,4
30452.png,1.0_7.0,6,27,24,41,14,18,2
30453.png,4.0_9.0,11,79,100,147,68,89,2
30454.png,7.0_9.0,8,51,60,121,70,52,2
30455.png,1.0_4.0,22,75,80,118,43,58,2
30456.png,1.0,8,41,32,52,11,24,1
30457.png,2.0_8.0,4,29,30,46,17,26,2
30458.png,2.0_6.0_6.0,3,15,21,41,26,18,3
30459.png,2.0_10.0,5,43,57,91,48,52,2
3046.png,1.0_2.0_4.0,8,38,37,66,28,29,3
30460.png,3.0_5.0,13,6,59,48,42,46,2
30461.png,1.0_10.0_9.0,3,30,41,86,56,38,3
30462.png,9.0,4,30,35,45,15,31,1
30463.png,1.0,6,30,31,38,8,25,1
30464.png,4.0,1,8,12,15,7,11,1
30465.png,1.0_10.0,6,35,44,74,39,38,2
30466.png,4.0_7.0,9,43,41,67,24,32,2
30467.png,1.0_9.0_8.0,4,39,43,90,51,39,3
30468.png,1.0,7,23,23,28,5,16,1
30469.png,1.0_5.0,6,36,38,76,40,32,2
3047.png,2.0_9.0,3,19,20,34,15,17,2
30470.png,1.0,25,86,94,128,42,69,1
30471.png,1.0_7.0,1,52,74,133,81,73,2
30472.png,3.0_2.0,7,24,20,36,12,13,2
30473.png,2.0_10.0_6.0,8,32,37,67,35,29,3
30474.png,4.0_8.0,9,49,55,110,61,46,2
30475.png,1.0_2.0_9.0,1,17,18,34,17,17,3
30476.png,1.0_7.0,23,128,127,235,107,104,2
30477.png,2.0_9.0,9,32,27,55,23,18,2
30478.png,6.0,13,65,76,97,32,63,1
30479.png,2.0_6.0_1.0,12,58,45,97,39,33,3
3048.png,4.0_2.0,17,88,110,182,94,93,2
30480.png,2.0_7.0,1,28,36,54,26,35,2
30481.png,6.0_7.0,12,74,75,145,71,63,2
30482.png,1.0_4.0_4.0,8,76,63,124,48,55,3
30483.png,3.0_4.0,7,28,28,55,27,21,2
30484.png,4.0_1.0,6,39,47,73,34,41,2
30485.png,4.0_8.0,1,299,424,713,414,423,2
30486.png,2.0_3.0_8.0,21,64,48,103,39,27,3
30487.png,1.0_7.0,13,54,59,91,37,46,2
30488.png,1.0,1,12,15,20,8,14,1
30489.png,1.0_1.0,1,28,28,42,14,27,2
3049.png,7.0,10,58,30,68,10,20,1
30490.png,7.0,5,40,47,58,18,42,1
30491.png,1.0_4.0_6.0,14,195,58,244,49,44,3
30492.png,4.0_1.0,1,18,19,37,19,18,2
30493.png,7.0,6,52,58,80,28,52,1
30494.png,5.0_2.0_10.0,1,25,28,56,31,27,3
30495.png,9.0_8.0,11,68,53,92,24,42,2
30496.png,3.0,6,23,28,38,15,22,1
30497.png,9.0_2.0,120,304,290,371,67,170,2
30498.png,6.0_8.0_10.0,13,67,69,109,42,56,3
30499.png,5.0,9,31,27,38,7,18,1
305.png,1.0_5.0_3.0,6,24,22,44,20,16,3
3050.png,3.0_5.0_8.0,23,58,103,158,100,80,3
30500.png,8.0,23,113,84,144,31,61,1
30501.png,1.0_9.0_7.0,2,24,28,53,29,26,3
30502.png,4.0_2.0_6.0,59,71,84,99,28,25,3
30503.png,1.0_2.0,4,20,20,37,17,16,2
30504.png,3.0_10.0,11,50,51,80,30,40,2
30505.png,1.0_10.0,17,47,42,72,25,25,2
30506.png,8.0_6.0,8,31,30,56,25,22,2
30507.png,5.0_8.0,23,61,74,95,34,51,2
30508.png,1.0_3.0_4.0,5,22,26,49,27,21,3
30509.png,1.0,6,26,21,33,7,15,1
3051.png,4.0,6,23,26,35,12,20,1
30510.png,3.0_2.0_7.0,10,0,38,43,43,28,3
30511.png,1.0,8,55,75,78,23,67,1
30512.png,5.0_4.0,2,22,29,59,37,27,2
30513.png,2.0_5.0_1.0,61,48,131,125,77,70,3
30514.png,1.0_7.0_8.0,18,188,67,234,46,49,3
30515.png,4.0,8,31,33,51,20,25,1
30516.png,8.0_2.0,5,33,42,62,29,37,2
30517.png,1.0_9.0,1,15,18,25,10,17,2
30518.png,1.0_8.0_4.0,18,88,99,184,96,81,3
30519.png,8.0_7.0,1,28,39,68,40,38,2
3052.png,1.0_4.0_4.0,1,29,27,59,30,26,3
30520.png,4.0,8,47,45,69,22,37,1
30521.png,1.0_10.0_4.0,4,37,47,104,67,43,3
30522.png,3.0_4.0,10,46,47,83,37,37,2
30523.png,1.0_10.0_10.0,24,93,88,156,63,64,3
30524.png,9.0_2.0,4,40,48,80,40,44,2
30525.png,8.0,5,26,20,38,12,15,1
30526.png,4.0_2.0,6,32,28,52,20,22,2
30527.png,4.0_2.0,29,61,65,100,39,36,2
30528.png,2.0_2.0,5,75,117,193,118,112,2
30529.png,8.0,3,22,17,33,11,14,1
3053.png,2.0_7.0_3.0,9,39,38,89,50,29,3
30530.png,1.0_4.0,9,36,40,54,18,31,2
30531.png,3.0_1.0_1.0_7.0,11,110,40,149,39,29,4
30532.png,1.0_6.0,1,15,21,43,28,20,2
30533.png,1.0_3.0_6.0,4,29,32,56,27,28,3
30534.png,7.0_2.0,16,67,62,122,55,46,2
30535.png,1.0_1.0_8.0,5,32,35,81,49,30,3
30536.png,4.0_9.0,4,24,22,45,21,18,2
30537.png,7.0_7.0,1,28,32,53,25,31,2
30538.png,2.0_3.0_7.0_1.0,25,135,56,178,43,31,4
30539.png,3.0_4.0_5.0,10,43,43,94,51,33,3
3054.png,3.0_1.0,10,58,58,95,37,48,2
30540.png,1.0_1.0,4,36,42,56,20,38,2
30541.png,1.0_7.0_2.0,1,37,45,99,62,44,3
30542.png,2.0_2.0,13,60,51,96,36,38,2
30543.png,6.0_10.0,5,34,39,62,28,34,2
30544.png,1.0_8.0_5.0,21,119,82,212,93,61,3
30545.png,1.0,6,26,25,34,8,19,1
30546.png,3.0_10.0,8,49,58,121,72,50,2
30547.png,1.0_9.0_2.0,66,104,93,137,33,27,3
30548.png,9.0_6.0,12,77,83,160,83,71,2
30549.png,1.0_5.0,3,19,19,37,18,16,2
3055.png,9.0_3.0,51,74,86,108,34,35,2
30550.png,1.0_10.0_5.0,0,19,28,55,36,28,3
30551.png,8.0_6.0,13,65,68,109,44,55,2
30552.png,3.0,10,41,35,57,16,25,1
30553.png,1.0_7.0_4.0,4,27,29,69,42,25,3
30554.png,1.0_4.0_10.0,21,156,80,219,63,59,3
30555.png,7.0,3,20,22,28,8,19,1
30556.png,4.0_9.0,1,31,39,59,28,38,2
30557.png,3.0_9.0_7.0,17,71,62,133,62,45,3
30558.png,2.0_5.0,9,43,55,89,46,46,2
30559.png,2.0_9.0,18,45,44,69,24,26,2
3056.png,3.0_4.0_6.0,1,26,16,55,29,15,3
30560.png,3.0_8.0,3,23,37,57,34,34,2
30561.png,1.0,11,51,52,71,20,41,1
30562.png,4.0_4.0,3,16,19,32,16,16,2
30563.png,9.0,3,26,33,41,15,30,1
30564.png,1.0_7.0,27,110,61,134,24,34,2
30565.png,4.0_1.0_10.0,6,32,40,73,41,34,3
30566.png,1.0_4.0_2.0,19,1,44,41,40,25,3
30567.png,1.0_4.0_7.0,5,28,31,59,31,26,3
30568.png,3.0_8.0,3,18,18,37,19,15,2
30569.png,1.0_8.0,15,58,64,100,42,49,2
3057.png,2.0,8,37,30,48,11,22,1
30570.png,7.0_1.0,2,22,27,55,33,25,2
30571.png,3.0_3.0,1,16,22,40,24,21,2
30572.png,2.0_6.0,2,20,29,43,23,27,2
30573.png,4.0_4.0,4,30,28,46,16,24,2
30574.png,2.0_8.0,7,41,41,65,24,34,2
30575.png,8.0_8.0,1,23,20,34,11,19,2
30576.png,9.0_4.0_5.0,9,33,28,66,33,19,3
30577.png,3.0_9.0,7,40,58,90,50,51,2
30578.png,3.0_5.0,4,25,28,58,33,24,2
30579.png,1.0_9.0,7,26,24,43,17,17,2
3058.png,1.0_8.0_9.0,23,267,72,320,53,49,3
30580.png,1.0_9.0,3,29,30,52,23,27,2
30581.png,1.0_3.0_4.0,7,33,38,79,46,31,3
30582.png,5.0_3.0_1.0,25,125,76,174,49,51,3
30583.png,1.0_7.0,5,34,33,61,27,28,2
30584.png,1.0_5.0,6,35,42,64,29,36,2
30585.png,5.0_2.0,19,73,78,120,47,59,2
30586.png,6.0_10.0,6,31,31,63,32,25,2
30587.png,7.0_10.0,1,16,17,32,16,16,2
30588.png,6.0_7.0,5,29,33,50,21,28,2
30589.png,1.0_2.0,6,38,48,69,31,42,2
3059.png,5.0_4.0_3.0,54,196,101,261,65,47,3
30590.png,2.0_9.0,3,51,52,108,57,49,2
30591.png,9.0_3.0,4,28,28,46,18,24,2
30592.png,8.0,8,41,38,58,17,30,1
30593.png,6.0_6.0,4,50,56,94,44,52,2
30594.png,1.0_10.0_2.0_1.0,4,42,26,83,41,22,4
30595.png,1.0_3.0,39,81,99,116,35,60,2
30596.png,1.0_9.0_5.0,3,85,87,157,72,84,3
30597.png,8.0_5.0_1.0,13,58,47,102,44,34,3
30598.png,3.0_8.0_10.0,59,265,102,317,52,43,3
30599.png,3.0_6.0,1,35,36,72,37,35,2
306.png,8.0_7.0,8,44,49,78,34,41,2
3060.png,1.0_9.0,8,56,52,92,36,44,2
30600.png,2.0_4.0,6,36,50,74,38,44,2
30601.png,1.0_10.0,2,37,41,68,31,39,2
30602.png,3.0_6.0,4,22,22,40,18,18,2
30603.png,5.0_4.0,5,35,42,66,31,37,2
30604.png,3.0,1,28,29,44,16,28,1
30605.png,8.0_6.0,17,56,45,81,25,28,2
30606.png,7.0_8.0,12,60,60,107,47,48,2
30607.png,1.0_4.0_2.0,13,43,36,71,28,23,3
30608.png,9.0_3.0,3,25,31,58,33,28,2
30609.png,4.0_7.0,4,26,29,44,18,25,2
3061.png,5.0_3.0,1,29,39,57,28,38,2
30610.png,3.0_2.0,1,16,18,37,21,17,2
30611.png,2.0_7.0,15,69,85,142,73,70,2
30612.png,4.0_4.0,3,23,20,38,15,17,2
30613.png,1.0_10.0_1.0,10,58,58,101,43,48,3
30614.png,1.0_6.0_1.0,9,46,55,79,33,46,3
30615.png,8.0,9,50,32,63,13,23,1
30616.png,2.0_3.0,24,81,90,174,93,66,2
30617.png,1.0_3.0,9,60,68,124,64,59,2
30618.png,1.0_7.0,59,214,198,336,122,139,2
30619.png,3.0_7.0_9.0,8,46,52,101,55,44,3
3062.png,3.0,1,41,41,53,12,40,1
30620.png,1.0_3.0_9.0,2,24,20,40,16,18,3
30621.png,1.0_9.0_4.0,10,34,34,56,22,24,3
30622.png,1.0_5.0_6.0,8,37,39,67,30,31,3
30623.png,1.0_7.0_9.0,10,33,29,58,25,19,3
30624.png,2.0_8.0_4.0,7,28,43,89,61,36,3
30625.png,6.0_8.0_2.0_2.0,15,50,40,96,46,25,4
30626.png,1.0_3.0_7.0,3,20,23,41,21,20,3
30627.png,1.0_2.0,6,32,31,48,16,25,2
30628.png,4.0_2.0,1,30,41,57,27,40,2
30629.png,9.0_6.0,8,33,42,59,26,34,2
3063.png,1.0_3.0_5.0,8,6,33,30,24,25,3
30630.png,2.0,1,19,22,33,14,21,1
30631.png,5.0_1.0_10.0_3.0,1,21,23,46,25,22,4
30632.png,1.0_10.0_5.0,8,67,76,153,86,68,3
30633.png,1.0_10.0,1,14,17,28,14,16,2
30634.png,4.0_10.0,5,69,88,158,89,83,2
30635.png,3.0_10.0,11,50,61,112,62,50,2
30636.png,2.0_6.0,4,38,42,76,38,38,2
30637.png,1.0_4.0_4.0,3,17,21,43,26,18,3
30638.png,6.0_8.0,5,22,25,46,24,20,2
30639.png,2.0_8.0,4,18,22,38,20,18,2
3064.png,1.0_7.0_10.0,5,38,51,98,60,46,3
30640.png,8.0_5.0,38,121,144,233,112,106,2
30641.png,1.0_8.0,5,47,58,94,47,53,2
30642.png,5.0_5.0,23,83,104,183,100,81,2
30643.png,8.0_2.0_7.0,16,117,95,187,70,79,3
30644.png,7.0_5.0,1,25,26,50,25,25,2
30645.png,4.0_9.0,8,61,87,154,93,79,2
30646.png,1.0_3.0_2.0,1,16,19,40,24,18,3
30647.png,5.0_7.0,3,20,28,45,25,25,2
30648.png,1.0_4.0,2,13,14,26,13,12,2
30649.png,3.0_5.0,5,37,50,96,59,45,2
3065.png,3.0_8.0_6.0,4,31,27,62,31,23,3
30650.png,1.0_9.0,1,16,21,33,17,20,2
30651.png,3.0,8,30,41,55,25,33,1
30652.png,1.0_2.0_8.0_8.0,4,17,18,49,32,14,4
30653.png,2.0_2.0,22,75,65,118,43,43,2
30654.png,1.0_10.0_5.0,11,60,76,139,79,65,3
30655.png,8.0,30,137,142,194,57,112,1
30656.png,1.0_8.0,13,50,50,71,21,37,2
30657.png,9.0_3.0,1,11,14,26,15,13,2
30658.png,8.0,4,23,20,33,10,16,1
30659.png,9.0,11,42,29,51,9,18,1
3066.png,3.0_8.0_10.0_1.0,1,26,29,97,71,28,4
30660.png,2.0_2.0_3.0,10,42,34,86,44,24,3
30661.png,4.0,1,15,19,26,11,18,1
30662.png,2.0_5.0_1.0,1,19,17,41,22,16,3
30663.png,2.0_5.0,2,16,17,29,13,15,2
30664.png,2.0_1.0,1,16,22,31,15,21,2
30665.png,4.0_10.0,10,36,35,49,13,25,2
30666.png,1.0_5.0,1,20,26,44,24,25,2
30667.png,7.0_3.0,3,53,51,87,34,48,2
30668.png,5.0_10.0_6.0,6,32,39,86,54,33,3
30669.png,1.0_2.0,9,50,62,101,51,53,2
3067.png,3.0_9.0_5.0,3,24,28,53,29,25,3
30670.png,7.0_1.0,3,26,25,47,21,22,2
30671.png,4.0,1,20,32,47,27,31,1
30672.png,1.0_8.0,2,25,25,38,13,23,2
30673.png,7.0_3.0,5,33,38,69,36,33,2
30674.png,5.0_4.0,2,23,26,53,30,24,2
30675.png,6.0,7,35,37,54,19,30,1
30676.png,1.0_2.0_4.0,1,18,16,45,27,15,3
30677.png,1.0_2.0_10.0,6,56,42,102,46,36,3
30678.png,2.0_2.0_3.0,43,95,89,146,51,46,3
30679.png,3.0_7.0,1,28,37,64,36,36,2
3068.png,8.0_6.0,10,60,81,129,69,71,2
30680.png,1.0,10,62,52,72,10,42,1
30681.png,3.0_7.0,5,23,26,39,16,21,2
30682.png,7.0_2.0,16,47,43,76,29,27,2
30683.png,3.0_9.0_6.0,11,67,73,134,67,62,3
30684.png,1.0_2.0_9.0,1,15,20,57,42,19,3
30685.png,2.0_9.0_2.0,27,96,61,133,37,34,3
30686.png,9.0_8.0,9,44,47,75,31,38,2
30687.png,1.0_5.0,9,58,45,82,24,36,2
30688.png,5.0_10.0,17,85,65,112,27,48,2
30689.png,9.0_7.0,4,59,80,158,99,76,2
3069.png,1.0_2.0,10,61,70,118,57,60,2
30690.png,1.0_2.0,14,51,37,67,16,23,2
30691.png,3.0_6.0,4,15,18,32,17,14,2
30692.png,4.0_8.0,5,19,21,34,15,16,2
30693.png,1.0_7.0,3,27,28,41,14,25,2
30694.png,3.0_10.0,3,18,22,35,17,19,2
30695.png,3.0_10.0,6,30,34,55,25,28,2
30696.png,3.0_7.0,1,28,48,87,59,47,2
30697.png,1.0_1.0_7.0,4,20,18,34,14,14,3
30698.png,2.0_9.0,22,72,65,113,41,43,2
30699.png,5.0,15,49,38,62,13,23,1
307.png,2.0_3.0,9,85,103,184,99,94,2
3070.png,6.0,2,15,16,21,6,14,1
30700.png,2.0_6.0,10,37,32,70,33,22,2
30701.png,1.0_1.0_2.0,17,62,72,124,62,55,3
30702.png,1.0_1.0,3,40,31,51,11,28,2
30703.png,2.0_3.0_1.0,14,10,29,33,23,15,3
30704.png,4.0_9.0,9,43,30,66,23,21,2
30705.png,3.0_10.0,24,88,77,140,52,53,2
30706.png,5.0_7.0_1.0_3.0,1,20,21,53,33,20,4
30707.png,7.0_1.0,7,31,33,57,26,26,2
30708.png,3.0_1.0,3,20,20,37,17,17,2
30709.png,1.0_2.0_10.0,10,52,43,100,48,33,3
3071.png,3.0_2.0_7.0,9,38,43,99,61,34,3
30710.png,4.0_5.0,6,44,56,86,42,50,2
30711.png,2.0_1.0_5.0,15,64,68,129,65,53,3
30712.png,3.0_2.0,5,52,64,136,84,59,2
30713.png,2.0_4.0,3,44,49,82,38,46,2
30714.png,6.0,4,23,26,36,13,22,1
30715.png,3.0_1.0_5.0,25,13,91,93,80,66,3
30716.png,2.0_10.0,13,62,63,114,52,50,2
30717.png,6.0_9.0,5,24,22,41,17,17,2
30718.png,1.0_2.0_8.0_2.0,36,188,79,250,62,43,4
30719.png,3.0_1.0_5.0,3,32,27,65,33,24,3
3072.png,6.0_7.0,2,26,29,53,27,27,2
30720.png,1.0_6.0_1.0,16,54,46,93,39,30,3
30721.png,8.0_5.0,1,16,18,34,18,17,2
30722.png,1.0_8.0_8.0,6,35,43,79,44,37,3
30723.png,1.0_10.0_3.0,16,120,91,185,65,75,3
30724.png,1.0_10.0_10.0,7,44,53,96,52,46,3
30725.png,1.0_7.0_1.0_10.0,144,294,184,380,86,40,4
30726.png,5.0,2,25,28,39,14,26,1
30727.png,1.0_8.0_10.0,4,38,34,81,43,30,3
30728.png,1.0_5.0_10.0,13,58,63,121,63,50,3
30729.png,2.0_8.0,7,48,50,95,47,43,2
3073.png,4.0,1,21,20,29,8,19,1
30730.png,9.0_8.0,16,104,82,157,53,66,2
30731.png,3.0_2.0_7.0,3,18,19,43,25,16,3
30732.png,3.0,7,36,42,51,15,35,1
30733.png,6.0_3.0,35,170,66,202,32,31,2
30734.png,9.0_5.0,2,51,58,93,42,56,2
30735.png,1.0_9.0_5.0_10.0,1,17,24,67,50,23,4
30736.png,1.0_7.0_1.0,21,82,112,214,132,91,3
30737.png,1.0_3.0_2.0,8,37,33,74,37,25,3
30738.png,1.0_8.0_1.0,10,50,46,94,44,36,3
30739.png,5.0_10.0,8,11,49,54,43,41,2
3074.png,5.0_3.0,2,21,19,46,25,17,2
30740.png,1.0_7.0_8.0,62,129,100,186,57,38,3
30741.png,1.0_2.0_6.0,1,23,28,58,35,27,3
30742.png,6.0_2.0,15,73,74,155,82,59,2
30743.png,10.0_4.0,18,107,104,200,93,86,2
30744.png,4.0_8.0,6,50,60,96,46,54,2
30745.png,3.0_8.0_2.0,10,60,75,127,67,65,3
30746.png,1.0,11,57,66,75,18,55,1
30747.png,5.0_1.0,24,115,120,217,102,96,2
30748.png,2.0_3.0,12,78,92,174,96,80,2
30749.png,1.0_3.0,6,32,39,63,31,33,2
3075.png,1.0_4.0_2.0,1,23,26,59,36,25,3
30750.png,4.0_6.0,3,22,23,36,14,20,2
30751.png,7.0_9.0,7,21,22,36,15,15,2
30752.png,8.0,18,52,51,79,27,33,1
30753.png,6.0_1.0_6.0,41,106,109,206,100,68,3
30754.png,4.0_8.0,1,51,78,137,86,77,2
30755.png,2.0_6.0,3,36,47,75,39,44,2
30756.png,2.0_9.0_7.0,1,13,18,46,33,17,3
30757.png,1.0_2.0_4.0_10.0,9,41,41,94,53,32,4
30758.png,5.0_9.0_2.0,4,22,26,53,31,22,3
30759.png,7.0_2.0_10.0,14,154,187,262,108,173,3
3076.png,2.0_5.0,1,16,17,28,12,16,2
30760.png,7.0_6.0,22,65,67,98,33,45,2
30761.png,5.0_6.0_1.0,2,21,29,53,32,27,3
30762.png,3.0_5.0,8,46,58,99,53,50,2
30763.png,1.0_4.0_4.0,5,46,49,113,67,44,3
30764.png,2.0_5.0_9.0,8,33,33,69,36,25,3
30765.png,9.0_1.0,4,30,40,62,32,36,2
30766.png,2.0_6.0_9.0,10,52,28,76,24,18,3
30767.png,1.0,16,45,35,50,5,19,1
30768.png,4.0_8.0_3.0,14,45,43,87,42,29,3
30769.png,4.0_10.0,15,44,48,69,25,33,2
3077.png,4.0_10.0_5.0,13,105,58,165,60,45,3
30770.png,6.0,11,55,42,73,18,31,1
30771.png,1.0_6.0,7,44,53,80,36,46,2
30772.png,5.0_6.0,7,44,48,71,27,41,2
30773.png,7.0_1.0,13,44,31,62,18,18,2
30774.png,1.0_2.0,1,19,24,40,21,23,2
30775.png,5.0_1.0,0,65,90,140,75,90,2
30776.png,2.0_3.0,12,58,65,108,50,53,2
30777.png,3.0_8.0_3.0,42,99,101,171,72,59,3
30778.png,1.0_9.0_10.0,15,51,40,82,31,25,3
30779.png,1.0_7.0_7.0,7,27,26,38,11,19,3
3078.png,1.0_1.0_5.0,6,63,76,111,48,70,3
30780.png,5.0,1,12,14,19,7,13,1
30781.png,7.0_5.0,5,30,38,68,38,33,2
30782.png,4.0_8.0,16,65,38,90,25,22,2
30783.png,6.0_9.0,27,90,75,136,46,48,2
30784.png,3.0_3.0,3,17,22,39,22,19,2
30785.png,8.0_7.0,13,58,65,108,50,52,2
30786.png,5.0_5.0,7,36,34,56,20,27,2
30787.png,2.0_2.0,1,37,52,75,38,51,2
30788.png,6.0_2.0,7,43,50,79,36,43,2
30789.png,3.0_6.0,4,22,22,45,23,18,2
3079.png,4.0_10.0,2,15,17,39,24,15,2
30790.png,1.0,13,20,52,34,14,39,1
30791.png,1.0_3.0_10.0,6,29,31,54,25,25,3
30792.png,1.0_9.0,2,17,20,35,18,18,2
30793.png,2.0_2.0_3.0_4.0,1,33,39,103,70,38,4
30794.png,4.0_1.0,11,47,61,91,44,50,2
30795.png,3.0_6.0,5,36,46,84,48,41,2
30796.png,2.0_1.0_4.0,14,39,41,67,28,27,3
30797.png,2.0_2.0_10.0_10.0,1,19,29,83,64,28,4
30798.png,2.0,2,18,18,27,9,16,1
30799.png,2.0_2.0,2,27,29,57,30,27,2
308.png,2.0_1.0_8.0,13,56,48,105,49,35,3
3080.png,6.0_3.0,3,52,68,108,56,65,2
30800.png,9.0,3,30,38,46,16,35,1
30801.png,4.0_5.0,16,92,101,202,110,85,2
30802.png,1.0_6.0_4.0,20,65,63,108,43,43,3
30803.png,3.0_1.0_5.0,6,33,37,84,51,31,3
30804.png,6.0_10.0,16,74,72,135,61,56,2
30805.png,1.0_10.0_3.0,23,87,94,159,72,71,3
30806.png,3.0_5.0,2,21,23,42,21,21,2
30807.png,3.0,6,33,39,55,22,33,1
30808.png,2.0_1.0_1.0,8,48,56,95,47,48,3
30809.png,5.0_9.0_8.0,5,34,42,79,45,37,3
3081.png,1.0_4.0_5.0,4,35,50,75,40,46,3
30810.png,1.0_3.0_1.0,20,62,46,94,32,26,3
30811.png,5.0,3,34,39,53,19,36,1
30812.png,1.0_2.0_10.0_1.0,4,24,37,91,67,33,4
30813.png,2.0_9.0,32,87,68,130,43,36,2
30814.png,1.0_9.0_5.0_10.0,1,13,15,37,24,14,4
30815.png,3.0_4.0,4,24,29,46,22,25,2
30816.png,8.0,10,67,77,100,33,67,1
30817.png,4.0,4,21,20,29,8,16,1
30818.png,1.0_6.0,5,42,52,90,48,47,2
30819.png,6.0_3.0,21,61,60,102,41,39,2
3082.png,3.0_5.0_7.0,10,53,46,97,44,36,3
30820.png,3.0_10.0,10,64,76,141,77,66,2
30821.png,8.0,5,22,22,32,10,17,1
30822.png,1.0_8.0,3,26,34,49,23,31,2
30823.png,1.0,4,25,29,35,10,25,1
30824.png,6.0_9.0,6,37,41,71,34,35,2
30825.png,2.0_10.0_3.0,27,82,60,147,65,33,3
30826.png,4.0,14,53,56,76,23,42,1
30827.png,9.0_5.0,11,53,68,117,64,57,2
30828.png,4.0_8.0,4,28,26,45,17,22,2
30829.png,1.0_5.0,1,17,24,39,22,23,2
3083.png,1.0_7.0_10.0,10,57,61,103,46,51,3
30830.png,1.0_9.0,9,29,31,49,20,22,2
30831.png,7.0_6.0,9,37,33,72,35,24,2
30832.png,9.0_1.0,6,51,60,91,40,54,2
30833.png,2.0_1.0,7,34,44,61,27,37,2
30834.png,1.0_4.0,24,110,102,182,72,78,2
30835.png,1.0_1.0_4.0,5,33,27,56,23,22,3
30836.png,8.0_10.0,10,82,98,176,94,88,2
30837.png,9.0_9.0_10.0,23,102,70,159,57,47,3
30838.png,1.0,13,80,80,91,11,67,1
30839.png,2.0_6.0,4,19,21,39,20,17,2
3084.png,2.0_4.0,2,15,14,27,12,12,2
30840.png,5.0_10.0,4,49,48,87,38,44,2
30841.png,3.0_5.0,5,18,23,33,15,18,2
30842.png,3.0_4.0,19,90,91,168,78,72,2
30843.png,2.0_1.0,2,17,17,47,30,15,2
30844.png,1.0_5.0_9.0_9.0,4,30,40,109,79,36,4
30845.png,2.0_4.0,5,17,19,29,12,14,2
30846.png,4.0,5,26,28,39,13,23,1
30847.png,4.0_10.0,12,36,32,58,22,20,2
30848.png,3.0_4.0_7.0,12,54,38,95,41,26,3
30849.png,2.0_2.0,20,97,107,153,56,87,2
3085.png,1.0_7.0_2.0,6,21,23,37,16,17,3
30850.png,8.0,5,69,72,98,29,67,1
30851.png,2.0_8.0,3,39,50,87,48,47,2
30852.png,4.0,5,38,47,57,19,42,1
30853.png,3.0_3.0,4,28,37,65,37,33,2
30854.png,4.0_5.0,10,61,61,80,19,51,2
30855.png,2.0_10.0,2,21,29,46,25,27,2
30856.png,2.0_3.0_10.0,36,130,75,182,52,39,3
30857.png,8.0_7.0,1,22,23,51,29,22,2
30858.png,1.0_2.0,5,24,30,49,25,25,2
30859.png,2.0_7.0_4.0,14,53,43,87,34,29,3
3086.png,7.0_8.0,5,20,19,35,15,14,2
30860.png,1.0_10.0,47,212,125,260,48,78,2
30861.png,3.0,1,35,45,62,27,44,1
30862.png,2.0_4.0,3,55,70,112,57,67,2
30863.png,8.0_8.0,1,16,19,36,20,18,2
30864.png,1.0_9.0,7,59,59,96,37,52,2
30865.png,5.0,4,45,46,70,25,42,1
30866.png,2.0,18,141,174,258,117,156,1
30867.png,2.0,3,30,32,44,14,29,1
30868.png,3.0_3.0,4,27,38,66,39,34,2
30869.png,1.0_5.0,2,28,29,40,12,27,2
3087.png,9.0,3,33,39,49,16,36,1
30870.png,5.0_1.0,3,26,31,41,15,28,2
30871.png,2.0_8.0_1.0,5,21,21,63,42,16,3
30872.png,1.0_10.0_3.0,12,43,67,102,59,55,3
30873.png,5.0,9,53,45,78,25,36,1
30874.png,3.0_3.0,3,22,24,38,16,21,2
30875.png,3.0_10.0,7,34,33,61,27,26,2
30876.png,2.0,8,32,25,43,11,17,1
30877.png,2.0_10.0_7.0_8.0,3,21,21,61,40,18,4
30878.png,8.0_4.0,2,39,49,85,46,47,2
30879.png,8.0_10.0_4.0,10,73,66,149,76,56,3
3088.png,8.0_2.0,6,23,25,37,14,19,2
30880.png,6.0_10.0,4,19,23,42,23,19,2
30881.png,4.0_4.0,1,60,103,224,164,102,2
30882.png,3.0_4.0,3,35,43,83,48,40,2
30883.png,1.0_3.0_2.0_2.0,2,21,18,44,23,16,4
30884.png,2.0_1.0_7.0,9,38,36,91,53,27,3
30885.png,6.0_10.0,7,29,33,55,26,26,2
30886.png,3.0_1.0_9.0,29,126,114,219,93,85,3
30887.png,2.0_8.0,2,42,30,74,32,28,2
30888.png,5.0_7.0,0,16,27,34,18,27,2
30889.png,4.0_10.0,7,27,28,49,22,21,2
3089.png,1.0,12,50,72,80,30,60,1
30890.png,2.0_8.0,6,32,31,52,20,25,2
30891.png,7.0_10.0,16,74,68,126,52,52,2
30892.png,8.0,5,26,26,40,14,21,1
30893.png,3.0_5.0,7,46,58,90,44,51,2
30894.png,1.0_10.0_6.0,1,31,38,79,48,37,3
30895.png,2.0_8.0_7.0,3,22,25,45,23,22,3
30896.png,5.0_6.0,10,36,39,63,27,29,2
30897.png,1.0_5.0_6.0,6,42,43,98,56,37,3
30898.png,2.0_8.0,2,20,16,34,14,14,2
30899.png,2.0_4.0,109,142,159,187,45,50,2
309.png,1.0_2.0_4.0,16,45,40,71,26,24,3
3090.png,4.0_3.0,6,53,78,114,61,72,2
30900.png,4.0_9.0,4,23,26,35,12,22,2
30901.png,1.0,3,15,15,19,4,12,1
30902.png,4.0_7.0,16,53,52,86,33,36,2
30903.png,3.0_8.0_1.0,1,20,26,49,29,25,3
30904.png,1.0_6.0_1.0_4.0,3,25,34,93,68,31,4
30905.png,4.0_9.0,11,30,30,48,18,19,2
30906.png,3.0_1.0,16,70,67,115,45,51,2
30907.png,7.0,4,23,26,38,15,22,1
30908.png,7.0_5.0,11,55,66,103,48,55,2
30909.png,7.0_9.0_9.0,4,24,33,58,34,29,3
3091.png,1.0_3.0,11,35,41,48,13,30,2
30910.png,5.0,4,30,39,53,23,35,1
30911.png,2.0_1.0_3.0,9,48,38,83,35,29,3
30912.png,2.0_10.0,15,79,79,120,41,64,2
30913.png,4.0,12,0,43,19,19,31,1
30914.png,1.0_8.0_10.0,7,52,57,91,39,50,3
30915.png,2.0_4.0,12,33,38,63,30,26,2
30916.png,2.0_3.0,1,15,23,32,17,22,2
30917.png,7.0_7.0,1,21,24,37,16,23,2
30918.png,1.0_5.0,5,26,29,54,28,24,2
30919.png,2.0_3.0,3,35,41,59,24,38,2
3092.png,3.0,2,25,27,40,15,25,1
30920.png,9.0,5,20,23,28,8,18,1
30921.png,3.0_7.0,3,18,18,34,16,15,2
30922.png,9.0_4.0,15,53,51,103,50,36,2
30923.png,8.0_4.0,4,28,30,54,26,26,2
30924.png,6.0_6.0,10,59,61,125,66,51,2
30925.png,5.0_10.0,4,30,37,65,35,33,2
30926.png,5.0_6.0_1.0,10,45,36,87,42,26,3
30927.png,9.0_3.0,2,31,42,61,30,40,2
30928.png,2.0_3.0_4.0,20,77,82,153,76,62,3
30929.png,7.0,6,24,29,43,19,23,1
3093.png,4.0_1.0_5.0,7,28,31,63,35,24,3
30930.png,1.0_7.0,3,29,43,57,28,40,2
30931.png,1.0_2.0_8.0,1,34,49,80,46,48,3
30932.png,3.0_10.0,10,60,56,116,56,46,2
30933.png,5.0_10.0_1.0,24,57,61,86,29,37,3
30934.png,4.0_2.0_4.0,7,52,56,139,87,49,3
30935.png,6.0,4,27,27,41,14,23,1
30936.png,2.0_10.0,6,33,34,59,26,28,2
30937.png,3.0_2.0,4,21,23,48,27,19,2
30938.png,1.0_1.0_4.0,4,21,18,41,20,14,3
30939.png,4.0,1,12,17,19,7,16,1
3094.png,8.0,5,25,34,39,14,29,1
30940.png,1.0_1.0,6,91,108,166,75,102,2
30941.png,2.0_6.0_7.0_1.0,1,11,13,40,29,12,4
30942.png,4.0_1.0,7,53,62,83,30,55,2
30943.png,1.0_2.0,3,26,32,45,19,29,2
30944.png,8.0_5.0_5.0,9,68,79,133,65,70,3
30945.png,1.0_5.0_2.0,14,51,62,122,71,48,3
30946.png,2.0,1,20,17,29,9,16,1
30947.png,3.0,7,35,45,54,19,38,1
30948.png,2.0_5.0_3.0_9.0,2,27,22,58,31,20,4
30949.png,9.0_10.0,1,9,12,23,14,11,2
3095.png,6.0,17,62,61,82,20,44,1
30950.png,5.0,9,38,44,54,16,35,1
30951.png,1.0_2.0,1,23,14,35,12,13,2
30952.png,4.0_1.0_4.0,16,78,76,163,85,60,3
30953.png,8.0,32,0,129,35,35,97,1
30954.png,1.0_1.0,1,10,14,28,18,13,2
30955.png,1.0_6.0,8,32,29,48,16,21,2
30956.png,1.0_3.0_5.0,1,15,20,39,24,19,3
30957.png,1.0_1.0_10.0,10,45,50,81,36,40,3
30958.png,8.0_5.0,1,21,27,45,24,26,2
30959.png,2.0_4.0,2,31,37,55,24,35,2
3096.png,8.0_2.0,4,28,33,58,30,29,2
30960.png,1.0_6.0_9.0,19,63,48,104,41,29,3
30961.png,2.0_10.0_1.0,18,45,38,76,31,20,3
30962.png,2.0_2.0,18,61,50,103,42,32,2
30963.png,2.0_2.0_9.0,1,27,34,88,61,33,3
30964.png,2.0_4.0_3.0,2,21,23,44,23,21,3
30965.png,6.0_6.0,33,90,66,123,33,33,2
30966.png,8.0_9.0,18,98,98,174,76,80,2
30967.png,1.0,2,23,24,30,7,22,1
30968.png,5.0_7.0_5.0,24,100,121,142,42,97,3
30969.png,6.0_5.0,2,29,34,51,22,32,2
3097.png,8.0_8.0,2,28,22,52,24,20,2
30970.png,1.0_1.0_6.0,6,27,29,43,16,23,3
30971.png,1.0_9.0_5.0,3,21,24,45,24,21,3
30972.png,6.0_2.0,4,27,31,56,29,27,2
30973.png,1.0_5.0_7.0,9,42,40,82,40,31,3
30974.png,3.0_2.0_7.0,57,155,120,288,133,63,3
30975.png,5.0_5.0,3,25,35,61,36,32,2
30976.png,8.0_6.0,4,21,22,43,22,18,2
30977.png,1.0_7.0_4.0,5,22,24,51,29,19,3
30978.png,2.0_10.0_2.0,2,16,17,28,12,15,3
30979.png,1.0_9.0_1.0,10,76,90,144,68,80,3
3098.png,8.0,9,53,73,85,32,64,1
30980.png,3.0_1.0,6,35,42,60,25,36,2
30981.png,8.0_7.0,5,26,27,40,14,22,2
30982.png,6.0_4.0,29,78,69,123,45,40,2
30983.png,2.0_1.0,10,27,36,53,26,26,2
30984.png,1.0,5,46,70,75,29,65,1
30985.png,8.0_3.0,4,29,32,59,30,28,2
30986.png,4.0_1.0,28,76,70,114,38,42,2
30987.png,5.0,2,27,34,43,16,32,1
30988.png,1.0_2.0,13,53,69,115,62,56,2
30989.png,2.0_5.0,18,102,96,158,56,78,2
3099.png,1.0_4.0,3,22,30,46,24,27,2
30990.png,4.0_3.0,11,53,53,103,50,42,2
30991.png,5.0_9.0,17,80,72,136,56,55,2
30992.png,7.0_10.0,3,32,37,64,32,34,2
30993.png,2.0_10.0_8.0_7.0,1,17,19,70,53,18,4
30994.png,1.0_5.0,1,16,16,30,14,15,2
30995.png,1.0_10.0,5,41,48,84,43,43,2
30996.png,2.0_9.0_7.0,14,198,74,322,124,60,3
30997.png,8.0_7.0,5,24,23,50,26,18,2
30998.png,5.0_6.0_4.0,1,6,45,96,90,44,3
30999.png,3.0,4,24,32,42,18,28,1
31.png,6.0_3.0_8.0,1,14,20,47,33,19,3
310.png,6.0_8.0,3,19,24,44,25,21,2
3100.png,1.0_2.0_6.0,12,0,51,39,39,39,3
31000.png,1.0_3.0,11,52,51,84,32,40,2
31001.png,6.0_9.0,3,21,22,41,20,19,2
31002.png,2.0_1.0_2.0,32,61,62,96,35,30,3
31003.png,9.0_5.0,4,28,32,57,29,28,2
31004.png,1.0_8.0,3,18,19,33,15,16,2
31005.png,1.0_4.0_2.0,13,48,33,81,33,20,3
31006.png,2.0_4.0_10.0,25,92,86,180,88,61,3
31007.png,1.0_4.0_1.0,113,119,145,157,38,32,3
31008.png,2.0_2.0_10.0,9,63,72,121,58,63,3
31009.png,1.0_2.0,3,14,16,26,12,13,2
3101.png,2.0_9.0,4,26,28,54,28,24,2
31010.png,2.0_9.0,23,115,94,211,96,71,2
31011.png,1.0_4.0,4,25,28,42,17,24,2
31012.png,5.0_5.0_2.0,11,71,35,102,31,24,3
31013.png,1.0_1.0,2,23,29,42,19,27,2
31014.png,4.0_9.0,30,263,92,335,72,62,2
31015.png,2.0_4.0_3.0,4,32,33,74,42,29,3
31016.png,1.0_2.0_3.0,45,152,91,213,61,46,3
31017.png,4.0_2.0,7,54,76,116,62,69,2
31018.png,6.0_1.0,2,49,62,111,62,60,2
31019.png,3.0,2,27,31,39,12,29,1
3102.png,1.0_4.0_10.0,1,36,49,89,53,48,3
31020.png,3.0_5.0,3,27,32,58,31,29,2
31021.png,3.0_3.0,3,30,41,70,40,38,2
31022.png,7.0_8.0,5,20,27,50,30,22,2
31023.png,2.0_5.0_6.0,49,142,94,211,69,45,3
31024.png,4.0_6.0,5,28,25,48,20,20,2
31025.png,5.0_4.0,3,38,40,71,33,37,2
31026.png,2.0_3.0,7,36,48,80,44,41,2
31027.png,3.0_2.0,1,14,19,33,19,18,2
31028.png,1.0_8.0,9,36,42,59,23,33,2
31029.png,2.0,15,50,43,62,12,28,1
3103.png,2.0_4.0,18,80,85,141,61,67,2
31030.png,9.0,1,22,32,45,23,31,1
31031.png,2.0,3,17,20,30,13,17,1
31032.png,2.0_6.0_7.0,2,26,30,69,43,28,3
31033.png,7.0_4.0,9,31,34,52,21,25,2
31034.png,1.0_6.0_4.0,6,27,32,55,28,26,3
31035.png,2.0_5.0_3.0_8.0,1,16,18,50,34,17,4
31036.png,1.0_3.0_2.0_1.0,3,16,25,45,29,22,4
31037.png,1.0_9.0,8,33,27,51,18,19,2
31038.png,2.0_3.0_7.0,2,14,17,36,22,15,3
31039.png,3.0_7.0,5,30,31,49,19,26,2
3104.png,1.0_3.0_5.0,30,98,129,192,94,99,3
31040.png,9.0,9,91,72,126,35,63,1
31041.png,3.0_1.0,15,88,70,138,50,55,2
31042.png,4.0_5.0,2,12,16,22,10,14,2
31043.png,1.0_7.0_9.0,14,45,40,82,37,26,3
31044.png,3.0_5.0,17,58,43,85,27,26,2
31045.png,4.0_1.0_1.0,16,55,40,79,24,24,3
31046.png,3.0_1.0,5,23,21,34,11,16,2
31047.png,5.0_8.0,10,42,40,66,24,30,2
31048.png,4.0_8.0,3,20,23,43,23,20,2
31049.png,4.0,5,28,34,47,19,29,1
3105.png,6.0_5.0_6.0,9,35,33,63,28,24,3
31050.png,8.0_1.0_10.0,19,65,51,101,36,32,3
31051.png,5.0_6.0,9,44,46,73,29,37,2
31052.png,3.0_10.0_7.0_7.0,13,53,57,120,67,44,4
31053.png,2.0_9.0_7.0,36,148,73,198,50,37,3
31054.png,4.0,1,37,44,67,30,43,1
31055.png,1.0_10.0_2.0,12,43,32,68,25,20,3
31056.png,1.0_3.0_5.0,10,68,70,110,42,60,3
31057.png,5.0,3,40,51,68,28,48,1
31058.png,2.0_10.0_7.0,31,92,79,155,63,48,3
31059.png,3.0,1,14,14,20,6,13,1
3106.png,2.0_7.0,6,66,76,109,43,70,2
31060.png,1.0_3.0_1.0_4.0,8,45,43,98,53,35,4
31061.png,9.0_1.0,4,25,34,53,28,30,2
31062.png,9.0_1.0,3,51,46,71,20,43,2
31063.png,1.0_2.0,9,54,62,91,37,53,2
31064.png,1.0_1.0_2.0,4,39,48,76,37,44,3
31065.png,2.0,3,38,27,50,12,24,1
31066.png,6.0_10.0,20,152,59,196,44,39,2
31067.png,6.0_6.0,8,43,43,81,38,35,2
31068.png,1.0_2.0_6.0,7,32,31,54,22,24,3
31069.png,9.0,2,19,23,29,10,21,1
3107.png,1.0_9.0,4,22,24,32,10,20,2
31070.png,1.0_8.0_2.0,20,72,55,108,36,35,3
31071.png,2.0,9,24,25,30,6,16,1
31072.png,2.0,17,67,79,103,36,62,1
31073.png,6.0_10.0_9.0,11,55,46,96,41,35,3
31074.png,6.0_5.0,11,71,91,129,58,80,2
31075.png,2.0_7.0,11,65,79,128,63,68,2
31076.png,1.0_2.0,5,45,56,84,39,51,2
31077.png,6.0_4.0,7,38,43,87,49,36,2
31078.png,2.0_10.0_9.0,1,22,23,49,27,22,3
31079.png,1.0_9.0,4,18,22,39,21,18,2
3108.png,4.0_2.0,4,20,22,34,14,18,2
31080.png,9.0_1.0_10.0,11,50,44,91,41,33,3
31081.png,2.0_7.0,5,30,33,54,24,28,2
31082.png,1.0_10.0_4.0,17,27,42,57,30,25,3
31083.png,10.0_10.0_3.0,16,82,68,140,58,52,3
31084.png,2.0_10.0_1.0,5,19,18,41,22,13,3
31085.png,4.0_6.0,25,102,107,186,84,82,2
31086.png,2.0_1.0,35,71,71,105,34,36,2
31087.png,4.0_5.0,26,66,60,100,34,34,2
31088.png,1.0_10.0_10.0,14,126,75,191,65,61,3
31089.png,6.0,7,24,18,35,11,11,1
3109.png,7.0_2.0,10,75,84,160,85,74,2
31090.png,7.0_3.0,9,31,35,58,27,26,2
31091.png,8.0_6.0,2,29,28,51,22,26,2
31092.png,4.0_4.0,31,70,71,94,24,40,2
31093.png,1.0_7.0_8.0,2,27,32,62,35,30,3
31094.png,5.0_2.0,10,41,38,60,19,28,2
31095.png,1.0_9.0_5.0_4.0,5,20,24,59,39,19,4
31096.png,8.0_2.0_10.0,17,46,39,74,28,22,3
31097.png,9.0_3.0,9,54,59,95,41,50,2
31098.png,6.0_1.0,9,34,37,53,19,28,2
31099.png,2.0_10.0,1,21,28,53,32,27,2
311.png,1.0_3.0,1,35,47,76,41,46,2
3110.png,2.0_10.0,6,29,40,74,45,34,2
31100.png,9.0_2.0,4,18,20,29,11,16,2
31101.png,1.0_4.0_5.0,5,37,47,90,53,42,3
31102.png,2.0,3,23,23,33,10,20,1
31103.png,4.0_1.0,2,26,28,43,17,26,2
31104.png,2.0_1.0_7.0,6,36,43,67,31,37,3
31105.png,3.0_9.0,19,115,146,229,114,127,2
31106.png,1.0_7.0,1,20,23,33,13,22,2
31107.png,3.0_5.0,6,27,27,50,23,21,2
31108.png,4.0_4.0_4.0_10.0,8,38,45,89,51,37,4
31109.png,1.0,2,20,23,28,8,21,1
3111.png,4.0_5.0,10,49,47,83,34,37,2
31110.png,5.0,11,47,56,80,33,45,1
31111.png,1.0_8.0,2,2,32,18,16,30,2
31112.png,1.0_10.0,12,31,31,44,13,19,2
31113.png,2.0_2.0_5.0,15,51,37,76,25,22,3
31114.png,6.0,4,26,36,45,19,32,1
31115.png,7.0_10.0,19,68,53,93,25,34,2
31116.png,1.0_6.0_1.0,7,41,35,71,30,28,3
31117.png,6.0,5,41,60,85,44,55,1
31118.png,2.0_8.0,42,92,83,120,28,41,2
31119.png,3.0_3.0_4.0,8,70,80,140,70,72,3
3112.png,6.0_4.0,1,27,30,62,35,29,2
31120.png,2.0_9.0,1,55,75,134,79,74,2
31121.png,3.0_2.0,3,20,21,46,26,18,2
31122.png,6.0_7.0,3,22,27,48,26,24,2
31123.png,3.0_3.0,1,12,16,32,20,15,2
31124.png,4.0_9.0,1,22,26,43,21,25,2
31125.png,5.0_10.0,4,24,28,54,30,24,2
31126.png,1.0_10.0,8,35,39,50,15,31,2
31127.png,1.0,9,44,47,57,13,38,1
31128.png,5.0_1.0_1.0,16,69,74,142,73,58,3
31129.png,5.0_2.0_1.0,11,58,68,125,67,57,3
3113.png,4.0_2.0_9.0,11,57,57,97,40,46,3
31130.png,2.0,8,54,45,76,22,37,1
31131.png,9.0_2.0,7,29,31,50,21,24,2
31132.png,5.0_7.0,3,27,25,47,20,22,2
31133.png,3.0,3,34,39,50,16,36,1
31134.png,4.0,1,16,16,28,12,15,1
31135.png,7.0_1.0,2,52,71,118,66,69,2
31136.png,2.0_5.0,2,22,23,41,19,21,2
31137.png,7.0_6.0,40,118,78,144,26,38,2
31138.png,7.0_2.0,7,31,38,64,33,31,2
31139.png,2.0_8.0,3,29,38,57,28,35,2
3114.png,4.0_10.0_1.0,22,100,55,142,42,33,3
31140.png,8.0_5.0_2.0,96,133,138,183,50,42,3
31141.png,5.0_2.0_5.0,2,27,31,74,47,29,3
31142.png,2.0_7.0_10.0,8,25,25,48,23,17,3
31143.png,1.0,2,18,21,31,13,19,1
31144.png,7.0_3.0,4,19,18,36,17,14,2
31145.png,1.0_3.0_2.0,7,57,75,137,80,68,3
31146.png,9.0,4,30,29,41,11,25,1
31147.png,1.0_10.0,5,26,31,47,21,26,2
31148.png,3.0_2.0,1,20,23,42,22,22,2
31149.png,3.0_7.0,5,29,35,56,27,30,2
3115.png,2.0_6.0,15,72,69,118,46,54,2
31150.png,1.0_2.0_2.0,3,35,38,78,43,35,3
31151.png,5.0,11,62,84,109,47,73,1
31152.png,2.0_9.0,21,70,45,88,18,24,2
31153.png,6.0_5.0,6,44,50,92,48,44,2
31154.png,1.0_9.0,3,25,32,44,19,29,2
31155.png,9.0_2.0,16,65,69,121,56,53,2
31156.png,2.0_1.0,3,15,18,25,10,15,2
31157.png,6.0_1.0,5,25,18,38,13,13,2
31158.png,6.0_10.0_5.0,4,115,93,221,106,89,3
31159.png,5.0_9.0,13,49,61,99,50,48,2
3116.png,2.0_10.0_3.0,4,18,24,46,28,20,3
31160.png,5.0_6.0,5,26,33,51,25,28,2
31161.png,3.0_5.0,7,28,36,62,34,29,2
31162.png,1.0_3.0_7.0,9,26,27,46,20,18,3
31163.png,2.0_6.0_7.0_1.0,1,21,20,49,28,19,4
31164.png,4.0_3.0,12,82,100,158,76,88,2
31165.png,1.0_2.0_1.0,10,53,52,103,50,42,3
31166.png,5.0_2.0_4.0,7,46,50,93,47,43,3
31167.png,2.0_7.0,1,22,33,52,30,32,2
31168.png,8.0_1.0,1,33,78,102,69,77,2
31169.png,5.0_5.0,12,38,34,61,23,22,2
3117.png,2.0_1.0_9.0,9,69,87,194,125,78,3
31170.png,2.0_8.0_9.0,16,59,64,139,80,48,3
31171.png,9.0_5.0,6,19,20,30,11,14,2
31172.png,3.0,1,22,25,30,8,24,1
31173.png,2.0_2.0,6,24,30,48,24,24,2
31174.png,5.0_5.0,7,0,65,55,55,58,2
31175.png,3.0_9.0_10.0_5.0,18,78,89,212,134,71,4
31176.png,2.0_6.0,6,24,24,46,22,18,2
31177.png,3.0,9,72,95,121,49,86,1
31178.png,2.0_4.0_1.0,9,35,28,62,27,19,3
31179.png,6.0_9.0,4,17,23,42,25,19,2
3118.png,2.0_2.0,5,24,27,47,23,22,2
31180.png,1.0_5.0_9.0,23,118,51,149,31,28,3
31181.png,3.0_6.0,6,42,45,69,27,39,2
31182.png,9.0_5.0,3,20,20,38,18,17,2
31183.png,5.0_3.0_9.0,22,112,57,175,63,35,3
31184.png,4.0_7.0,15,47,40,73,26,25,2
31185.png,1.0_9.0,4,21,22,37,16,18,2
31186.png,3.0_2.0,1,17,15,37,20,14,2
31187.png,1.0_6.0,32,117,91,171,54,59,2
31188.png,5.0_8.0,1,23,26,50,27,25,2
31189.png,5.0,7,49,61,85,36,54,1
3119.png,9.0_5.0,3,31,38,77,46,35,2
31190.png,2.0,34,41,65,66,25,31,1
31191.png,1.0_3.0_8.0,1,10,15,24,14,14,3
31192.png,7.0_5.0,11,32,32,59,27,21,2
31193.png,2.0_1.0_3.0,6,32,31,58,26,25,3
31194.png,1.0_6.0_5.0,25,99,86,154,55,61,3
31195.png,3.0_4.0,8,31,36,68,37,28,2
31196.png,5.0_3.0,3,52,55,86,34,52,2
31197.png,5.0_5.0_5.0,10,42,52,98,56,42,3
31198.png,3.0_3.0_3.0_2.0,23,74,110,190,116,87,4
31199.png,3.0_9.0,2,18,26,44,26,24,2
312.png,1.0_2.0,7,24,32,51,27,25,2
3120.png,3.0_9.0_5.0,1,20,19,41,21,18,3
31200.png,1.0_1.0,7,37,41,59,22,34,2
31201.png,2.0,4,61,34,73,12,30,1
31202.png,2.0_1.0,4,31,41,57,26,37,2
31203.png,2.0_5.0_7.0,17,61,54,105,44,37,3
31204.png,6.0_2.0,1,19,24,44,25,23,2
31205.png,8.0_2.0,7,23,21,37,14,14,2
31206.png,1.0_1.0_4.0,22,60,43,83,23,21,3
31207.png,2.0_4.0,2,18,22,34,16,20,2
31208.png,9.0_9.0,18,60,56,104,44,38,2
31209.png,3.0_6.0,7,30,45,62,32,38,2
3121.png,4.0_1.0,3,27,29,53,26,26,2
31210.png,2.0,8,37,46,54,17,38,1
31211.png,6.0_6.0_1.0,15,44,57,93,49,42,3
31212.png,1.0_3.0,8,42,33,61,19,25,2
31213.png,1.0_3.0,6,40,45,59,19,39,2
31214.png,8.0_5.0,1,21,27,49,28,26,2
31215.png,4.0_2.0,2,17,22,33,16,20,2
31216.png,6.0_7.0_5.0,12,47,33,74,27,21,3
31217.png,5.0_7.0,2,23,26,38,15,24,2
31218.png,1.0_9.0,3,28,29,56,28,26,2
31219.png,1.0_3.0_2.0,4,24,27,58,34,23,3
3122.png,2.0_10.0,1,12,16,31,19,15,2
31220.png,2.0,6,38,32,49,11,26,1
31221.png,1.0_6.0,9,42,36,58,16,27,2
31222.png,3.0_1.0,2,18,22,37,19,20,2
31223.png,5.0_9.0,21,82,61,114,32,40,2
31224.png,1.0_3.0_10.0,2,12,20,35,23,18,3
31225.png,7.0_5.0,11,55,65,100,45,54,2
31226.png,2.0_10.0,3,18,28,47,29,25,2
31227.png,5.0_9.0,28,145,151,212,67,123,2
31228.png,8.0_4.0,12,76,65,134,58,53,2
31229.png,6.0,3,27,31,52,25,28,1
3123.png,1.0_4.0_5.0,9,58,69,132,74,60,3
31230.png,3.0_5.0,14,94,88,169,75,74,2
31231.png,1.0_3.0_7.0,5,30,32,58,28,27,3
31232.png,2.0_3.0,3,19,20,35,16,17,2
31233.png,1.0_2.0_1.0,6,31,30,55,24,24,3
31234.png,1.0_2.0_1.0_7.0,2,27,37,103,76,35,4
31235.png,2.0_4.0_10.0_7.0,5,34,36,92,58,31,4
31236.png,1.0_8.0_10.0,1,19,22,46,27,21,3
31237.png,4.0_8.0,2,20,23,46,26,21,2
31238.png,5.0_3.0,14,71,83,134,63,69,2
31239.png,2.0_10.0,19,107,129,155,48,110,2
3124.png,1.0,1,17,18,24,7,17,1
31240.png,1.0_6.0_7.0,4,26,29,52,26,25,3
31241.png,2.0_8.0_1.0,14,64,75,143,79,61,3
31242.png,5.0,6,38,39,48,10,33,1
31243.png,7.0_1.0,5,28,27,52,24,22,2
31244.png,1.0_6.0,7,39,45,76,37,38,2
31245.png,4.0_3.0_3.0,3,81,94,163,82,91,3
31246.png,8.0_8.0_3.0,1,63,61,146,83,60,3
31247.png,1.0_1.0,3,20,23,30,10,20,2
31248.png,1.0_10.0_10.0,1,11,13,37,26,12,3
31249.png,2.0_4.0,3,31,37,64,33,34,2
3125.png,9.0_6.0,9,47,53,97,50,44,2
31250.png,1.0_9.0,4,27,29,40,13,25,2
31251.png,2.0_3.0,10,46,40,73,27,30,2
31252.png,4.0_3.0,1,20,28,56,36,27,2
31253.png,6.0,23,70,69,97,27,46,1
31254.png,6.0,6,5,47,28,23,41,1
31255.png,1.0_5.0,4,23,31,47,24,27,2
31256.png,5.0_7.0,10,56,70,145,89,60,2
31257.png,5.0_8.0,17,68,72,118,50,55,2
31258.png,1.0_4.0_5.0_10.0,4,35,48,88,53,44,4
31259.png,3.0_1.0,9,32,34,58,26,25,2
3126.png,6.0_4.0,3,28,34,54,26,31,2
31260.png,2.0_4.0,29,112,108,205,93,79,2
31261.png,7.0_3.0,3,41,50,80,39,47,2
31262.png,3.0_5.0,7,47,47,79,32,40,2
31263.png,8.0,10,46,57,74,28,47,1
31264.png,4.0_10.0,3,26,32,53,27,29,2
31265.png,2.0_4.0,3,60,85,101,41,82,2
31266.png,6.0_8.0,1,16,19,33,17,18,2
31267.png,5.0_9.0_3.0,10,81,71,130,49,61,3
31268.png,1.0_4.0_5.0_8.0,2,12,16,42,30,14,4
31269.png,7.0_3.0,5,31,43,75,44,38,2
3127.png,1.0_2.0_2.0,3,30,38,57,27,35,3
31270.png,2.0_4.0,17,75,63,122,47,46,2
31271.png,1.0_3.0,29,90,77,124,34,48,2
31272.png,3.0_3.0,31,142,92,203,61,61,2
31273.png,2.0_3.0_1.0,1,20,24,47,27,23,3
31274.png,8.0_10.0_6.0,22,76,64,140,64,42,3
31275.png,1.0_2.0,5,27,28,48,21,23,2
31276.png,5.0_8.0,3,22,32,57,35,29,2
31277.png,1.0_4.0_3.0,2,25,32,68,43,30,3
31278.png,4.0_1.0_9.0,12,37,33,60,23,21,3
31279.png,2.0_4.0,1,32,33,72,40,32,2
3128.png,3.0_3.0,1,15,14,34,19,13,2
31280.png,4.0_10.0,10,89,92,174,85,82,2
31281.png,1.0_10.0,8,38,40,52,14,32,2
31282.png,3.0_6.0,4,35,39,59,24,35,2
31283.png,2.0,8,28,26,40,12,18,1
31284.png,1.0_8.0,8,38,49,68,30,41,2
31285.png,6.0_3.0,2,35,42,55,20,40,2
31286.png,2.0_2.0_5.0,2,19,27,48,29,25,3
31287.png,3.0_10.0,9,91,120,189,98,111,2
31288.png,6.0,5,31,37,47,16,32,1
31289.png,3.0_5.0_1.0,8,32,33,65,33,25,3
3129.png,1.0_4.0,5,42,54,84,42,49,2
31290.png,2.0_9.0_9.0,19,65,59,111,46,40,3
31291.png,1.0_4.0_5.0,3,27,29,57,30,26,3
31292.png,1.0_7.0_3.0,1,21,24,46,25,23,3
31293.png,3.0_9.0,2,26,31,53,27,29,2
31294.png,8.0_2.0_2.0,7,38,39,89,51,32,3
31295.png,1.0_3.0,7,39,49,81,42,42,2
31296.png,1.0_4.0_5.0_10.0,1,27,33,122,95,32,4
31297.png,2.0_2.0,3,24,23,48,24,20,2
31298.png,4.0_8.0,16,111,48,148,37,32,2
31299.png,5.0,2,19,21,34,15,19,1
313.png,1.0_4.0,2,11,17,24,13,15,2
3130.png,1.0_4.0,2,42,59,106,64,57,2
31300.png,1.0_4.0_1.0,10,35,30,61,26,20,3
31301.png,8.0,3,20,22,32,12,19,1
31302.png,3.0_1.0_5.0,13,36,43,68,32,30,3
31303.png,1.0_2.0,14,38,42,61,23,28,2
31304.png,4.0,13,51,64,79,28,51,1
31305.png,1.0_5.0_3.0,18,99,47,147,48,29,3
31306.png,1.0_2.0_2.0,4,69,101,169,100,97,3
31307.png,1.0_2.0,9,33,37,56,23,28,2
31308.png,7.0_7.0,7,37,52,88,51,45,2
31309.png,3.0_3.0_6.0,55,190,91,226,36,36,3
3131.png,1.0_1.0_4.0,1,25,27,45,20,26,3
31310.png,2.0_6.0,1,32,34,58,26,33,2
31311.png,4.0,1,13,19,28,15,18,1
31312.png,5.0_1.0_2.0,7,24,42,64,40,35,3
31313.png,1.0_1.0,5,50,46,80,30,41,2
31314.png,5.0_5.0,9,211,126,351,140,117,2
31315.png,3.0_8.0,5,53,53,121,68,48,2
31316.png,2.0_9.0,6,39,39,75,36,33,2
31317.png,9.0_9.0,4,30,38,59,29,34,2
31318.png,9.0,7,56,60,85,29,53,1
31319.png,1.0_8.0_10.0,9,43,37,70,27,28,3
3132.png,4.0_2.0,6,53,65,125,72,59,2
31320.png,3.0_4.0,2,32,34,62,30,32,2
31321.png,3.0_9.0,9,54,62,106,52,53,2
31322.png,1.0_5.0_7.0_4.0,1,14,20,44,30,19,4
31323.png,4.0_6.0,3,51,51,98,47,48,2
31324.png,4.0_8.0,21,69,45,91,22,24,2
31325.png,6.0_6.0,7,34,40,55,21,33,2
31326.png,1.0_6.0,8,35,38,63,28,30,2
31327.png,4.0_8.0,4,30,25,56,26,21,2
31328.png,4.0_1.0,13,71,85,137,66,72,2
31329.png,8.0_7.0,4,23,23,38,15,19,2
3133.png,1.0_2.0,28,81,61,115,34,33,2
31330.png,5.0,2,20,21,30,10,19,1
31331.png,2.0_4.0,9,51,41,92,41,32,2
31332.png,2.0_4.0,2,30,31,52,22,29,2
31333.png,2.0_3.0_3.0,7,38,48,49,11,41,3
31334.png,1.0_2.0_1.0,16,56,38,90,34,22,3
31335.png,2.0_5.0,34,118,81,171,53,47,2
31336.png,3.0_5.0,7,37,44,69,32,37,2
31337.png,3.0_7.0,11,62,51,98,36,40,2
31338.png,7.0_1.0,14,50,48,82,32,34,2
31339.png,1.0_2.0_10.0,1,20,25,48,28,24,3
3134.png,1.0_10.0_9.0,3,19,30,47,28,27,3
31340.png,1.0_8.0_3.0,4,27,35,62,35,31,3
31341.png,1.0_1.0_6.0,23,170,106,246,76,83,3
31342.png,4.0_3.0_4.0,81,139,120,192,53,39,3
31343.png,2.0_3.0,4,21,27,41,20,23,2
31344.png,6.0_2.0,16,64,49,95,31,33,2
31345.png,8.0_1.0_10.0,12,67,79,147,80,67,3
31346.png,1.0_10.0,8,36,33,61,25,25,2
31347.png,2.0_5.0_4.0,11,47,59,123,76,48,3
31348.png,2.0,1,24,27,37,13,26,1
31349.png,5.0_9.0,5,25,21,43,18,16,2
3135.png,2.0_3.0,10,40,45,83,43,35,2
31350.png,6.0_3.0_7.0,1,20,27,65,45,26,3
31351.png,1.0_2.0_3.0,1,19,22,35,16,21,3
31352.png,1.0_10.0,7,50,53,94,44,46,2
31353.png,2.0_5.0,7,29,33,58,29,26,2
31354.png,6.0,6,43,54,76,33,48,1
31355.png,1.0_5.0,3,38,48,76,38,45,2
31356.png,4.0,1,24,23,39,15,22,1
31357.png,3.0_6.0_5.0,31,64,67,102,38,36,3
31358.png,4.0_9.0,7,42,49,89,47,42,2
31359.png,2.0_1.0,1,16,19,35,19,18,2
3136.png,7.0_10.0,6,60,76,93,33,70,2
31360.png,1.0_6.0,3,28,30,47,19,27,2
31361.png,5.0_10.0_7.0,1,19,22,42,23,21,3
31362.png,2.0_6.0_9.0,1,29,41,78,49,40,3
31363.png,2.0,1,12,12,20,8,11,1
31364.png,2.0_3.0,1,20,25,46,26,24,2
31365.png,1.0_8.0_9.0,5,35,33,77,42,28,3
31366.png,5.0_8.0,2,31,38,71,40,36,2
31367.png,2.0,3,43,30,52,9,27,1
31368.png,4.0_8.0_6.0,59,144,169,244,100,110,3
31369.png,2.0,11,48,49,72,24,38,1
3137.png,8.0_10.0,1,21,33,60,39,32,2
31370.png,3.0_5.0,2,29,27,49,20,25,2
31371.png,3.0_10.0_7.0,4,17,20,35,18,16,3
31372.png,9.0_1.0_6.0,53,157,92,194,37,39,3
31373.png,4.0_9.0_9.0,11,44,34,73,29,23,3
31374.png,1.0_8.0_7.0_4.0,4,28,28,69,41,24,4
31375.png,3.0_6.0,2,24,44,71,47,42,2
31376.png,8.0_7.0,18,68,80,125,57,62,2
31377.png,1.0_6.0,26,102,104,136,34,78,2
31378.png,8.0,8,36,44,54,18,36,1
31379.png,4.0_8.0,33,110,93,167,57,60,2
3138.png,2.0_10.0_4.0_10.0,7,64,49,132,68,42,4
31380.png,2.0,2,25,28,37,12,26,1
31381.png,1.0_2.0_5.0,106,198,146,243,45,40,3
31382.png,6.0_10.0,6,32,35,62,30,29,2
31383.png,2.0_2.0,2,27,30,55,28,28,2
31384.png,1.0_3.0_5.0_6.0,1,17,27,71,54,26,4
31385.png,1.0_3.0_4.0,5,43,40,121,78,35,3
31386.png,1.0_2.0_2.0,10,30,32,49,19,22,3
31387.png,3.0_3.0,1,15,20,35,20,19,2
31388.png,7.0_4.0,11,50,35,69,19,24,2
31389.png,9.0,8,28,35,45,17,27,1
3139.png,1.0_3.0,4,23,23,41,18,19,2
31390.png,1.0_7.0,11,49,47,81,32,36,2
31391.png,1.0_1.0,10,39,33,51,12,23,2
31392.png,1.0_1.0_10.0,16,58,70,104,46,54,3
31393.png,1.0_3.0,7,31,35,55,24,28,2
31394.png,5.0_10.0_1.0,18,64,60,112,48,42,3
31395.png,1.0,5,23,28,33,10,23,1
31396.png,5.0_8.0,20,59,56,82,23,36,2
31397.png,3.0_4.0,22,62,58,104,42,36,2
31398.png,5.0_6.0,10,53,43,69,16,33,2
31399.png,6.0,2,23,39,54,31,37,1
314.png,4.0_8.0,2,35,36,65,30,34,2
3140.png,1.0_2.0,27,158,201,342,184,174,2
31400.png,5.0_6.0,3,20,27,40,20,24,2
31401.png,7.0_4.0,6,25,23,42,17,17,2
31402.png,1.0,9,19,24,26,7,15,1
31403.png,1.0_4.0_1.0,12,52,34,79,27,22,3
31404.png,1.0,5,25,21,33,8,16,1
31405.png,2.0_10.0_6.0_2.0,8,56,67,113,57,59,4
31406.png,3.0_8.0,6,47,49,98,51,43,2
31407.png,4.0_1.0,7,63,68,116,53,61,2
31408.png,2.0_1.0,15,59,49,94,35,34,2
31409.png,2.0_10.0,3,35,37,63,28,34,2
3141.png,7.0_8.0,8,42,51,87,45,43,2
31410.png,4.0_6.0,2,16,23,37,21,21,2
31411.png,1.0_5.0_7.0,7,48,72,115,67,65,3
31412.png,1.0_10.0_2.0_1.0,41,144,91,220,76,50,4
31413.png,4.0_10.0_9.0,3,18,17,36,18,14,3
31414.png,1.0_5.0,3,29,34,55,26,31,2
31415.png,5.0_2.0,6,41,47,86,45,41,2
31416.png,5.0_1.0,3,23,29,53,30,26,2
31417.png,3.0_9.0,11,34,42,53,19,31,2
31418.png,9.0,5,41,49,76,35,44,1
31419.png,4.0_9.0,1,23,25,41,18,24,2
3142.png,8.0_2.0,10,44,53,84,40,43,2
31420.png,1.0_3.0_1.0,2,17,20,41,24,18,3
31421.png,9.0,6,44,39,65,21,33,1
31422.png,1.0_6.0_3.0,3,45,55,93,48,52,3
31423.png,3.0_6.0_3.0,7,77,80,139,62,73,3
31424.png,1.0_7.0_4.0,73,116,105,145,29,32,3
31425.png,2.0_1.0_3.0_10.0,7,26,25,61,35,18,4
31426.png,1.0_5.0_6.0_6.0,9,38,41,92,54,32,4
31427.png,2.0_8.0,4,25,22,39,14,18,2
31428.png,1.0_2.0_2.0,2,22,24,40,18,22,3
31429.png,1.0_1.0_1.0,5,28,30,47,19,25,3
3143.png,9.0_6.0,13,52,58,112,60,45,2
31430.png,1.0_8.0_7.0_10.0,2,19,22,65,46,20,4
31431.png,9.0_7.0,3,28,28,48,20,25,2
31432.png,1.0_10.0_7.0,25,95,91,166,71,66,3
31433.png,3.0_3.0,5,25,24,48,23,19,2
31434.png,3.0_2.0,6,34,43,82,48,37,2
31435.png,3.0_4.0,18,75,65,122,47,47,2
31436.png,2.0_10.0,7,53,58,101,48,51,2
31437.png,1.0_3.0_2.0,4,25,28,54,29,24,3
31438.png,3.0_2.0,1,17,17,37,20,16,2
31439.png,2.0_9.0_6.0,22,107,130,255,148,108,3
3144.png,2.0_9.0,5,47,59,95,48,54,2
31440.png,8.0,4,23,24,35,12,20,1
31441.png,9.0_4.0,2,41,49,91,50,47,2
31442.png,1.0_8.0,8,26,27,39,13,19,2
31443.png,2.0_2.0,3,20,27,42,22,24,2
31444.png,9.0_1.0,13,127,80,198,71,67,2
31445.png,2.0,5,33,31,53,20,26,1
31446.png,8.0_3.0,6,41,31,63,22,25,2
31447.png,1.0_3.0_8.0,15,76,75,153,77,60,3
31448.png,8.0_4.0_10.0,13,57,47,105,48,34,3
31449.png,2.0_7.0,4,28,30,47,19,26,2
3145.png,1.0,5,28,27,36,8,22,1
31450.png,8.0_8.0,13,72,84,136,64,71,2
31451.png,6.0_3.0,1,18,24,40,22,23,2
31452.png,1.0_10.0,5,30,35,50,20,30,2
31453.png,7.0_9.0,5,26,27,48,22,22,2
31454.png,2.0_5.0,9,63,64,106,43,55,2
31455.png,3.0_1.0,57,107,84,135,28,27,2
31456.png,2.0,5,72,98,141,69,93,1
31457.png,8.0_7.0,2,40,52,82,42,50,2
31458.png,6.0_2.0,4,32,37,55,23,33,2
31459.png,2.0_7.0_10.0_7.0,6,26,34,94,68,28,4
3146.png,4.0_8.0_7.0,13,52,43,85,33,30,3
31460.png,6.0,18,63,68,81,18,50,1
31461.png,6.0,9,42,58,72,30,49,1
31462.png,2.0_3.0,1,58,85,167,109,84,2
31463.png,1.0_3.0_8.0,7,36,41,69,33,34,3
31464.png,2.0_7.0,6,62,73,127,65,67,2
31465.png,7.0_1.0,4,38,46,80,42,42,2
31466.png,3.0_1.0,9,38,50,62,24,41,2
31467.png,4.0,22,54,56,67,13,34,1
31468.png,6.0_8.0,15,45,39,71,26,24,2
31469.png,3.0_9.0,8,57,48,95,38,40,2
3147.png,1.0_6.0_5.0,1,23,26,59,36,25,3
31470.png,1.0_3.0,4,26,30,53,27,26,2
31471.png,3.0_7.0,23,78,90,139,61,67,2
31472.png,4.0_9.0,1,29,37,66,37,36,2
31473.png,4.0_10.0_4.0,29,183,62,227,44,33,3
31474.png,2.0_3.0,3,18,19,38,20,16,2
31475.png,1.0_1.0,15,49,69,79,30,54,2
31476.png,7.0_8.0,11,124,67,166,42,56,2
31477.png,2.0_8.0,7,80,68,132,52,61,2
31478.png,8.0_10.0,2,23,27,59,36,25,2
31479.png,6.0,11,54,65,88,34,54,1
3148.png,2.0,19,54,41,65,11,22,1
31480.png,4.0_7.0,14,47,40,68,21,26,2
31481.png,6.0_9.0,12,73,72,133,60,60,2
31482.png,1.0_1.0,17,49,57,90,41,40,2
31483.png,1.0_10.0,11,29,33,50,21,22,2
31484.png,2.0_7.0_2.0,17,52,50,99,47,33,3
31485.png,3.0_4.0_5.0_10.0,19,112,152,485,373,133,4
31486.png,2.0_5.0,26,72,68,128,56,42,2
31487.png,8.0,2,17,19,27,10,17,1
31488.png,1.0_9.0_6.0,4,23,28,57,34,24,3
31489.png,2.0_2.0_5.0_4.0,8,42,49,78,36,41,4
3149.png,2.0_8.0_5.0,18,107,86,198,91,68,3
31490.png,3.0,6,20,17,25,5,11,1
31491.png,2.0_2.0,12,81,77,159,78,65,2
31492.png,1.0_6.0,12,64,59,111,47,47,2
31493.png,3.0_5.0,2,35,39,70,35,37,2
31494.png,3.0_4.0,15,121,76,190,69,61,2
31495.png,2.0_7.0,1,34,45,87,53,44,2
31496.png,1.0_10.0,3,19,19,34,15,16,2
31497.png,1.0_1.0,1,23,24,40,17,23,2
31498.png,1.0_8.0_9.0,26,78,81,147,69,55,3
31499.png,2.0_2.0_5.0_1.0,12,38,31,75,37,19,4
315.png,4.0_2.0_1.0,1,17,18,35,18,17,3
3150.png,2.0_7.0,1,18,27,42,24,26,2
31500.png,4.0_8.0,13,68,81,131,63,68,2
31501.png,4.0,2,25,32,46,21,30,1
31502.png,5.0_9.0,25,100,100,155,55,75,2
31503.png,5.0_6.0_2.0,15,60,62,102,42,47,3
31504.png,5.0_4.0_1.0_6.0,1,23,27,61,38,26,4
31505.png,2.0_4.0,5,41,50,74,33,45,2
31506.png,5.0,3,19,23,35,16,20,1
31507.png,2.0_6.0,1,22,30,47,25,29,2
31508.png,2.0_10.0_1.0,2,75,102,199,124,100,3
31509.png,6.0,8,24,24,37,13,16,1
3151.png,1.0_9.0_5.0,4,30,33,67,37,29,3
31510.png,2.0_7.0_9.0,1,18,20,39,21,19,3
31511.png,4.0_3.0,10,53,69,116,63,59,2
31512.png,1.0_5.0_10.0,6,25,22,59,34,16,3
31513.png,4.0_5.0,10,57,54,97,40,44,2
31514.png,4.0_7.0,4,27,28,47,20,24,2
31515.png,4.0_5.0,5,16,26,35,19,21,2
31516.png,2.0_4.0,6,33,32,47,14,26,2
31517.png,3.0_8.0,5,57,70,120,63,65,2
31518.png,1.0_6.0,6,29,29,48,19,23,2
31519.png,5.0_9.0_5.0_10.0,10,37,33,82,45,23,4
3152.png,1.0_10.0_7.0_1.0,4,77,34,118,41,30,4
31520.png,8.0_2.0,4,41,41,76,35,37,2
31521.png,6.0_10.0,8,35,34,64,29,26,2
31522.png,1.0_3.0_8.0_8.0,2,17,19,41,24,17,4
31523.png,3.0_3.0,17,55,57,87,32,40,2
31524.png,4.0_3.0_10.0,45,90,86,146,56,41,3
31525.png,2.0_2.0,1,36,69,132,96,68,2
31526.png,1.0_8.0,11,54,68,97,43,57,2
31527.png,1.0_10.0,4,25,34,52,27,30,2
31528.png,4.0_2.0,3,20,29,37,17,26,2
31529.png,1.0,4,35,33,47,12,29,1
3153.png,2.0_2.0_2.0,11,46,41,93,47,30,3
31530.png,1.0_10.0,5,30,27,47,17,22,2
31531.png,7.0_6.0,12,45,36,72,27,24,2
31532.png,1.0_8.0,6,34,39,59,25,33,2
31533.png,1.0_6.0_10.0,1,18,17,34,16,16,3
31534.png,3.0_4.0_8.0,10,106,70,183,77,60,3
31535.png,4.0_3.0,8,29,33,54,25,25,2
31536.png,1.0_3.0,4,18,22,42,24,18,2
31537.png,5.0_3.0_4.0,2,33,37,77,44,35,3
31538.png,1.0_6.0_4.0,1,15,18,35,20,17,3
31539.png,1.0_3.0_4.0,4,33,44,66,33,40,3
3154.png,1.0_6.0_8.0,10,35,41,71,36,31,3
31540.png,6.0_10.0,9,35,36,66,31,27,2
31541.png,4.0_10.0,1,19,13,35,16,12,2
31542.png,1.0_9.0,1,38,53,85,47,52,2
31543.png,7.0_10.0,1,12,13,33,21,12,2
31544.png,2.0_3.0_3.0,1,19,22,54,35,21,3
31545.png,3.0_9.0,5,46,56,93,47,51,2
31546.png,5.0_10.0,1,20,23,48,28,22,2
31547.png,8.0_3.0_7.0,15,51,53,85,34,38,3
31548.png,1.0_6.0,7,53,73,112,59,66,2
31549.png,4.0_8.0,51,117,83,145,28,32,2
3155.png,6.0_8.0,2,30,36,44,14,34,2
31550.png,1.0_5.0,16,55,45,72,17,29,2
31551.png,1.0_10.0,5,23,25,39,16,20,2
31552.png,5.0_1.0,9,23,22,33,10,13,2
31553.png,9.0_1.0,11,55,57,95,40,46,2
31554.png,7.0,28,95,80,127,32,52,1
31555.png,1.0_2.0_5.0,13,56,64,96,40,51,3
31556.png,8.0_5.0,10,44,32,62,18,22,2
31557.png,1.0_3.0,4,33,43,68,35,39,2
31558.png,2.0,9,47,54,79,32,45,1
31559.png,6.0_3.0,31,116,79,163,47,48,2
3156.png,2.0_8.0_8.0,4,19,32,70,51,28,3
31560.png,2.0_5.0,2,31,36,74,43,34,2
31561.png,2.0_2.0,15,101,59,150,49,44,2
31562.png,4.0_6.0,12,79,99,192,113,87,2
31563.png,2.0_10.0_8.0_3.0,1,30,39,121,91,38,4
31564.png,3.0,6,24,22,34,10,16,1
31565.png,2.0_7.0_1.0,13,55,42,94,39,29,3
31566.png,6.0,8,42,49,69,27,41,1
31567.png,6.0_10.0,22,72,55,105,33,33,2
31568.png,3.0_7.0,1,16,21,29,13,20,2
31569.png,2.0_10.0_9.0,12,29,27,46,17,15,3
3157.png,3.0_1.0,1,12,19,29,17,18,2
31570.png,1.0_10.0_3.0,3,21,24,44,23,21,3
31571.png,1.0_5.0,6,36,30,53,17,24,2
31572.png,2.0_3.0,5,26,30,48,22,25,2
31573.png,1.0_7.0_4.0,4,33,37,77,44,33,3
31574.png,3.0_1.0,8,54,62,101,47,54,2
31575.png,1.0_10.0,1,16,18,34,18,17,2
31576.png,1.0_1.0,11,57,47,81,24,36,2
31577.png,5.0_6.0_7.0,35,95,65,138,43,30,3
31578.png,4.0_10.0_3.0,18,66,54,113,47,36,3
31579.png,1.0_1.0_8.0,3,15,18,32,17,15,3
3158.png,9.0_4.0,11,58,68,149,91,57,2
31580.png,5.0,5,24,29,36,12,24,1
31581.png,2.0_9.0,20,76,59,137,61,39,2
31582.png,1.0_5.0_1.0,5,23,24,49,26,19,3
31583.png,1.0_8.0_9.0,11,9,38,43,34,27,3
31584.png,7.0,5,24,23,30,6,18,1
31585.png,8.0_10.0,79,101,101,126,25,22,2
31586.png,1.0_4.0_10.0,39,145,78,204,59,39,3
31587.png,2.0_4.0_10.0,1,11,15,31,20,14,3
31588.png,2.0_6.0,14,193,68,235,42,54,2
31589.png,1.0_3.0,26,140,160,235,95,134,2
3159.png,2.0_6.0,10,43,43,85,42,33,2
31590.png,5.0_6.0,2,24,30,46,22,28,2
31591.png,3.0_5.0,7,22,26,37,15,19,2
31592.png,4.0_2.0,45,196,89,237,41,44,2
31593.png,2.0_5.0_3.0,3,22,24,44,22,21,3
31594.png,1.0_6.0,4,21,23,40,19,19,2
31595.png,2.0_2.0_1.0,1,67,74,136,69,73,3
31596.png,7.0_3.0_5.0,9,40,45,70,30,36,3
31597.png,3.0_1.0_4.0,1,29,40,60,31,39,3
31598.png,3.0_2.0,8,43,45,81,38,37,2
31599.png,1.0_2.0_7.0,13,65,71,147,82,58,3
316.png,2.0_5.0,9,52,60,110,58,51,2
3160.png,5.0_8.0,2,32,41,75,43,39,2
31600.png,6.0_7.0,2,23,28,43,20,26,2
31601.png,2.0_4.0,8,38,40,65,27,32,2
31602.png,3.0_10.0,3,29,29,51,22,26,2
31603.png,7.0_9.0,5,35,40,69,34,35,2
31604.png,1.0_1.0_4.0_8.0,10,37,28,76,39,18,4
31605.png,2.0_6.0,6,51,68,124,73,62,2
31606.png,2.0_10.0,6,23,24,36,13,18,2
31607.png,4.0_2.0,7,10,35,27,17,28,2
31608.png,6.0_4.0_5.0,16,107,115,217,110,99,3
31609.png,8.0,2,34,37,48,14,35,1
3161.png,5.0_4.0,14,58,46,94,36,32,2
31610.png,2.0_4.0_5.0,6,55,65,144,89,59,3
31611.png,8.0_1.0,2,47,51,79,32,49,2
31612.png,3.0_9.0,7,32,37,53,21,30,2
31613.png,5.0,9,40,41,55,15,32,1
31614.png,8.0,7,35,34,49,14,27,1
31615.png,5.0_7.0,2,27,27,42,15,25,2
31616.png,7.0_1.0_8.0,12,92,99,212,120,87,3
31617.png,1.0_4.0,4,33,38,59,26,34,2
31618.png,1.0_2.0,1,16,16,29,13,15,2
31619.png,7.0_9.0,1,35,45,63,28,44,2
3162.png,1.0,2,25,21,32,7,19,1
31620.png,1.0_4.0,1,27,31,51,24,30,2
31621.png,1.0_10.0_1.0,1,31,41,107,76,40,3
31622.png,2.0_9.0,2,19,27,43,24,25,2
31623.png,6.0_5.0,1,60,57,136,76,56,2
31624.png,2.0_6.0_9.0,14,82,70,159,77,56,3
31625.png,1.0_6.0_4.0,21,67,78,123,56,57,3
31626.png,1.0_7.0,5,35,33,55,20,28,2
31627.png,3.0,9,40,39,54,14,30,1
31628.png,6.0,18,36,69,65,29,51,1
31629.png,5.0,9,63,49,86,23,40,1
3163.png,4.0_10.0,14,38,35,59,21,21,2
31630.png,3.0_2.0,17,69,66,122,53,49,2
31631.png,7.0_7.0,42,100,69,137,37,27,2
31632.png,1.0_10.0,4,25,34,54,29,30,2
31633.png,2.0_5.0_9.0,7,41,45,67,26,38,3
31634.png,2.0_3.0,13,69,91,130,61,78,2
31635.png,7.0_8.0,4,24,28,38,14,24,2
31636.png,3.0_4.0,6,30,36,56,26,30,2
31637.png,4.0_10.0,4,19,24,43,24,20,2
31638.png,1.0_1.0,3,21,21,31,10,18,2
31639.png,3.0,9,48,56,75,27,47,1
3164.png,4.0_1.0,1,12,18,30,18,17,2
31640.png,1.0_8.0_6.0,14,50,55,102,52,41,3
31641.png,4.0,5,22,20,33,11,15,1
31642.png,7.0_7.0,31,102,65,133,31,34,2
31643.png,1.0_10.0_7.0,8,51,40,83,32,32,3
31644.png,1.0,5,26,22,32,6,17,1
31645.png,6.0_2.0_10.0,10,41,49,92,51,39,3
31646.png,3.0_5.0,1,40,49,68,28,48,2
31647.png,9.0_3.0,3,28,35,53,25,32,2
31648.png,2.0_6.0,35,100,61,135,35,26,2
31649.png,3.0_3.0,6,29,39,57,28,33,2
3165.png,5.0_1.0_3.0,3,16,21,44,28,18,3
31650.png,6.0_7.0,40,157,84,204,47,44,2
31651.png,8.0,6,40,38,53,13,32,1
31652.png,3.0_1.0,4,27,35,63,36,31,2
31653.png,4.0_6.0,1,75,99,175,100,98,2
31654.png,2.0_10.0,7,38,43,75,37,36,2
31655.png,1.0_10.0,1,15,22,36,21,21,2
31656.png,7.0,10,4,57,28,24,47,1
31657.png,3.0_3.0,19,86,126,189,103,107,2
31658.png,1.0_1.0,16,108,138,227,119,122,2
31659.png,6.0_1.0,6,123,163,252,129,157,2
3166.png,7.0_4.0,7,37,45,68,31,38,2
31660.png,7.0_5.0,3,21,25,35,14,22,2
31661.png,3.0_4.0,6,32,34,55,23,28,2
31662.png,1.0_3.0,5,37,43,57,20,38,2
31663.png,1.0_7.0,2,20,21,38,18,19,2
31664.png,1.0,23,73,64,88,15,41,1
31665.png,2.0_2.0_1.0_8.0,1,16,16,45,29,15,4
31666.png,5.0,6,58,46,73,15,40,1
31667.png,1.0_5.0_10.0,5,40,46,94,54,41,3
31668.png,5.0_3.0,15,80,86,157,77,71,2
31669.png,2.0_1.0,3,32,43,59,27,40,2
3167.png,4.0_10.0_4.0,2,23,25,51,28,23,3
31670.png,2.0_7.0_8.0,10,47,40,84,37,30,3
31671.png,1.0_2.0,2,29,34,47,18,32,2
31672.png,1.0_9.0_8.0,3,28,34,67,39,31,3
31673.png,1.0_9.0,3,20,23,40,20,20,2
31674.png,4.0_8.0_5.0,1,12,15,44,32,14,3
31675.png,2.0_3.0_8.0,18,65,56,115,50,38,3
31676.png,1.0_9.0,9,41,51,69,28,42,2
31677.png,2.0_8.0,3,19,24,35,16,21,2
31678.png,7.0,5,32,33,46,14,28,1
31679.png,4.0_3.0_5.0,30,83,78,138,55,48,3
3168.png,4.0_10.0,6,57,68,94,37,62,2
31680.png,1.0_5.0_5.0,2,21,22,48,27,20,3
31681.png,4.0_3.0,13,54,62,120,66,49,2
31682.png,3.0_2.0,3,54,74,138,84,71,2
31683.png,2.0_2.0_10.0,22,81,44,118,37,22,3
31684.png,4.0_1.0_7.0,21,75,64,116,41,43,3
31685.png,6.0_5.0,5,34,32,55,21,27,2
31686.png,3.0_9.0,1,16,22,35,19,21,2
31687.png,8.0_10.0,2,21,21,35,14,19,2
31688.png,2.0_1.0,2,20,20,31,11,18,2
31689.png,1.0_1.0,12,72,85,141,69,73,2
3169.png,1.0_5.0_6.0,8,34,36,54,20,28,3
31690.png,6.0_1.0,5,25,28,49,24,23,2
31691.png,1.0,1,16,23,22,6,22,1
31692.png,2.0_6.0,2,22,27,50,28,25,2
31693.png,7.0_4.0_8.0,58,108,91,147,39,33,3
31694.png,3.0_7.0,22,52,53,89,37,31,2
31695.png,5.0_9.0,9,27,27,49,22,18,2
31696.png,2.0,5,35,36,57,22,31,1
31697.png,5.0_10.0,1,21,27,40,19,26,2
31698.png,5.0_10.0_7.0,3,23,31,63,40,28,3
31699.png,1.0_9.0_10.0,1,27,32,60,33,31,3
317.png,4.0_4.0,1,15,18,27,12,17,2
3170.png,2.0_8.0,6,34,45,75,41,39,2
31700.png,2.0_3.0_10.0,36,69,67,99,30,31,3
31701.png,4.0_1.0,1,17,16,28,11,15,2
31702.png,2.0_2.0,8,36,33,55,19,25,2
31703.png,3.0_4.0,6,33,36,62,29,30,2
31704.png,8.0,4,45,40,55,10,36,1
31705.png,3.0_10.0,1,16,22,30,14,21,2
31706.png,8.0_9.0,6,32,41,56,24,35,2
31707.png,1.0_6.0_1.0,3,25,28,53,28,25,3
31708.png,1.0_1.0_6.0,6,38,57,99,61,51,3
31709.png,3.0_4.0_2.0_7.0,1,14,19,44,30,18,4
3171.png,8.0_9.0,4,19,30,43,24,26,2
31710.png,7.0_6.0,16,68,71,128,60,55,2
31711.png,1.0,1,20,22,29,9,21,1
31712.png,6.0_9.0,1,19,26,46,27,25,2
31713.png,3.0_4.0,1,22,29,52,30,28,2
31714.png,6.0_7.0,7,50,57,88,38,50,2
31715.png,2.0_3.0,3,16,19,27,11,16,2
31716.png,6.0,1,20,28,39,19,27,1
31717.png,5.0_1.0,2,16,21,33,17,19,2
31718.png,1.0_9.0_7.0,1,15,15,34,19,14,3
31719.png,3.0_4.0_7.0,3,32,39,61,29,36,3
3172.png,5.0,8,40,43,62,22,35,1
31720.png,5.0_5.0_8.0,9,57,66,165,108,57,3
31721.png,3.0_5.0_9.0,3,20,27,55,35,24,3
31722.png,1.0_10.0_4.0_4.0,18,109,112,299,190,94,4
31723.png,3.0_2.0_7.0,67,129,101,183,54,34,3
31724.png,4.0,4,17,18,23,6,14,1
31725.png,1.0_9.0_10.0,10,96,125,190,94,115,3
31726.png,3.0_9.0,23,15,85,88,73,62,2
31727.png,1.0_1.0,7,31,37,56,25,30,2
31728.png,8.0,4,21,20,31,10,16,1
31729.png,4.0_4.0_8.0_4.0,11,84,60,153,69,49,4
3173.png,1.0_7.0_10.0_6.0,1,14,12,39,25,11,4
31730.png,3.0_5.0,6,23,28,38,15,22,2
31731.png,1.0_2.0_7.0,11,62,77,139,77,66,3
31732.png,3.0_3.0,9,18,36,46,28,27,2
31733.png,7.0_3.0_10.0,74,115,113,175,60,39,3
31734.png,1.0_1.0_6.0,5,37,53,75,38,48,3
31735.png,4.0_2.0,20,46,42,66,20,22,2
31736.png,1.0_2.0_10.0,13,58,71,107,49,58,3
31737.png,1.0_7.0,12,48,49,72,24,37,2
31738.png,3.0_1.0,1,33,42,69,36,41,2
31739.png,3.0_3.0_7.0,93,156,140,198,42,47,3
3174.png,1.0_2.0_9.0,12,47,42,85,38,30,3
31740.png,1.0_8.0,9,52,66,101,49,57,2
31741.png,7.0,4,26,20,34,8,16,1
31742.png,9.0,1,16,17,30,14,16,1
31743.png,1.0_9.0,11,45,34,68,23,23,2
31744.png,4.0,6,23,20,30,7,14,1
31745.png,2.0_10.0_2.0_4.0,19,74,71,153,79,52,4
31746.png,4.0,24,63,87,93,30,63,1
31747.png,1.0_4.0_6.0,15,83,74,162,79,59,3
31748.png,1.0_10.0_5.0,14,43,41,69,26,27,3
31749.png,1.0_4.0,3,35,41,61,26,38,2
3175.png,7.0,3,27,41,50,23,38,1
31750.png,9.0_8.0_1.0,16,191,86,259,68,70,3
31751.png,9.0,9,29,28,39,10,19,1
31752.png,1.0_2.0,4,25,28,53,28,24,2
31753.png,1.0_5.0_5.0_2.0,32,120,96,201,81,64,4
31754.png,5.0_5.0,6,28,34,57,29,28,2
31755.png,5.0_6.0,1,41,50,89,48,49,2
31756.png,2.0_8.0,11,46,46,69,23,35,2
31757.png,1.0_1.0,7,24,27,40,16,20,2
31758.png,1.0_8.0_8.0,7,32,39,71,39,32,3
31759.png,4.0,1,40,41,65,25,40,1
3176.png,1.0_7.0,2,30,32,49,19,30,2
31760.png,1.0_3.0,1,16,24,41,25,23,2
31761.png,1.0_9.0_2.0,13,60,60,114,54,47,3
31762.png,2.0_1.0_1.0,4,50,54,103,53,50,3
31763.png,3.0_1.0_9.0,40,85,82,138,53,42,3
31764.png,1.0_4.0_9.0,6,29,30,64,35,24,3
31765.png,4.0_8.0,21,67,46,94,27,25,2
31766.png,2.0_10.0_4.0_6.0,19,50,54,117,67,35,4
31767.png,1.0_8.0,7,36,33,53,17,26,2
31768.png,1.0_1.0_4.0,3,28,37,51,23,34,3
31769.png,5.0,3,41,41,61,20,38,1
3177.png,9.0_5.0_7.0,36,72,85,139,67,49,3
31770.png,6.0_4.0,6,26,25,49,23,19,2
31771.png,1.0_10.0,4,26,20,38,12,16,2
31772.png,4.0_7.0,1,30,40,66,36,39,2
31773.png,3.0_1.0_4.0,2,18,27,44,26,25,3
31774.png,6.0_3.0,19,64,76,124,60,57,2
31775.png,1.0,12,50,48,65,15,36,1
31776.png,2.0_9.0,5,31,32,71,40,27,2
31777.png,7.0,2,26,23,34,8,21,1
31778.png,1.0_5.0_7.0,68,82,103,128,46,35,3
31779.png,6.0_8.0_6.0,1,20,22,42,22,21,3
3178.png,1.0_7.0,3,14,16,23,9,13,2
31780.png,2.0_6.0_1.0,9,7,41,55,48,32,3
31781.png,3.0_1.0_8.0,7,41,44,68,27,37,3
31782.png,3.0_5.0,6,56,65,147,91,59,2
31783.png,1.0_2.0_2.0,13,42,43,70,28,30,3
31784.png,4.0_10.0_3.0,17,139,61,191,52,44,3
31785.png,2.0_5.0,13,70,84,142,72,71,2
31786.png,1.0_5.0_1.0,3,52,66,137,85,63,3
31787.png,3.0_4.0,1,24,29,41,17,28,2
31788.png,3.0_7.0,3,24,22,42,18,19,2
31789.png,2.0_1.0_7.0,11,72,57,143,71,46,3
3179.png,3.0_3.0,10,56,52,106,50,42,2
31790.png,5.0_5.0,1,13,18,31,18,17,2
31791.png,2.0_7.0,8,56,72,120,64,64,2
31792.png,1.0,8,47,57,65,18,49,1
31793.png,6.0_7.0,6,27,35,58,31,29,2
31794.png,1.0_7.0_5.0,2,19,17,33,14,15,3
31795.png,3.0_2.0,13,45,52,86,41,39,2
31796.png,8.0_7.0,12,51,54,90,39,42,2
31797.png,2.0,53,201,232,310,109,179,1
31798.png,1.0_5.0,8,26,27,45,19,19,2
31799.png,1.0_4.0_8.0,1,17,21,47,30,20,3
318.png,1.0_7.0_1.0,1,19,29,50,31,28,3
3180.png,3.0,5,21,25,32,11,20,1
31800.png,2.0,7,43,53,61,18,46,1
31801.png,2.0_2.0_8.0_6.0,1,14,14,37,23,13,4
31802.png,9.0,6,39,36,58,19,30,1
31803.png,4.0_5.0,8,59,64,131,72,56,2
31804.png,1.0_6.0_2.0,1,26,39,83,57,38,3
31805.png,9.0_6.0,1,31,33,58,27,32,2
31806.png,1.0_3.0_4.0,19,85,72,137,52,53,3
31807.png,6.0_5.0,16,57,87,139,82,71,2
31808.png,2.0_3.0_1.0,12,37,41,66,29,29,3
31809.png,7.0_10.0,6,27,29,50,23,23,2
3181.png,1.0_10.0_7.0_10.0,14,78,99,195,117,85,4
31810.png,6.0_2.0,1,28,35,53,25,34,2
31811.png,1.0_8.0,6,33,42,51,18,36,2
31812.png,4.0_10.0,25,89,86,125,36,61,2
31813.png,1.0_1.0_5.0,27,89,71,142,53,44,3
31814.png,5.0,3,15,18,24,9,15,1
31815.png,5.0_10.0,7,45,46,89,44,39,2
31816.png,6.0_8.0,10,84,88,174,90,78,2
31817.png,10.0,4,38,24,46,8,20,1
31818.png,6.0_2.0,1,33,40,75,42,39,2
31819.png,2.0_2.0,11,44,44,88,44,33,2
3182.png,2.0_3.0_10.0,43,110,89,186,76,46,3
31820.png,1.0_10.0_2.0,3,30,39,75,45,36,3
31821.png,1.0_7.0,12,49,44,72,23,32,2
31822.png,1.0_3.0_7.0_10.0,9,0,69,98,98,60,4
31823.png,3.0_10.0,7,56,81,134,78,74,2
31824.png,1.0_9.0_9.0,4,44,58,116,72,54,3
31825.png,3.0_6.0,4,17,22,39,22,18,2
31826.png,5.0_1.0,5,42,54,83,41,49,2
31827.png,1.0_3.0,18,52,48,77,25,30,2
31828.png,1.0_4.0_3.0,16,67,75,120,53,59,3
31829.png,1.0_3.0_5.0_6.0,35,68,61,107,39,26,4
3183.png,8.0_9.0,19,86,65,125,39,46,2
31830.png,2.0_6.0,8,39,43,60,21,35,2
31831.png,2.0_6.0,3,28,33,52,24,30,2
31832.png,4.0_9.0,13,39,25,51,12,12,2
31833.png,8.0_6.0,3,34,47,80,46,44,2
31834.png,2.0_4.0_7.0,14,75,85,204,129,71,3
31835.png,2.0_1.0_1.0,8,40,41,77,37,33,3
31836.png,4.0_2.0,23,89,83,158,69,60,2
31837.png,8.0,5,25,26,38,13,21,1
31838.png,6.0_2.0_5.0,38,66,74,119,53,36,3
31839.png,6.0_7.0,8,39,44,71,32,36,2
3184.png,3.0_1.0,1,25,30,48,23,29,2
31840.png,3.0_4.0_9.0,14,44,66,98,54,52,3
31841.png,2.0_6.0,14,69,75,125,56,61,2
31842.png,4.0_1.0,3,34,44,64,30,41,2
31843.png,2.0_9.0,5,25,23,43,18,18,2
31844.png,1.0_3.0,1,15,17,31,16,16,2
31845.png,2.0,7,44,43,75,31,36,1
31846.png,6.0,1,20,16,30,10,15,1
31847.png,8.0_4.0_1.0,12,55,50,108,53,38,3
31848.png,7.0_9.0,4,26,27,46,20,23,2
31849.png,2.0_4.0,6,33,39,63,30,33,2
3185.png,1.0_2.0_4.0,3,34,31,61,27,28,3
31850.png,2.0_10.0_5.0,5,33,36,76,43,31,3
31851.png,5.0_6.0,1,26,28,57,31,27,2
31852.png,3.0_9.0,30,77,76,138,61,46,2
31853.png,3.0,4,23,29,34,11,25,1
31854.png,4.0_9.0_9.0_8.0,64,120,92,173,53,28,4
31855.png,3.0_3.0,4,30,40,64,34,36,2
31856.png,3.0_4.0,7,29,31,52,23,24,2
31857.png,4.0_5.0,29,166,71,197,31,42,2
31858.png,6.0,9,37,47,60,23,38,1
31859.png,1.0_2.0_2.0,55,94,106,161,67,51,3
3186.png,3.0_2.0,1,14,21,34,20,20,2
31860.png,6.0_6.0,2,37,48,81,44,46,2
31861.png,1.0,11,48,38,58,10,27,1
31862.png,1.0_2.0_7.0,30,148,66,200,52,36,3
31863.png,8.0_9.0,6,26,31,46,20,25,2
31864.png,6.0_4.0,13,57,59,112,55,46,2
31865.png,1.0_2.0_6.0,43,139,82,180,41,39,3
31866.png,3.0_8.0,8,50,59,77,27,51,2
31867.png,1.0_10.0_8.0,2,31,36,84,53,34,3
31868.png,1.0_8.0_7.0_10.0,2,25,25,71,46,23,4
31869.png,1.0_5.0,4,32,38,61,29,34,2
3187.png,6.0_6.0,2,19,23,36,17,21,2
31870.png,2.0_2.0,4,32,34,63,31,30,2
31871.png,7.0,1,66,79,97,31,78,1
31872.png,2.0_7.0,5,24,26,49,25,21,2
31873.png,1.0_10.0,1,20,23,45,25,22,2
31874.png,1.0_8.0_5.0_1.0,1,10,12,36,26,11,4
31875.png,9.0_5.0,36,115,75,174,59,39,2
31876.png,2.0_1.0_10.0,11,68,61,103,35,50,3
31877.png,1.0_8.0_9.0_1.0,2,18,15,42,24,13,4
31878.png,5.0,9,42,50,64,22,41,1
31879.png,1.0_6.0,4,29,34,54,25,30,2
3188.png,7.0_5.0,4,22,25,40,18,21,2
31880.png,1.0_7.0,5,53,68,85,32,63,2
31881.png,1.0_1.0_1.0,7,23,27,42,19,20,3
31882.png,2.0_8.0,4,32,31,64,32,27,2
31883.png,1.0_6.0,3,25,29,54,29,26,2
31884.png,7.0_2.0,16,54,44,79,25,28,2
31885.png,5.0_9.0_8.0,17,70,60,117,47,43,3
31886.png,3.0_4.0_1.0,29,98,64,147,49,35,3
31887.png,4.0_2.0,1,20,19,38,18,18,2
31888.png,1.0_8.0,4,22,22,42,20,18,2
31889.png,7.0_8.0,2,32,39,57,25,37,2
3189.png,5.0_5.0,47,118,88,156,38,41,2
31890.png,1.0,17,41,47,58,17,30,1
31891.png,8.0_3.0,36,136,137,251,115,101,2
31892.png,2.0_4.0_4.0,6,26,26,46,20,20,3
31893.png,5.0_3.0_4.0,2,22,25,49,27,23,3
31894.png,1.0_2.0_8.0,1,14,17,40,26,16,3
31895.png,9.0,20,17,60,41,24,40,1
31896.png,3.0_3.0,4,47,56,87,40,52,2
31897.png,7.0_2.0_7.0_8.0,23,72,50,112,40,27,4
31898.png,2.0_4.0,6,52,64,95,43,58,2
31899.png,1.0_10.0_2.0,3,39,52,94,55,49,3
319.png,6.0_8.0,21,92,90,169,77,69,2
3190.png,5.0,1,18,27,36,18,26,1
31900.png,8.0_9.0,14,102,90,171,69,76,2
31901.png,2.0_4.0,3,21,22,35,14,19,2
31902.png,7.0,1,22,25,34,12,24,1
31903.png,1.0_2.0_2.0,21,94,88,175,81,67,3
31904.png,1.0_9.0,1,11,14,24,13,13,2
31905.png,1.0_1.0_7.0_2.0,1,13,18,35,22,17,4
31906.png,4.0_10.0,8,62,84,118,56,76,2
31907.png,1.0_1.0,5,39,55,81,42,50,2
31908.png,6.0_5.0,10,48,52,93,45,42,2
31909.png,4.0_9.0,2,38,43,73,35,41,2
3191.png,5.0_9.0,79,129,129,193,64,50,2
31910.png,9.0_4.0,10,59,61,116,57,51,2
31911.png,5.0,1,15,14,20,5,13,1
31912.png,7.0,2,19,21,31,12,19,1
31913.png,3.0_8.0,2,10,21,28,18,19,2
31914.png,1.0_5.0,8,40,49,69,29,41,2
31915.png,8.0_10.0,1,17,21,41,24,20,2
31916.png,3.0_4.0,7,35,39,66,31,32,2
31917.png,9.0_1.0,2,21,30,47,26,28,2
31918.png,1.0,7,39,30,51,12,23,1
31919.png,5.0_3.0,10,50,45,83,33,35,2
3192.png,1.0_6.0,3,20,28,41,21,25,2
31920.png,5.0_6.0,2,20,23,40,20,21,2
31921.png,2.0_2.0,1,16,19,38,22,18,2
31922.png,2.0_4.0,122,141,159,175,34,37,2
31923.png,1.0_1.0_1.0,8,41,47,76,35,39,3
31924.png,2.0_4.0_10.0,1,17,17,39,22,16,3
31925.png,2.0_1.0,11,60,57,108,48,46,2
31926.png,4.0_7.0,43,163,140,272,109,97,2
31927.png,5.0_8.0,1,16,23,39,23,22,2
31928.png,3.0_10.0,1,21,28,47,26,27,2
31929.png,2.0_4.0_6.0,8,46,39,93,47,31,3
3193.png,6.0,7,34,27,46,12,20,1
31930.png,2.0_2.0_8.0,3,50,67,148,98,64,3
31931.png,1.0_4.0_9.0_1.0,1,14,17,48,34,16,4
31932.png,2.0_9.0_5.0,19,80,67,146,66,48,3
31933.png,1.0,13,72,64,94,22,51,1
31934.png,1.0_6.0_5.0,1,13,15,32,19,14,3
31935.png,1.0_8.0,3,30,37,60,30,34,2
31936.png,3.0_2.0,5,18,27,34,16,22,2
31937.png,1.0_2.0_7.0_8.0,1,13,21,54,41,20,4
31938.png,1.0_8.0_2.0,8,46,41,91,45,33,3
31939.png,1.0_9.0_3.0,1,17,21,37,20,20,3
3194.png,1.0_4.0_2.0,1,14,17,35,21,16,3
31940.png,2.0_5.0_9.0_1.0,1,16,17,42,26,16,4
31941.png,2.0,5,21,21,31,10,16,1
31942.png,7.0_2.0,9,32,33,51,19,24,2
31943.png,1.0_10.0_9.0,3,12,14,29,17,11,3
31944.png,1.0_2.0_2.0,15,48,53,87,39,38,3
31945.png,9.0_1.0,16,63,44,85,22,28,2
31946.png,4.0_6.0_6.0,11,37,33,74,37,22,3
31947.png,7.0_7.0,16,84,84,145,61,68,2
31948.png,4.0_6.0,4,25,43,65,40,39,2
31949.png,9.0,36,80,222,193,113,186,1
3195.png,1.0_10.0_1.0,6,28,33,53,25,27,3
31950.png,4.0_3.0,1,22,24,43,21,23,2
31951.png,6.0,3,38,52,65,27,49,1
31952.png,1.0_7.0_3.0,7,106,133,224,118,126,3
31953.png,1.0_9.0_1.0_4.0,34,95,71,150,55,37,4
31954.png,1.0_7.0,28,113,110,185,72,82,2
31955.png,5.0_4.0,6,43,48,85,42,42,2
31956.png,3.0_2.0,4,18,21,34,16,17,2
31957.png,5.0,7,45,41,65,20,34,1
31958.png,2.0,4,26,29,35,9,25,1
31959.png,3.0_2.0_3.0_10.0,38,137,103,252,115,65,4
3196.png,4.0_6.0,56,126,84,155,29,28,2
31960.png,3.0_3.0_2.0,11,41,34,71,30,23,3
31961.png,4.0_6.0_6.0,44,99,95,191,92,51,3
31962.png,5.0,2,20,15,26,6,13,1
31963.png,3.0_1.0,2,12,13,23,11,11,2
31964.png,5.0_3.0,6,30,43,60,30,37,2
31965.png,2.0_7.0,13,58,59,108,50,46,2
31966.png,2.0_1.0_7.0,5,40,42,78,38,37,3
31967.png,1.0_9.0_10.0_3.0,5,26,39,80,54,34,4
31968.png,8.0_10.0,1,16,19,43,27,18,2
31969.png,1.0_6.0,1,22,25,40,18,24,2
3197.png,2.0_1.0,2,26,29,44,18,27,2
31970.png,7.0_6.0,3,16,19,30,14,16,2
31971.png,4.0_8.0,4,33,43,79,46,39,2
31972.png,1.0_8.0_9.0,8,44,47,98,54,39,3
31973.png,2.0_3.0_2.0,11,30,26,52,22,15,3
31974.png,4.0_8.0,4,32,40,60,28,36,2
31975.png,4.0_7.0,3,21,27,49,28,24,2
31976.png,2.0_4.0,4,49,55,102,53,51,2
31977.png,4.0_1.0,4,19,23,32,13,19,2
31978.png,7.0_3.0,3,36,33,54,18,30,2
31979.png,7.0_5.0,7,42,57,82,40,50,2
3198.png,2.0,3,20,18,29,9,15,1
31980.png,2.0_1.0_4.0,9,45,55,87,42,46,3
31981.png,2.0_8.0,1,12,14,27,15,13,2
31982.png,4.0_1.0,4,39,50,77,38,46,2
31983.png,5.0_6.0,4,19,22,35,16,18,2
31984.png,1.0,9,41,40,50,9,31,1
31985.png,1.0_9.0,1,16,19,27,11,18,2
31986.png,9.0_10.0_9.0,33,66,68,140,74,35,3
31987.png,1.0_10.0_4.0,1,17,24,50,33,23,3
31988.png,2.0_9.0,2,27,28,52,25,26,2
31989.png,7.0,8,37,35,47,10,27,1
3199.png,4.0,4,25,33,40,15,29,1
31990.png,2.0_7.0_7.0,7,26,38,58,32,31,3
31991.png,2.0_2.0_1.0,10,45,43,86,41,33,3
31992.png,1.0_1.0,5,29,30,44,15,25,2
31993.png,4.0_10.0,1,31,36,70,39,35,2
31994.png,3.0_2.0,8,33,40,67,34,32,2
31995.png,9.0,6,28,25,38,10,19,1
31996.png,3.0_5.0,2,30,40,67,37,38,2
31997.png,4.0_9.0,8,44,44,76,32,36,2
31998.png,2.0_5.0_8.0,4,23,31,56,33,27,3
31999.png,2.0_3.0,8,60,75,159,99,67,2
32.png,4.0_3.0,16,48,52,85,37,36,2
320.png,7.0_3.0,7,35,47,71,36,40,2
3200.png,2.0_5.0,10,40,37,68,28,27,2
32000.png,8.0_3.0,15,60,63,111,51,48,2
32001.png,1.0_10.0,9,34,31,54,20,22,2
32002.png,1.0_1.0,9,53,53,87,34,44,2
32003.png,5.0_10.0,7,50,51,95,45,44,2
32004.png,1.0_4.0_2.0,1,19,17,38,19,16,3
32005.png,5.0_9.0,3,20,21,43,23,18,2
32006.png,1.0,1,24,20,32,8,19,1
32007.png,8.0,4,30,40,49,19,36,1
32008.png,5.0_1.0,4,20,16,30,10,12,2
32009.png,6.0_10.0,9,94,121,168,74,112,2
3201.png,1.0_4.0,11,79,64,120,41,53,2
32010.png,1.0_1.0_8.0,54,185,131,276,91,77,3
32011.png,7.0_3.0,8,32,56,90,58,48,2
32012.png,3.0,13,42,43,59,17,30,1
32013.png,9.0_8.0,11,63,69,112,49,58,2
32014.png,9.0,36,41,47,61,20,11,1
32015.png,8.0_1.0,3,23,28,47,24,25,2
32016.png,1.0_3.0_4.0,2,19,23,39,20,21,3
32017.png,3.0_10.0_5.0,9,42,35,69,27,26,3
32018.png,9.0_3.0,25,60,69,115,55,44,2
32019.png,3.0_5.0,2,22,29,44,22,27,2
3202.png,6.0_6.0,1,13,17,25,12,16,2
32020.png,8.0_4.0,3,20,23,44,24,20,2
32021.png,4.0,10,57,61,82,25,51,1
32022.png,7.0_10.0,4,54,65,121,67,61,2
32023.png,1.0_10.0,11,57,62,112,55,51,2
32024.png,2.0_1.0_6.0,5,30,31,49,19,26,3
32025.png,7.0,7,35,37,53,18,30,1
32026.png,4.0_5.0,7,31,33,50,19,26,2
32027.png,3.0_1.0,11,60,49,93,33,38,2
32028.png,5.0,7,41,50,64,23,43,1
32029.png,9.0_10.0,7,29,27,50,21,20,2
3203.png,6.0,7,45,37,61,16,30,1
32030.png,1.0_9.0,12,27,51,49,22,39,2
32031.png,8.0_6.0,4,25,31,45,20,27,2
32032.png,1.0_2.0,4,34,44,63,29,40,2
32033.png,2.0_2.0,9,51,67,106,55,58,2
32034.png,7.0_3.0,13,33,55,80,47,42,2
32035.png,2.0_5.0_10.0_6.0,9,26,26,60,34,17,4
32036.png,8.0,6,33,39,46,13,33,1
32037.png,2.0_10.0_1.0,6,25,29,49,24,23,3
32038.png,7.0,2,14,13,20,6,11,1
32039.png,1.0_10.0_6.0,5,30,38,57,27,33,3
3204.png,3.0_5.0,3,19,26,48,29,23,2
32040.png,2.0_8.0,6,39,38,86,47,32,2
32041.png,1.0_1.0_8.0,13,62,79,157,95,66,3
32042.png,1.0_3.0,14,53,52,76,23,38,2
32043.png,2.0_2.0_6.0_8.0,1,12,12,40,28,11,4
32044.png,7.0_6.0,6,19,23,39,20,17,2
32045.png,4.0_7.0,8,48,61,72,24,53,2
32046.png,1.0_2.0,8,37,30,55,18,22,2
32047.png,1.0_10.0,7,48,54,87,39,47,2
32048.png,2.0_6.0,3,25,28,51,26,25,2
32049.png,1.0,7,40,51,60,20,44,1
3205.png,7.0_1.0,17,80,95,131,51,78,2
32050.png,2.0_5.0_3.0,3,25,40,76,51,37,3
32051.png,5.0_9.0,8,41,47,79,38,39,2
32052.png,3.0_9.0,1,36,43,73,37,42,2
32053.png,2.0_6.0_4.0,12,60,56,123,63,44,3
32054.png,1.0_4.0_4.0,5,12,24,38,26,19,3
32055.png,1.0_9.0_4.0,27,123,87,204,81,60,3
32056.png,4.0_9.0,6,36,39,71,35,33,2
32057.png,2.0_1.0,4,30,41,80,50,37,2
32058.png,1.0_3.0,3,31,40,70,39,37,2
32059.png,5.0,5,26,28,35,9,23,1
3206.png,5.0_4.0_4.0,10,45,44,88,43,34,3
32060.png,5.0_2.0,6,39,40,63,24,34,2
32061.png,1.0_5.0,2,21,30,41,20,28,2
32062.png,7.0,8,27,24,34,7,16,1
32063.png,3.0_2.0,6,42,47,75,33,41,2
32064.png,4.0_5.0,12,34,33,52,18,21,2
32065.png,1.0_4.0,8,53,62,75,22,54,2
32066.png,2.0_6.0_9.0,13,82,78,184,102,65,3
32067.png,2.0_8.0,4,25,35,54,29,31,2
32068.png,2.0_4.0_10.0_7.0,2,27,29,80,53,27,4
32069.png,1.0_4.0,14,63,71,122,59,57,2
3207.png,1.0_7.0_2.0,7,22,19,41,19,12,3
32070.png,4.0_4.0,10,38,37,69,31,27,2
32071.png,3.0_7.0,5,26,35,70,44,30,2
32072.png,4.0_3.0_1.0,18,77,76,136,59,58,3
32073.png,7.0,7,33,40,49,16,33,1
32074.png,4.0_2.0,53,159,147,229,70,94,2
32075.png,1.0_6.0,3,23,22,36,13,19,2
32076.png,2.0_5.0_10.0_7.0,9,25,25,68,43,16,4
32077.png,1.0_10.0,8,52,56,87,35,48,2
32078.png,1.0_4.0_10.0,3,18,20,39,21,17,3
32079.png,2.0_8.0,7,29,31,46,17,24,2
3208.png,3.0_4.0_10.0,6,50,50,117,67,44,3
32080.png,1.0_6.0,3,21,23,40,19,20,2
32081.png,2.0_8.0,3,42,55,109,67,52,2
32082.png,1.0_1.0_7.0_5.0,4,38,36,88,50,32,4
32083.png,3.0_4.0,2,19,25,43,24,23,2
32084.png,3.0,2,19,17,28,9,15,1
32085.png,1.0_5.0,4,37,34,69,32,30,2
32086.png,5.0_10.0,10,42,38,71,29,28,2
32087.png,4.0_4.0_9.0,21,80,91,199,119,70,3
32088.png,5.0,6,40,48,69,29,42,1
32089.png,2.0_3.0,5,32,37,54,22,32,2
3209.png,7.0_5.0,18,77,81,140,63,63,2
32090.png,1.0_2.0,7,35,44,65,30,37,2
32091.png,6.0_7.0,14,44,39,63,19,25,2
32092.png,1.0_1.0_3.0,2,16,21,36,20,19,3
32093.png,9.0_10.0,4,16,21,31,15,17,2
32094.png,1.0_5.0,1,36,41,57,21,40,2
32095.png,7.0_5.0,4,15,22,27,12,18,2
32096.png,8.0_2.0,6,58,78,126,68,72,2
32097.png,4.0_2.0,3,16,20,27,11,17,2
32098.png,3.0_1.0,14,63,90,135,72,76,2
32099.png,3.0,21,74,66,89,15,45,1
321.png,4.0_10.0_5.0,31,157,52,203,46,21,3
3210.png,1.0,1,21,16,25,4,15,1
32100.png,1.0_8.0_7.0,15,74,57,119,45,42,3
32101.png,1.0_5.0_4.0,24,50,47,100,50,23,3
32102.png,1.0_5.0,1,22,25,44,22,24,2
32103.png,3.0,2,15,15,20,5,13,1
32104.png,2.0_3.0_5.0_4.0,2,20,23,70,50,21,4
32105.png,4.0_4.0_1.0,23,103,80,180,77,57,3
32106.png,2.0_2.0,2,21,26,50,29,24,2
32107.png,1.0_2.0,13,47,46,76,29,33,2
32108.png,5.0_3.0,12,61,78,146,85,66,2
32109.png,7.0_1.0_10.0,9,43,35,76,33,26,3
3211.png,4.0_9.0,14,22,62,74,52,48,2
32110.png,2.0_4.0,4,26,33,51,25,29,2
32111.png,8.0,5,32,38,51,19,33,1
32112.png,7.0_7.0,5,33,38,59,26,33,2
32113.png,4.0_10.0,5,25,26,38,13,21,2
32114.png,7.0_7.0,6,14,20,29,15,14,2
32115.png,6.0,3,23,24,34,11,21,1
32116.png,2.0_1.0,1,36,46,63,27,45,2
32117.png,4.0_8.0,4,24,23,45,21,19,2
32118.png,3.0_5.0,5,30,33,58,28,28,2
32119.png,3.0_3.0_8.0,20,132,81,216,84,61,3
3212.png,3.0,4,18,21,25,7,17,1
32120.png,2.0_2.0_9.0_4.0,1,13,15,48,35,14,4
32121.png,4.0_7.0,2,19,15,27,8,13,2
32122.png,3.0_4.0,3,25,32,61,36,29,2
32123.png,1.0_2.0_10.0,11,43,37,69,26,26,3
32124.png,4.0,3,36,39,54,18,36,1
32125.png,1.0_7.0_1.0,9,52,53,96,44,44,3
32126.png,1.0_10.0_1.0,20,58,56,111,53,36,3
32127.png,7.0_6.0,7,33,36,90,57,29,2
32128.png,1.0_6.0_4.0,3,24,28,55,31,25,3
32129.png,3.0,16,57,55,74,17,39,1
3213.png,1.0_3.0_4.0,2,20,23,53,33,21,3
32130.png,4.0_6.0,4,25,36,56,31,32,2
32131.png,1.0_1.0,50,195,172,288,93,122,2
32132.png,1.0_3.0_5.0,1,20,23,45,25,22,3
32133.png,2.0_5.0_7.0,11,32,34,67,35,23,3
32134.png,2.0_9.0,1,13,13,25,12,12,2
32135.png,1.0_6.0_8.0,2,27,36,56,29,34,3
32136.png,6.0_8.0_10.0,11,42,38,77,35,27,3
32137.png,5.0_4.0_1.0,2,20,25,43,23,23,3
32138.png,7.0,5,36,33,52,16,28,1
32139.png,8.0_7.0,12,51,59,80,29,47,2
3214.png,9.0,16,56,45,69,13,29,1
32140.png,3.0_3.0,3,15,15,28,13,12,2
32141.png,4.0_6.0,6,41,43,80,39,37,2
32142.png,9.0,15,67,77,99,32,62,1
32143.png,3.0_1.0,4,34,36,57,23,32,2
32144.png,6.0_2.0,1,16,19,30,14,18,2
32145.png,3.0_1.0,3,41,48,77,36,45,2
32146.png,3.0_5.0,2,16,18,32,16,16,2
32147.png,2.0_10.0,3,52,63,99,47,60,2
32148.png,1.0_6.0_8.0,17,48,44,85,37,27,3
32149.png,1.0_3.0_1.0,8,46,42,84,38,34,3
3215.png,6.0_1.0,5,33,42,72,39,37,2
32150.png,7.0_5.0,2,30,31,63,33,29,2
32151.png,2.0_8.0,28,86,92,128,42,64,2
32152.png,1.0_7.0,16,163,73,199,36,57,2
32153.png,9.0,8,42,33,51,9,25,1
32154.png,6.0_5.0,1,24,28,51,27,27,2
32155.png,1.0_7.0,22,55,53,73,18,31,2
32156.png,9.0_9.0,6,40,57,116,76,51,2
32157.png,5.0_6.0,4,30,37,69,39,33,2
32158.png,7.0,13,85,98,134,49,85,1
32159.png,2.0_7.0_10.0,71,110,116,161,51,45,3
3216.png,7.0,4,25,26,36,11,22,1
32160.png,5.0_6.0,3,26,26,55,29,23,2
32161.png,1.0_9.0,2,17,14,30,13,12,2
32162.png,3.0_4.0_9.0,2,24,32,57,33,30,3
32163.png,1.0_9.0_9.0_4.0,14,47,46,106,59,32,4
32164.png,2.0_6.0,2,14,21,32,18,19,2
32165.png,3.0_1.0,6,42,48,77,35,42,2
32166.png,3.0_9.0,6,36,42,68,32,36,2
32167.png,9.0_6.0,11,39,41,68,29,30,2
32168.png,1.0_4.0,4,32,32,57,25,28,2
32169.png,6.0_7.0,18,0,102,88,88,84,2
3217.png,7.0_5.0,2,25,31,54,29,29,2
32170.png,2.0_10.0_7.0,3,42,70,142,100,67,3
32171.png,1.0_7.0,18,71,43,93,22,25,2
32172.png,4.0_3.0,4,33,30,46,13,26,2
32173.png,4.0_10.0,7,29,27,44,15,20,2
32174.png,3.0,10,30,28,40,10,18,1
32175.png,4.0_7.0,5,33,40,66,33,35,2
32176.png,1.0_10.0_3.0,6,25,29,45,20,23,3
32177.png,5.0_2.0,3,31,41,74,43,38,2
32178.png,1.0_3.0,17,56,70,95,39,53,2
32179.png,7.0_1.0,6,32,42,63,31,36,2
3218.png,3.0_6.0,2,22,18,43,21,16,2
32180.png,1.0_5.0_5.0_1.0,6,25,22,57,32,16,4
32181.png,9.0,16,95,113,159,64,97,1
32182.png,3.0,1,28,34,43,15,33,1
32183.png,1.0_1.0,14,82,100,158,76,86,2
32184.png,5.0_6.0,5,30,34,54,24,29,2
32185.png,2.0_9.0_3.0,20,120,121,256,136,101,3
32186.png,7.0_3.0,4,32,45,70,38,41,2
32187.png,6.0_7.0,71,148,130,224,76,59,2
32188.png,3.0_9.0,6,38,42,74,36,36,2
32189.png,2.0_8.0,4,28,24,57,29,20,2
3219.png,7.0,5,42,54,72,30,49,1
32190.png,3.0_9.0_7.0,21,77,83,147,70,62,3
32191.png,1.0_9.0,5,38,49,75,37,44,2
32192.png,1.0_1.0,4,35,37,50,15,33,2
32193.png,3.0,5,25,35,46,21,30,1
32194.png,9.0_8.0_5.0,9,65,60,117,52,51,3
32195.png,5.0_6.0,10,62,44,103,41,34,2
32196.png,4.0_9.0,2,23,21,36,13,19,2
32197.png,5.0_7.0,9,39,32,58,19,23,2
32198.png,2.0_10.0,6,22,40,48,26,34,2
32199.png,2.0_1.0,1,56,75,120,64,74,2
322.png,3.0_1.0,4,26,32,46,20,28,2
3220.png,10.0,8,53,38,67,14,30,1
32200.png,7.0,6,24,22,31,7,16,1
32201.png,1.0,7,37,45,52,15,38,1
32202.png,8.0_8.0_1.0,1,28,28,61,33,27,3
32203.png,1.0_3.0_1.0,1,18,28,55,37,27,3
32204.png,5.0_9.0,8,25,23,42,17,15,2
32205.png,7.0,2,23,20,36,13,18,1
32206.png,4.0_3.0,5,51,36,82,31,31,2
32207.png,6.0_8.0_4.0,5,19,24,42,23,19,3
32208.png,6.0,9,33,30,45,12,21,1
32209.png,1.0_2.0_7.0,16,52,40,86,34,24,3
3221.png,2.0_7.0,16,64,73,91,27,57,2
32210.png,6.0_7.0,1,17,17,31,14,16,2
32211.png,3.0_4.0,19,46,100,110,64,81,2
32212.png,1.0_1.0_6.0,9,3,32,23,20,23,3
32213.png,2.0_2.0,9,35,34,56,21,25,2
32214.png,2.0_3.0,12,44,42,71,27,30,2
32215.png,9.0,6,27,27,40,13,21,1
32216.png,3.0_1.0,21,70,69,104,34,48,2
32217.png,6.0_9.0,5,26,29,60,34,24,2
32218.png,1.0,5,53,68,80,27,63,1
32219.png,2.0_2.0_3.0,17,71,98,162,91,81,3
3222.png,1.0_2.0,5,39,45,64,25,40,2
32220.png,5.0,10,41,30,52,11,20,1
32221.png,2.0_10.0_1.0_4.0,1,23,32,88,65,31,4
32222.png,6.0_2.0,6,44,43,73,29,37,2
32223.png,1.0_1.0,3,66,88,121,55,85,2
32224.png,1.0_10.0,26,138,87,165,27,61,2
32225.png,6.0,13,64,74,100,36,61,1
32226.png,9.0,17,98,111,155,57,94,1
32227.png,1.0,5,22,31,30,8,26,1
32228.png,2.0_2.0,2,26,25,48,22,23,2
32229.png,6.0_8.0,3,21,21,38,17,18,2
3223.png,2.0_10.0,2,24,31,46,22,29,2
32230.png,2.0_9.0,10,17,27,37,20,17,2
32231.png,2.0_1.0,4,19,18,37,18,14,2
32232.png,9.0,13,73,87,121,48,74,1
32233.png,2.0_10.0,1,21,24,39,18,23,2
32234.png,8.0,3,27,28,42,15,25,1
32235.png,2.0_4.0_6.0_2.0,3,36,49,128,92,46,4
32236.png,1.0_3.0_10.0,14,69,86,129,60,72,3
32237.png,5.0_4.0,4,29,25,52,23,21,2
32238.png,3.0_5.0_4.0,5,27,32,55,28,27,3
32239.png,8.0_7.0,1,20,25,50,30,24,2
3224.png,2.0_4.0,4,36,33,68,32,29,2
32240.png,1.0_1.0_1.0,4,28,32,68,40,28,3
32241.png,3.0,5,26,26,34,8,21,1
32242.png,1.0_10.0,3,18,16,28,10,13,2
32243.png,3.0_2.0,7,31,34,60,29,27,2
32244.png,4.0,9,35,40,49,14,31,1
32245.png,1.0_10.0_8.0,8,56,63,136,80,55,3
32246.png,3.0_3.0_2.0,4,28,31,67,39,27,3
32247.png,1.0_6.0_1.0_6.0,14,84,78,208,124,64,4
32248.png,5.0_10.0,7,34,36,70,36,29,2
32249.png,2.0_7.0_6.0,35,133,66,173,40,31,3
3225.png,4.0_9.0,15,11,35,28,17,20,2
32250.png,4.0_9.0,6,41,56,94,53,50,2
32251.png,6.0_6.0,7,42,44,87,45,37,2
32252.png,2.0_7.0,6,33,39,55,22,33,2
32253.png,2.0_8.0,10,57,73,100,43,63,2
32254.png,9.0,6,38,51,61,23,45,1
32255.png,6.0_10.0,2,24,29,51,27,27,2
32256.png,1.0_9.0,11,28,29,44,16,18,2
32257.png,4.0_1.0,4,21,18,31,10,14,2
32258.png,4.0_5.0,21,86,81,148,62,60,2
32259.png,1.0,2,27,29,39,12,27,1
3226.png,1.0_2.0,2,45,68,106,61,66,2
32260.png,1.0_10.0_6.0,3,28,29,53,25,26,3
32261.png,3.0_7.0_10.0,10,108,46,161,53,36,3
32262.png,1.0_3.0_3.0,7,44,57,119,75,50,3
32263.png,4.0_4.0,1,31,41,71,40,40,2
32264.png,8.0,4,29,33,41,12,29,1
32265.png,2.0_8.0,14,61,49,103,42,35,2
32266.png,1.0_1.0_10.0,2,29,25,49,20,23,3
32267.png,2.0,14,51,63,66,15,49,1
32268.png,6.0_5.0_9.0,4,65,70,143,78,66,3
32269.png,6.0_1.0,7,69,107,155,86,100,2
3227.png,7.0,5,38,36,52,14,31,1
32270.png,7.0_8.0,3,22,34,64,42,31,2
32271.png,1.0_1.0,7,43,59,78,35,52,2
32272.png,5.0_1.0,15,96,116,193,97,101,2
32273.png,1.0_1.0_7.0,12,45,33,72,27,21,3
32274.png,2.0_2.0_6.0,11,76,51,123,47,40,3
32275.png,7.0_5.0,7,40,50,88,48,43,2
32276.png,1.0_1.0,8,33,39,49,16,31,2
32277.png,5.0_2.0,4,20,23,34,14,19,2
32278.png,3.0_9.0,6,50,60,104,54,54,2
32279.png,1.0_3.0_4.0,4,27,30,50,23,26,3
3228.png,2.0_3.0,3,28,32,55,27,29,2
32280.png,1.0_3.0,4,28,29,39,11,25,2
32281.png,6.0_6.0,4,24,31,43,19,27,2
32282.png,3.0_3.0_3.0,1,31,27,74,43,26,3
32283.png,1.0_6.0,6,30,35,57,27,29,2
32284.png,9.0_3.0,2,24,30,58,34,28,2
32285.png,3.0_3.0,19,102,116,216,114,97,2
32286.png,6.0_3.0,10,71,62,138,67,52,2
32287.png,2.0_8.0_2.0,15,45,40,71,26,25,3
32288.png,6.0,9,23,22,29,6,13,1
32289.png,5.0_1.0,13,66,83,125,59,70,2
3229.png,1.0_4.0,17,82,85,156,74,68,2
32290.png,1.0_7.0,20,80,90,120,40,70,2
32291.png,2.0_2.0_2.0,17,89,103,165,76,86,3
32292.png,7.0,7,31,28,42,11,21,1
32293.png,3.0_6.0,2,24,29,49,25,27,2
32294.png,6.0_1.0,85,235,163,284,49,78,2
32295.png,1.0_2.0_6.0,3,24,29,42,18,26,3
32296.png,1.0_4.0_9.0,10,50,53,106,56,43,3
32297.png,7.0,4,34,34,44,10,30,1
32298.png,2.0_7.0,2,50,57,95,45,55,2
32299.png,6.0_5.0,6,22,29,40,18,23,2
323.png,4.0_1.0,9,59,67,108,49,58,2
3230.png,6.0_5.0,1,17,20,44,27,19,2
32300.png,7.0_9.0,5,22,25,41,19,20,2
32301.png,2.0_1.0,11,55,51,79,24,40,2
32302.png,8.0_10.0,3,25,26,53,28,23,2
32303.png,3.0_2.0_5.0,79,164,119,212,48,40,3
32304.png,8.0_5.0,10,65,93,167,102,83,2
32305.png,1.0_3.0_8.0,2,23,29,50,27,27,3
32306.png,5.0_1.0,7,32,33,51,19,26,2
32307.png,5.0,1,22,25,32,10,24,1
32308.png,2.0_7.0,39,103,70,133,30,31,2
32309.png,5.0,4,115,132,165,50,128,1
3231.png,4.0_5.0,15,70,63,126,56,48,2
32310.png,6.0_9.0,1,25,29,47,22,28,2
32311.png,2.0_4.0,10,50,41,72,22,31,2
32312.png,9.0_8.0,7,49,44,86,37,37,2
32313.png,7.0,8,32,40,50,18,32,1
32314.png,3.0_2.0_7.0,7,31,35,76,45,28,3
32315.png,3.0_9.0,1,13,14,30,17,13,2
32316.png,5.0_5.0_9.0,5,27,30,63,36,25,3
32317.png,1.0_8.0_6.0,3,22,22,41,19,19,3
32318.png,1.0,16,56,49,65,9,33,1
32319.png,2.0_5.0,10,42,44,74,32,34,2
3232.png,2.0_3.0,4,17,23,43,26,19,2
32320.png,5.0_3.0,4,28,27,51,23,23,2
32321.png,1.0_3.0,11,52,50,87,35,39,2
32322.png,4.0_7.0,2,18,18,40,22,16,2
32323.png,1.0_8.0_10.0,17,89,89,193,104,72,3
32324.png,8.0_6.0,45,113,88,154,41,43,2
32325.png,2.0_1.0_10.0,4,24,20,39,15,16,3
32326.png,6.0_8.0,44,17,118,93,76,74,2
32327.png,1.0_10.0_10.0,2,14,25,57,43,23,3
32328.png,2.0_10.0_8.0,1,15,16,25,10,15,3
32329.png,1.0_5.0,7,35,39,71,36,32,2
3233.png,2.0_3.0,10,29,22,43,14,12,2
32330.png,1.0_3.0_5.0,14,60,74,119,59,60,3
32331.png,1.0_8.0,17,50,36,72,22,19,2
32332.png,5.0_3.0_10.0,16,101,138,250,149,122,3
32333.png,1.0_10.0,7,44,45,83,39,38,2
32334.png,2.0_4.0_10.0,4,28,20,64,36,16,3
32335.png,4.0,4,31,37,48,17,33,1
32336.png,1.0_10.0_5.0,20,80,51,132,52,31,3
32337.png,2.0_4.0_1.0,16,87,85,191,104,69,3
32338.png,1.0_8.0,51,107,105,168,61,54,2
32339.png,5.0_1.0,3,28,34,50,22,31,2
3234.png,4.0_10.0,3,29,34,64,35,31,2
32340.png,1.0,6,27,30,35,8,24,1
32341.png,5.0,1,11,12,20,9,11,1
32342.png,2.0,5,37,42,53,16,37,1
32343.png,6.0,9,67,65,95,28,56,1
32344.png,2.0_5.0_5.0,2,21,21,43,22,19,3
32345.png,1.0_8.0_3.0,1,16,22,42,26,21,3
32346.png,1.0_8.0_4.0,16,67,79,141,74,63,3
32347.png,2.0_5.0,11,45,42,64,19,31,2
32348.png,2.0,1,21,25,33,12,24,1
32349.png,1.0_8.0_8.0,11,96,62,163,67,51,3
3235.png,1.0_5.0_8.0,1,32,37,66,34,36,3
32350.png,5.0_8.0,3,34,45,77,43,42,2
32351.png,3.0_1.0,5,59,69,107,48,64,2
32352.png,2.0_2.0_3.0_10.0,1,10,14,37,27,13,4
32353.png,1.0,1,9,12,14,5,11,1
32354.png,3.0,2,34,28,46,12,26,1
32355.png,6.0_2.0_5.0,7,33,33,76,43,26,3
32356.png,6.0_3.0,2,17,19,38,21,17,2
32357.png,1.0_1.0,2,26,35,52,26,33,2
32358.png,1.0_3.0_2.0_3.0,1,19,22,51,32,21,4
32359.png,3.0_9.0_3.0_2.0,9,55,55,136,81,46,4
3236.png,2.0_5.0_3.0,5,29,36,66,37,31,3
32360.png,2.0_6.0,13,69,71,141,72,58,2
32361.png,9.0,7,35,28,51,16,21,1
32362.png,1.0_6.0_10.0,2,18,22,40,22,20,3
32363.png,2.0_4.0_5.0,14,78,73,145,67,59,3
32364.png,2.0_3.0,2,25,33,54,29,31,2
32365.png,8.0_3.0,10,68,85,147,79,75,2
32366.png,3.0,8,66,81,100,34,73,1
32367.png,7.0_8.0_9.0,21,117,88,208,91,67,3
32368.png,4.0_1.0,8,58,69,145,87,61,2
32369.png,3.0_10.0,7,35,38,62,27,31,2
3237.png,4.0_10.0_6.0,18,32,115,168,136,97,3
32370.png,2.0_3.0_10.0,28,50,50,74,24,22,3
32371.png,3.0_2.0,2,19,22,46,27,20,2
32372.png,4.0_7.0,1,19,17,33,14,16,2
32373.png,5.0_1.0,8,45,63,96,51,55,2
32374.png,1.0_5.0,6,41,41,65,24,35,2
32375.png,1.0,3,30,33,41,11,30,1
32376.png,5.0,8,69,85,100,31,77,1
32377.png,5.0_1.0,8,37,44,68,31,36,2
32378.png,2.0_8.0_6.0,5,24,29,55,31,24,3
32379.png,8.0_4.0,2,17,16,34,17,14,2
3238.png,1.0_6.0,19,64,68,94,30,49,2
32380.png,1.0_6.0,7,23,23,42,19,16,2
32381.png,1.0_4.0,1,20,23,35,15,22,2
32382.png,6.0_10.0,2,19,24,44,25,22,2
32383.png,1.0_6.0_3.0,10,53,72,119,66,62,3
32384.png,6.0_2.0,6,33,47,64,31,41,2
32385.png,2.0_6.0_9.0_5.0,5,37,36,88,51,31,4
32386.png,1.0_4.0_7.0,87,138,116,166,28,29,3
32387.png,6.0_10.0,14,50,39,75,25,25,2
32388.png,2.0_1.0_2.0,11,45,37,78,33,26,3
32389.png,3.0_4.0,1,16,19,28,12,18,2
3239.png,1.0_1.0_8.0,25,93,93,164,71,68,3
32390.png,2.0_4.0,1,23,25,44,21,24,2
32391.png,1.0_7.0_1.0,7,58,69,132,74,62,3
32392.png,7.0,4,32,43,62,30,39,1
32393.png,3.0_10.0,3,27,26,50,23,23,2
32394.png,1.0_3.0_3.0,4,22,30,50,28,26,3
32395.png,2.0_2.0,8,45,62,105,60,54,2
32396.png,9.0,4,27,30,50,23,26,1
32397.png,2.0_3.0,2,15,20,28,13,18,2
32398.png,2.0_4.0_6.0,1,17,16,35,18,15,3
32399.png,7.0,8,34,40,51,17,32,1
324.png,2.0_6.0_6.0,5,40,46,113,73,41,3
3240.png,5.0_1.0,6,24,22,37,13,16,2
32400.png,5.0,7,57,74,89,32,67,1
32401.png,2.0,7,36,43,53,17,36,1
32402.png,4.0_5.0,10,37,25,55,18,15,2
32403.png,4.0_5.0_1.0,7,44,48,88,44,41,3
32404.png,5.0_9.0,4,26,32,49,23,28,2
32405.png,1.0_5.0,1,35,43,64,29,42,2
32406.png,6.0_2.0,3,24,25,44,20,22,2
32407.png,6.0_7.0,26,109,105,201,92,79,2
32408.png,8.0_1.0,4,27,26,45,18,22,2
32409.png,4.0_3.0_10.0_7.0,1,20,19,57,37,18,4
3241.png,4.0,6,32,36,52,20,30,1
32410.png,2.0_3.0,6,31,29,53,22,23,2
32411.png,1.0_8.0_10.0,5,34,39,77,43,34,3
32412.png,2.0_6.0,13,48,47,72,24,34,2
32413.png,3.0,9,68,81,114,46,72,1
32414.png,4.0_7.0_2.0,12,55,58,119,64,46,3
32415.png,3.0_10.0,39,140,141,246,106,102,2
32416.png,4.0,4,23,26,34,11,22,1
32417.png,3.0_6.0,3,23,26,40,17,23,2
32418.png,1.0,7,38,30,44,6,23,1
32419.png,1.0_6.0,11,56,68,118,62,57,2
3242.png,2.0,7,25,26,33,8,19,1
32420.png,1.0_1.0,34,106,91,154,48,57,2
32421.png,8.0,62,128,122,157,29,60,1
32422.png,5.0_6.0_1.0,13,60,58,104,44,45,3
32423.png,3.0_4.0,11,44,35,62,18,24,2
32424.png,5.0,9,50,46,66,16,37,1
32425.png,7.0_8.0,6,34,37,64,30,31,2
32426.png,2.0_9.0,11,41,43,70,29,32,2
32427.png,4.0_5.0,13,62,57,109,47,44,2
32428.png,1.0_1.0,14,72,99,141,69,85,2
32429.png,7.0_4.0_2.0,16,66,61,152,86,45,3
3243.png,4.0_2.0,17,100,100,218,118,83,2
32430.png,2.0_4.0_3.0,13,43,44,90,47,31,3
32431.png,5.0_3.0,14,61,64,120,59,50,2
32432.png,9.0_7.0,9,0,40,23,23,31,2
32433.png,8.0_1.0,16,65,64,117,52,48,2
32434.png,8.0,5,34,48,75,41,43,1
32435.png,1.0_6.0_5.0,3,29,36,61,32,33,3
32436.png,5.0_1.0,1,44,60,99,55,59,2
32437.png,1.0_1.0,1,19,15,28,9,14,2
32438.png,1.0_7.0,1,22,26,43,21,25,2
32439.png,1.0_10.0_10.0,3,32,34,58,26,31,3
3244.png,8.0,4,22,16,29,7,12,1
32440.png,1.0_2.0,7,39,53,82,43,46,2
32441.png,6.0_2.0,1,24,31,62,38,30,2
32442.png,1.0_2.0_1.0,5,30,27,51,21,22,3
32443.png,1.0_3.0,6,35,38,53,18,32,2
32444.png,1.0_1.0,12,45,47,81,36,35,2
32445.png,4.0_3.0,103,196,145,256,60,42,2
32446.png,4.0,12,75,78,92,17,66,1
32447.png,1.0_9.0_3.0,1,20,25,43,23,24,3
32448.png,1.0_6.0,10,35,35,55,20,25,2
32449.png,1.0_1.0_4.0_10.0,20,49,57,106,57,37,4
3245.png,7.0_6.0_6.0,16,30,85,100,70,69,3
32450.png,2.0_3.0,5,53,60,114,61,55,2
32451.png,5.0_6.0,12,72,94,148,76,82,2
32452.png,2.0_1.0,5,33,40,60,27,35,2
32453.png,2.0_8.0,2,22,23,44,22,21,2
32454.png,9.0_3.0,19,59,66,89,30,47,2
32455.png,7.0,4,25,20,36,11,16,1
32456.png,1.0,1,19,21,27,8,20,1
32457.png,2.0_3.0_9.0,24,96,78,175,79,54,3
32458.png,6.0_2.0,1,17,21,30,13,20,2
32459.png,5.0_10.0_5.0,7,48,41,79,31,34,3
3246.png,1.0_3.0,48,100,114,165,65,66,2
32460.png,2.0_1.0_6.0,5,24,25,50,26,20,3
32461.png,3.0_2.0,2,20,25,42,22,23,2
32462.png,4.0_10.0,4,36,41,73,37,37,2
32463.png,2.0_1.0,3,33,39,56,23,36,2
32464.png,5.0_1.0,20,66,65,118,52,45,2
32465.png,5.0_3.0,5,22,18,34,12,13,2
32466.png,2.0_9.0,38,151,163,273,122,125,2
32467.png,6.0,15,76,77,144,68,62,1
32468.png,2.0_2.0,2,48,66,125,77,64,2
32469.png,1.0_4.0,1,13,12,23,10,11,2
3247.png,4.0_10.0_2.0,40,90,77,122,32,37,3
32470.png,1.0_9.0,8,48,58,71,23,50,2
32471.png,3.0,18,160,204,239,79,186,1
32472.png,1.0_8.0,2,41,41,75,34,39,2
32473.png,2.0_4.0,7,27,28,48,21,21,2
32474.png,1.0_4.0,1,26,32,54,28,31,2
32475.png,8.0,12,46,46,67,21,34,1
32476.png,1.0_2.0,2,30,34,56,26,32,2
32477.png,6.0_3.0_2.0,21,71,58,115,44,37,3
32478.png,1.0_7.0_2.0,9,61,66,102,41,57,3
32479.png,3.0_8.0,10,36,27,54,18,17,2
3248.png,2.0_10.0_10.0,17,65,59,131,66,42,3
32480.png,7.0,6,35,40,58,23,34,1
32481.png,2.0_6.0,6,29,27,49,20,21,2
32482.png,2.0_5.0_2.0,32,87,91,154,67,59,3
32483.png,2.0_8.0_1.0,1,21,23,71,50,22,3
32484.png,2.0_10.0,17,74,67,107,33,50,2
32485.png,1.0_2.0_8.0,6,44,59,65,21,53,3
32486.png,5.0,8,31,37,43,12,29,1
32487.png,7.0_5.0,4,36,37,59,23,33,2
32488.png,2.0_3.0,34,123,78,169,46,44,2
32489.png,6.0_2.0,1,23,25,44,21,24,2
3249.png,2.0_10.0_7.0,27,52,56,89,37,29,3
32490.png,1.0_4.0,1,14,14,27,13,13,2
32491.png,3.0_3.0,9,55,58,109,54,49,2
32492.png,5.0_1.0_10.0,4,21,28,66,45,24,3
32493.png,3.0_9.0_7.0,6,23,26,46,23,20,3
32494.png,5.0,3,32,28,46,14,25,1
32495.png,8.0_4.0,6,26,26,48,22,20,2
32496.png,1.0_4.0_8.0,17,70,69,131,61,52,3
32497.png,1.0_5.0_3.0,16,81,77,146,65,61,3
32498.png,1.0_4.0_3.0_3.0,2,32,41,104,72,39,4
32499.png,1.0_8.0,6,52,65,120,68,59,2
325.png,4.0_5.0_10.0,28,62,60,104,42,32,3
3250.png,4.0_8.0_5.0,10,33,37,71,38,27,3
32500.png,5.0,11,40,46,75,35,35,1
32501.png,7.0_9.0,4,34,43,95,61,39,2
32502.png,2.0_5.0_6.0,11,36,44,67,31,33,3
32503.png,1.0_6.0,15,51,60,80,29,45,2
32504.png,4.0_6.0,8,36,34,57,21,26,2
32505.png,3.0_3.0,8,28,28,43,15,20,2
32506.png,1.0_7.0_8.0,9,46,50,89,43,41,3
32507.png,1.0_6.0_5.0,7,34,42,74,40,35,3
32508.png,1.0_4.0,3,36,42,61,25,39,2
32509.png,2.0_5.0_7.0,18,68,65,150,82,47,3
3251.png,4.0_3.0_10.0,29,59,56,90,31,27,3
32510.png,1.0_10.0_6.0,16,18,83,84,66,67,3
32511.png,2.0_4.0_6.0,19,55,58,111,56,39,3
32512.png,1.0_2.0_1.0_5.0,1,23,32,76,53,31,4
32513.png,1.0_8.0_1.0,11,61,46,104,43,35,3
32514.png,3.0_6.0,2,16,23,39,23,21,2
32515.png,7.0_2.0_10.0,5,36,36,74,38,31,3
32516.png,3.0_10.0,17,54,50,100,46,33,2
32517.png,2.0_10.0,5,35,41,64,29,36,2
32518.png,1.0_4.0_9.0,8,70,65,118,48,57,3
32519.png,8.0,3,18,14,26,8,11,1
3252.png,6.0_9.0,3,28,34,53,25,31,2
32520.png,5.0,52,232,94,265,33,42,1
32521.png,6.0,4,35,39,48,13,35,1
32522.png,7.0_10.0,9,45,56,74,29,47,2
32523.png,6.0_1.0,1,16,17,31,15,16,2
32524.png,1.0_2.0,1,20,23,34,14,22,2
32525.png,4.0_4.0_6.0,11,43,43,87,44,32,3
32526.png,5.0,6,40,38,63,23,32,1
32527.png,1.0,3,26,28,33,7,25,1
32528.png,8.0_8.0,37,195,218,346,151,181,2
32529.png,1.0_6.0,1,28,33,52,24,32,2
3253.png,2.0_9.0,7,39,47,84,45,40,2
32530.png,4.0,3,17,21,29,12,18,1
32531.png,2.0_6.0,11,40,37,56,16,26,2
32532.png,6.0,6,54,44,70,16,38,1
32533.png,6.0_1.0,5,25,27,41,16,22,2
32534.png,1.0_7.0,2,19,18,36,17,16,2
32535.png,4.0_3.0,13,50,53,100,50,40,2
32536.png,4.0_5.0,11,47,50,74,27,39,2
32537.png,4.0_5.0,2,26,29,52,26,27,2
32538.png,3.0_3.0,9,45,46,74,29,37,2
32539.png,1.0_2.0_4.0,5,44,64,113,69,59,3
3254.png,5.0,7,37,33,48,11,26,1
32540.png,5.0_1.0,11,63,65,100,37,54,2
32541.png,2.0_6.0_3.0_5.0,1,9,12,39,30,11,4
32542.png,1.0_1.0_2.0,5,41,35,70,29,30,3
32543.png,4.0_2.0,5,27,30,45,18,25,2
32544.png,6.0_6.0,3,31,37,66,35,34,2
32545.png,3.0,6,34,29,47,13,23,1
32546.png,1.0_1.0_3.0,73,190,110,244,54,37,3
32547.png,1.0_4.0_9.0,2,32,39,76,44,37,3
32548.png,3.0_5.0,10,32,31,53,21,21,2
32549.png,2.0_5.0_3.0,10,50,44,89,39,34,3
3255.png,7.0_9.0,2,29,37,49,20,35,2
32550.png,2.0_6.0,6,39,38,67,28,32,2
32551.png,5.0_7.0_1.0,11,55,58,115,60,47,3
32552.png,4.0_2.0,3,35,36,59,24,33,2
32553.png,9.0,3,31,36,50,19,33,1
32554.png,3.0_7.0_7.0,33,118,73,165,47,40,3
32555.png,6.0_3.0,18,79,100,148,69,82,2
32556.png,7.0_5.0,20,70,52,111,41,32,2
32557.png,3.0_8.0,14,60,57,100,40,43,2
32558.png,8.0_2.0_3.0,11,162,34,195,33,23,3
32559.png,1.0_8.0_5.0,14,57,57,105,48,43,3
3256.png,6.0_7.0,14,51,51,78,27,37,2
32560.png,5.0,1,16,20,26,10,19,1
32561.png,2.0_3.0_10.0,15,60,61,100,40,46,3
32562.png,1.0_1.0_6.0,9,26,30,52,26,21,3
32563.png,5.0,27,92,78,120,28,51,1
32564.png,1.0_10.0_2.0,1,13,16,30,17,15,3
32565.png,5.0_2.0,25,82,71,142,60,46,2
32566.png,1.0_3.0_10.0,6,31,37,68,37,31,3
32567.png,5.0_4.0,7,58,69,126,68,62,2
32568.png,1.0_7.0,8,43,61,103,60,53,2
32569.png,2.0_7.0,1,12,12,37,25,11,2
3257.png,1.0_9.0_2.0_7.0,1,10,12,37,27,11,4
32570.png,2.0_4.0,19,119,99,220,101,80,2
32571.png,5.0_7.0,8,46,50,88,42,42,2
32572.png,2.0_1.0,1,11,12,24,13,11,2
32573.png,4.0_6.0,7,40,39,62,22,32,2
32574.png,3.0,6,39,45,62,23,39,1
32575.png,2.0_2.0,4,33,47,82,49,43,2
32576.png,3.0_4.0,4,36,33,58,22,29,2
32577.png,4.0_10.0,1,21,23,46,25,22,2
32578.png,7.0,7,40,55,68,28,48,1
32579.png,2.0_5.0_6.0,14,43,46,98,55,32,3
3258.png,1.0_10.0_3.0,16,73,67,127,54,51,3
32580.png,3.0_3.0,11,36,34,54,18,23,2
32581.png,2.0_10.0_4.0,11,36,44,65,29,33,3
32582.png,2.0_8.0_4.0,2,20,24,43,23,22,3
32583.png,1.0_1.0,5,26,31,44,18,26,2
32584.png,3.0_10.0,3,38,44,65,27,41,2
32585.png,5.0_9.0,9,48,58,100,52,49,2
32586.png,2.0,21,74,55,99,25,34,1
32587.png,1.0_9.0,11,47,56,70,23,45,2
32588.png,2.0_8.0,1,37,42,65,28,41,2
32589.png,1.0_6.0_6.0,6,44,59,110,66,53,3
3259.png,6.0_5.0,5,177,57,230,53,52,2
32590.png,3.0_5.0,2,20,22,37,17,20,2
32591.png,1.0_1.0,23,92,82,130,38,59,2
32592.png,5.0_8.0,7,25,26,46,21,19,2
32593.png,1.0,2,22,17,28,6,15,1
32594.png,2.0_3.0_10.0,8,44,52,123,79,44,3
32595.png,6.0_8.0,8,36,36,64,28,28,2
32596.png,6.0_10.0_8.0,1,22,23,59,37,22,3
32597.png,3.0_10.0,17,56,51,89,33,34,2
32598.png,3.0_10.0,43,122,116,164,42,73,2
32599.png,2.0_1.0_5.0,17,62,58,116,54,41,3
326.png,3.0_10.0,3,52,69,132,80,66,2
3260.png,5.0_5.0_2.0,11,37,38,96,59,27,3
32600.png,1.0_10.0_10.0,17,82,81,176,94,64,3
32601.png,4.0_10.0,7,43,29,64,21,22,2
32602.png,5.0_10.0,7,61,77,144,83,70,2
32603.png,1.0_1.0_2.0,3,27,22,45,18,19,3
32604.png,1.0,19,76,66,96,20,47,1
32605.png,6.0,3,18,18,28,10,15,1
32606.png,4.0_1.0,7,40,52,82,42,45,2
32607.png,2.0_8.0_5.0,20,93,112,180,87,92,3
32608.png,8.0,1,14,18,24,10,17,1
32609.png,2.0_10.0_7.0,3,22,21,50,28,18,3
3261.png,7.0_5.0,10,46,41,78,32,31,2
32610.png,4.0_9.0,10,71,77,107,36,67,2
32611.png,1.0_5.0_3.0,3,29,35,67,38,32,3
32612.png,5.0_8.0,12,61,39,93,32,27,2
32613.png,6.0,15,63,53,86,23,38,1
32614.png,7.0,1,23,30,41,18,29,1
32615.png,5.0,10,54,56,75,21,46,1
32616.png,5.0_2.0_9.0,1,20,26,51,31,25,3
32617.png,2.0_3.0,3,26,29,51,25,26,2
32618.png,3.0_10.0_5.0,12,59,68,126,67,56,3
32619.png,3.0_10.0,5,21,26,37,16,21,2
3262.png,8.0_6.0,14,98,122,219,121,108,2
32620.png,2.0_1.0_10.0,1,22,24,61,39,23,3
32621.png,3.0_4.0,6,23,23,36,13,17,2
32622.png,2.0_6.0,14,34,41,52,18,27,2
32623.png,4.0,3,20,21,29,9,18,1
32624.png,6.0,14,64,73,95,31,59,1
32625.png,1.0_6.0_3.0,2,13,15,32,19,13,3
32626.png,2.0_5.0_5.0,9,47,43,92,45,34,3
32627.png,6.0_8.0,1,30,33,48,18,32,2
32628.png,1.0_3.0_7.0,9,66,65,103,37,56,3
32629.png,1.0_2.0,4,24,29,46,22,25,2
3263.png,1.0_2.0,15,33,35,53,20,20,2
32630.png,4.0_5.0,7,6,49,33,27,42,2
32631.png,3.0_2.0_1.0,4,28,34,65,37,30,3
32632.png,2.0_3.0_3.0_10.0,1,26,26,74,48,25,4
32633.png,2.0_4.0,4,29,34,51,22,30,2
32634.png,2.0_3.0_3.0,27,101,53,132,31,26,3
32635.png,1.0,2,17,24,26,9,22,1
32636.png,4.0_10.0,20,70,63,97,27,43,2
32637.png,1.0_6.0_10.0_1.0,2,23,29,81,58,27,4
32638.png,3.0_4.0_3.0,5,25,28,52,27,23,3
32639.png,7.0_4.0,4,36,38,71,35,34,2
3264.png,3.0_10.0,1,22,28,48,26,27,2
32640.png,1.0_1.0_8.0,4,29,37,56,27,33,3
32641.png,3.0_10.0,2,19,24,41,22,22,2
32642.png,5.0,4,19,21,31,12,17,1
32643.png,5.0_7.0,3,24,28,49,25,25,2
32644.png,1.0_6.0,6,39,45,55,16,39,2
32645.png,4.0_8.0,10,48,50,95,47,40,2
32646.png,4.0_4.0,8,40,50,88,48,42,2
32647.png,2.0_7.0_6.0,16,114,130,244,130,114,3
32648.png,6.0_10.0,8,23,27,39,16,19,2
32649.png,3.0_3.0_7.0,6,28,29,51,23,23,3
3265.png,1.0_5.0_2.0,4,26,28,45,19,24,3
32650.png,1.0,7,32,30,38,6,23,1
32651.png,1.0_3.0,27,110,90,156,46,63,2
32652.png,1.0_6.0_2.0,4,28,27,58,30,23,3
32653.png,2.0_10.0,5,47,53,96,49,48,2
32654.png,6.0_2.0,6,32,32,49,17,26,2
32655.png,3.0_6.0_10.0,9,48,60,160,112,51,3
32656.png,2.0_4.0,20,60,56,82,22,36,2
32657.png,1.0,10,59,75,80,21,65,1
32658.png,1.0_7.0,2,16,18,27,11,16,2
32659.png,4.0_10.0,13,51,59,98,47,46,2
3266.png,3.0_6.0,4,23,30,52,29,26,2
32660.png,1.0_10.0_5.0,9,35,37,60,25,28,3
32661.png,5.0_7.0,17,67,64,105,38,47,2
32662.png,2.0,19,111,78,141,30,59,1
32663.png,4.0_7.0_8.0,1,23,28,56,33,27,3
32664.png,6.0_7.0,16,61,61,90,29,45,2
32665.png,1.0_7.0,1,21,20,39,18,19,2
32666.png,4.0_3.0,22,84,71,143,59,49,2
32667.png,2.0_6.0,5,24,33,53,29,28,2
32668.png,8.0,9,45,54,70,25,45,1
32669.png,1.0_4.0,5,27,25,47,20,20,2
3267.png,6.0,7,41,50,65,24,43,1
32670.png,1.0,6,41,48,56,15,42,1
32671.png,1.0_6.0_6.0,1,27,37,63,36,36,3
32672.png,1.0_8.0_7.0_10.0,5,21,25,67,46,20,4
32673.png,3.0_2.0,5,25,31,51,26,26,2
32674.png,1.0_5.0,5,42,64,104,62,59,2
32675.png,3.0_10.0,8,35,39,60,25,31,2
32676.png,5.0,6,31,32,42,11,26,1
32677.png,1.0_9.0_1.0,18,59,44,93,34,26,3
32678.png,3.0_2.0,2,22,25,38,16,23,2
32679.png,1.0_8.0_3.0,14,65,54,115,50,40,3
3268.png,1.0_8.0_2.0,4,17,22,47,30,18,3
32680.png,3.0_1.0,2,23,24,42,19,22,2
32681.png,5.0,14,50,55,70,20,41,1
32682.png,2.0_6.0_5.0,1,26,33,71,45,32,3
32683.png,4.0_7.0,4,25,20,40,15,16,2
32684.png,4.0_10.0,17,81,97,179,98,80,2
32685.png,1.0_1.0_6.0,11,56,56,103,47,45,3
32686.png,2.0_7.0,5,44,55,110,66,50,2
32687.png,7.0_5.0_2.0,23,108,48,137,29,25,3
32688.png,5.0_9.0,23,184,88,245,61,65,2
32689.png,10.0,8,55,35,69,14,27,1
3269.png,2.0_8.0_10.0,3,32,41,107,75,38,3
32690.png,7.0_7.0,10,45,46,71,26,36,2
32691.png,1.0_6.0_10.0,6,46,63,127,81,57,3
32692.png,5.0_6.0,3,25,40,50,25,37,2
32693.png,3.0_10.0_4.0,15,71,52,116,45,37,3
32694.png,1.0_3.0_5.0,7,31,32,46,15,25,3
32695.png,4.0,11,49,38,65,16,27,1
32696.png,5.0_6.0,10,37,39,62,25,29,2
32697.png,7.0_1.0,8,41,40,67,26,32,2
32698.png,4.0_7.0,11,42,42,69,27,31,2
32699.png,7.0_7.0,5,27,33,45,18,28,2
327.png,1.0_6.0_6.0,18,66,46,91,25,28,3
3270.png,1.0_6.0_5.0,26,84,81,161,77,55,3
32700.png,1.0_5.0_2.0,5,26,20,47,21,15,3
32701.png,2.0_10.0_6.0,2,27,32,66,39,30,3
32702.png,1.0_7.0_8.0,7,39,38,83,44,31,3
32703.png,2.0_3.0,7,28,27,45,17,20,2
32704.png,7.0_1.0,14,87,97,162,75,83,2
32705.png,1.0_3.0,11,45,55,79,34,44,2
32706.png,7.0_7.0,7,31,36,58,27,29,2
32707.png,8.0,2,44,28,59,15,26,1
32708.png,7.0_5.0,35,110,99,149,39,64,2
32709.png,1.0_9.0_9.0,10,48,60,98,50,50,3
3271.png,2.0_4.0_3.0,5,35,41,69,34,36,3
32710.png,7.0,6,24,18,31,7,12,1
32711.png,5.0_2.0,0,27,33,55,28,33,2
32712.png,1.0_1.0,8,63,80,133,70,72,2
32713.png,3.0_9.0,2,41,48,87,46,46,2
32714.png,8.0_1.0,10,60,62,97,37,52,2
32715.png,2.0_10.0,4,71,90,172,101,86,2
32716.png,5.0_9.0,1,41,64,101,60,63,2
32717.png,7.0_2.0_5.0,15,49,35,75,26,20,3
32718.png,2.0_4.0_5.0_1.0,20,108,119,212,104,99,4
32719.png,2.0_1.0,21,70,76,119,49,55,2
3272.png,1.0_4.0_2.0,13,87,98,170,83,85,3
32720.png,1.0_6.0,12,29,34,49,20,22,2
32721.png,1.0_10.0_6.0,1,17,15,34,17,14,3
32722.png,1.0_3.0,12,55,60,95,40,48,2
32723.png,1.0_7.0,25,75,75,119,44,50,2
32724.png,9.0,1,25,24,37,12,23,1
32725.png,1.0_3.0,7,32,38,57,25,31,2
32726.png,2.0_2.0_9.0_4.0,1,17,21,58,41,20,4
32727.png,1.0_4.0,3,26,31,43,17,28,2
32728.png,1.0_7.0_10.0,3,41,48,88,47,45,3
32729.png,4.0,16,32,51,66,34,35,1
3273.png,1.0_1.0_10.0,1,24,24,45,21,23,3
32730.png,1.0_6.0_8.0,4,23,26,47,24,22,3
32731.png,9.0_9.0,1,28,34,68,40,33,2
32732.png,5.0,8,44,49,69,25,41,1
32733.png,3.0_4.0,26,90,105,177,87,79,2
32734.png,1.0_7.0,5,42,49,85,43,44,2
32735.png,1.0_4.0_4.0,15,59,58,102,43,43,3
32736.png,5.0_3.0_2.0,25,143,59,176,33,34,3
32737.png,1.0,14,35,35,41,6,21,1
32738.png,3.0,13,74,84,111,37,71,1
32739.png,1.0_7.0_8.0,4,44,47,89,45,43,3
3274.png,2.0_1.0,11,54,63,72,18,52,2
32740.png,1.0_5.0_5.0,4,24,27,47,23,23,3
32741.png,1.0_4.0,5,27,26,42,15,21,2
32742.png,6.0_7.0,1,16,21,30,14,20,2
32743.png,1.0_5.0,4,24,26,49,25,22,2
32744.png,1.0_7.0,10,39,43,57,18,33,2
32745.png,1.0_1.0_3.0,4,24,25,38,14,21,3
32746.png,5.0_8.0,3,23,29,44,21,26,2
32747.png,3.0_2.0,5,26,27,35,9,22,2
32748.png,2.0_10.0,6,25,27,46,21,21,2
32749.png,1.0,5,32,43,48,16,38,1
3275.png,6.0_4.0,39,82,84,132,50,45,2
32750.png,2.0_10.0,20,80,132,194,114,112,2
32751.png,4.0_5.0,2,22,23,43,21,21,2
32752.png,3.0_4.0,38,126,64,149,23,26,2
32753.png,8.0_8.0,5,20,29,57,37,24,2
32754.png,1.0_5.0_8.0_5.0,9,43,35,87,44,26,4
32755.png,4.0_2.0_5.0,10,59,64,147,88,54,3
32756.png,8.0_2.0,8,32,31,53,21,23,2
32757.png,1.0_5.0,4,22,22,42,20,18,2
32758.png,6.0_8.0,31,138,123,205,67,92,2
32759.png,1.0_7.0,7,26,31,44,18,24,2
3276.png,2.0,38,148,85,191,43,47,1
32760.png,7.0_2.0,14,72,53,106,34,39,2
32761.png,3.0_6.0_5.0,13,42,50,74,32,37,3
32762.png,1.0_8.0,4,33,45,65,32,41,2
32763.png,4.0_2.0_2.0,14,62,60,168,106,46,3
32764.png,8.0_7.0_2.0,32,133,81,171,38,49,3
32765.png,4.0,6,19,21,26,7,15,1
32766.png,2.0_9.0,8,51,51,78,27,43,2
32767.png,5.0_3.0_3.0,19,82,88,179,97,69,3
32768.png,7.0,9,58,70,98,40,61,1
32769.png,8.0_5.0,1,29,42,73,44,41,2
3277.png,5.0_5.0,12,44,41,75,31,29,2
32770.png,4.0_8.0_3.0,1,97,108,192,95,107,3
32771.png,2.0_1.0,3,39,47,77,38,44,2
32772.png,1.0_4.0,1,21,23,40,19,22,2
32773.png,1.0_2.0,11,51,42,72,21,31,2
32774.png,7.0_3.0_7.0,12,60,53,121,61,41,3
32775.png,3.0_5.0,1,17,23,37,20,22,2
32776.png,6.0_6.0,19,175,63,210,35,44,2
32777.png,3.0_9.0,9,29,32,52,23,23,2
32778.png,5.0_6.0,1,13,16,25,12,15,2
32779.png,2.0_9.0,5,34,43,77,43,38,2
3278.png,8.0_9.0,5,36,39,77,41,34,2
32780.png,1.0,6,29,29,36,7,23,1
32781.png,3.0_8.0,9,36,44,68,32,35,2
32782.png,2.0_7.0,4,27,30,56,29,26,2
32783.png,2.0_9.0,3,30,33,66,36,30,2
32784.png,1.0_2.0_4.0,5,30,28,56,26,23,3
32785.png,3.0_6.0,4,40,42,68,28,38,2
32786.png,4.0_10.0,13,64,52,101,37,39,2
32787.png,3.0_1.0,1,25,28,48,23,27,2
32788.png,5.0_10.0,1,27,43,67,40,42,2
32789.png,1.0_3.0,1,19,23,36,17,22,2
3279.png,1.0_9.0_4.0,6,57,61,145,88,55,3
32790.png,9.0_6.0,3,26,44,80,54,41,2
32791.png,4.0_4.0,10,55,63,109,54,53,2
32792.png,6.0_8.0,11,54,59,91,37,48,2
32793.png,8.0_10.0_10.0,15,41,36,65,24,21,3
32794.png,1.0_3.0_2.0,7,33,32,62,29,25,3
32795.png,3.0_8.0,8,44,36,64,20,28,2
32796.png,1.0_2.0_1.0,5,30,35,69,39,30,3
32797.png,2.0_3.0,3,19,25,41,22,22,2
32798.png,6.0_5.0,6,34,51,78,44,45,2
32799.png,9.0_5.0,4,29,35,58,29,31,2
328.png,7.0_7.0,10,48,53,74,26,43,2
3280.png,9.0,6,50,28,70,20,22,1
32800.png,2.0_3.0_3.0,5,36,41,80,44,36,3
32801.png,5.0_7.0,5,46,62,92,46,57,2
32802.png,5.0,7,29,31,42,13,24,1
32803.png,5.0_2.0_7.0,21,15,42,40,25,21,3
32804.png,2.0_1.0_1.0_9.0,2,20,23,59,39,21,4
32805.png,9.0_6.0,8,33,32,53,20,24,2
32806.png,4.0_5.0,46,182,89,226,44,43,2
32807.png,1.0_8.0,17,81,89,145,64,72,2
32808.png,6.0_6.0,4,34,38,72,38,34,2
32809.png,5.0_3.0,4,29,30,56,27,26,2
3281.png,4.0_3.0,2,20,20,36,16,18,2
32810.png,3.0_4.0_7.0,20,67,48,102,35,28,3
32811.png,4.0_10.0,10,48,52,86,38,42,2
32812.png,4.0_2.0,2,26,31,49,23,29,2
32813.png,1.0_5.0,5,22,26,39,17,21,2
32814.png,1.0_5.0_1.0,1,18,26,39,21,25,3
32815.png,7.0,5,33,31,45,12,26,1
32816.png,3.0_1.0_5.0,5,45,59,86,41,54,3
32817.png,4.0,3,24,26,39,15,23,1
32818.png,2.0_10.0,12,45,45,65,20,33,2
32819.png,6.0_6.0,16,75,77,119,44,61,2
3282.png,1.0_9.0_10.0,20,95,49,126,31,29,3
32820.png,2.0,4,22,32,39,17,28,1
32821.png,1.0_8.0,4,28,35,45,17,31,2
32822.png,2.0_5.0,3,39,54,85,46,51,2
32823.png,5.0,3,34,37,52,18,34,1
32824.png,7.0_9.0,11,59,68,122,63,57,2
32825.png,1.0_5.0_9.0,2,53,72,143,90,70,3
32826.png,7.0,4,24,23,35,11,19,1
32827.png,8.0_9.0,5,34,39,60,26,34,2
32828.png,8.0_8.0_10.0,1,41,51,93,52,50,3
32829.png,6.0_10.0,4,17,19,34,17,15,2
3283.png,1.0_5.0,5,46,64,105,59,59,2
32830.png,6.0_5.0,28,99,114,165,66,86,2
32831.png,5.0_10.0,1,29,36,64,35,35,2
32832.png,1.0_10.0,6,29,26,60,31,20,2
32833.png,1.0_5.0,1,24,32,55,31,31,2
32834.png,3.0_2.0,60,189,95,229,40,35,2
32835.png,7.0_2.0,7,27,28,47,20,21,2
32836.png,1.0_5.0_10.0,6,27,21,54,27,15,3
32837.png,5.0_5.0,7,35,38,61,26,31,2
32838.png,1.0_4.0_9.0,1,22,23,49,27,22,3
32839.png,9.0_9.0,4,27,29,48,21,25,2
3284.png,5.0_4.0,1,23,31,58,35,30,2
32840.png,2.0_3.0_4.0_2.0,1,11,13,37,26,12,4
32841.png,5.0_9.0,1,29,35,57,28,34,2
32842.png,1.0_7.0_5.0,3,35,40,84,49,37,3
32843.png,3.0_5.0,3,21,20,40,19,17,2
32844.png,9.0_1.0,1,24,24,43,19,23,2
32845.png,3.0_9.0,35,132,78,169,37,43,2
32846.png,2.0_3.0_3.0,25,117,122,232,115,97,3
32847.png,1.0_1.0_4.0,1,16,20,36,20,19,3
32848.png,6.0_5.0,7,47,53,75,28,46,2
32849.png,3.0_4.0,13,58,65,118,60,52,2
3285.png,6.0,41,128,195,166,38,154,1
32850.png,5.0_2.0_9.0,19,75,66,147,72,47,3
32851.png,2.0,1,16,17,28,12,16,1
32852.png,3.0_9.0,14,40,40,58,18,26,2
32853.png,1.0_3.0_5.0,7,58,64,114,56,57,3
32854.png,8.0_4.0,6,24,31,45,21,25,2
32855.png,1.0_4.0_3.0,4,15,17,29,14,13,3
32856.png,5.0_3.0,10,35,35,56,21,25,2
32857.png,9.0,1,51,56,81,30,55,1
32858.png,4.0_9.0,70,304,334,463,159,264,2
32859.png,9.0_2.0,4,27,29,49,22,25,2
3286.png,1.0_8.0,12,84,105,175,91,93,2
32860.png,5.0_5.0,3,27,35,59,32,32,2
32861.png,3.0_1.0,4,46,50,76,30,46,2
32862.png,3.0_10.0,3,18,20,35,17,17,2
32863.png,2.0_9.0_10.0_10.0,2,11,14,40,29,12,4
32864.png,1.0_10.0_3.0,2,14,20,31,17,18,3
32865.png,10.0,1,55,33,71,16,32,1
32866.png,2.0_2.0,4,28,28,59,31,24,2
32867.png,2.0_2.0_9.0,6,26,25,56,30,19,3
32868.png,6.0_3.0_4.0,6,65,67,149,84,61,3
32869.png,1.0_3.0_1.0,5,75,90,166,91,85,3
3287.png,3.0,3,29,24,39,10,21,1
32870.png,3.0_10.0,4,28,29,43,15,25,2
32871.png,1.0_4.0_6.0,11,47,50,101,54,39,3
32872.png,1.0_10.0,6,38,39,71,33,33,2
32873.png,2.0_10.0,3,17,21,30,13,18,2
32874.png,1.0_7.0,3,17,18,30,13,15,2
32875.png,4.0_3.0,7,36,41,70,34,34,2
32876.png,5.0_10.0,2,24,26,55,31,24,2
32877.png,1.0_4.0_4.0,4,22,24,52,30,20,3
32878.png,6.0_10.0,19,61,61,98,37,42,2
32879.png,9.0_4.0,1,19,31,55,36,30,2
3288.png,1.0_4.0,4,31,33,72,41,29,2
32880.png,9.0_8.0,20,85,89,162,77,69,2
32881.png,1.0_7.0_2.0,3,18,19,36,18,16,3
32882.png,3.0_6.0,7,58,78,132,74,71,2
32883.png,5.0_4.0,6,33,40,65,32,34,2
32884.png,5.0_10.0_1.0,3,22,28,49,27,25,3
32885.png,3.0_7.0_5.0,20,72,69,129,57,49,3
32886.png,1.0,12,51,57,65,14,45,1
32887.png,1.0_4.0_2.0,22,71,59,120,49,37,3
32888.png,2.0_7.0,8,49,49,101,52,41,2
32889.png,3.0_4.0,4,18,21,30,12,17,2
3289.png,1.0_4.0_2.0,3,23,22,42,19,19,3
32890.png,2.0_7.0_5.0,45,95,76,126,31,31,3
32891.png,2.0_5.0,4,22,16,38,16,12,2
32892.png,3.0_5.0,8,38,30,59,21,22,2
32893.png,1.0_3.0,37,104,116,148,44,79,2
32894.png,2.0_2.0_3.0,10,30,29,55,25,19,3
32895.png,5.0_2.0,15,86,104,178,92,89,2
32896.png,2.0_8.0,1,29,41,76,47,40,2
32897.png,3.0,2,15,17,22,7,15,1
32898.png,6.0_6.0,5,19,21,36,17,16,2
32899.png,6.0,10,46,38,63,17,28,1
329.png,1.0_1.0_4.0,4,17,18,37,20,14,3
3290.png,8.0_4.0,3,31,33,55,24,30,2
32900.png,7.0_10.0,102,164,162,233,69,60,2
32901.png,7.0_8.0,7,39,44,77,38,37,2
32902.png,2.0_5.0,3,26,27,44,18,24,2
32903.png,2.0_6.0,1,48,77,108,60,76,2
32904.png,2.0,3,27,20,33,6,17,1
32905.png,3.0_8.0,1,52,71,123,71,70,2
32906.png,8.0_3.0_9.0,25,109,107,199,90,82,3
32907.png,2.0_4.0_1.0,12,50,47,87,37,35,3
32908.png,5.0_6.0_4.0,3,19,22,46,27,19,3
32909.png,1.0_8.0,6,39,39,74,35,33,2
3291.png,6.0_4.0,8,50,55,98,48,47,2
32910.png,5.0_1.0,5,27,35,50,23,30,2
32911.png,5.0_3.0,8,51,71,112,61,63,2
32912.png,2.0_3.0_2.0,14,56,57,111,55,43,3
32913.png,5.0_1.0,4,36,43,79,43,39,2
32914.png,9.0,5,36,29,46,10,24,1
32915.png,8.0_10.0,7,44,52,95,51,45,2
32916.png,3.0_6.0,11,55,51,95,40,40,2
32917.png,3.0_6.0,2,32,33,56,24,31,2
32918.png,2.0_1.0,4,19,22,36,17,18,2
32919.png,3.0_10.0,12,54,63,97,43,51,2
3292.png,9.0,2,23,23,38,15,21,1
32920.png,1.0_5.0_10.0,3,32,49,96,64,46,3
32921.png,9.0_5.0_7.0,39,120,78,177,57,39,3
32922.png,9.0_10.0,4,19,21,39,20,17,2
32923.png,4.0_9.0_6.0,18,65,46,101,36,28,3
32924.png,3.0_6.0,8,44,56,100,56,48,2
32925.png,4.0_8.0,6,48,46,99,51,40,2
32926.png,1.0_9.0,10,42,34,55,13,24,2
32927.png,1.0_5.0,12,60,68,94,34,56,2
32928.png,8.0_10.0,22,78,51,106,28,29,2
32929.png,2.0_8.0_9.0,1,23,31,73,50,30,3
3293.png,2.0_8.0,5,23,29,40,17,24,2
32930.png,1.0_8.0_7.0,6,29,28,60,31,22,3
32931.png,1.0_5.0_3.0,21,71,49,112,41,28,3
32932.png,7.0_9.0,4,23,21,35,12,17,2
32933.png,3.0_5.0,3,29,28,53,24,25,2
32934.png,2.0_4.0_5.0_1.0,21,85,92,194,109,71,4
32935.png,9.0_4.0,4,50,64,111,61,60,2
32936.png,2.0_2.0_6.0,1,27,21,57,30,20,3
32937.png,1.0_7.0_10.0,19,79,73,152,73,54,3
32938.png,3.0_4.0,8,54,85,146,92,77,2
32939.png,1.0_3.0_6.0,6,30,33,69,39,27,3
3294.png,5.0_2.0_2.0,47,161,112,250,89,65,3
32940.png,8.0,2,47,42,68,21,40,1
32941.png,2.0_6.0,2,27,30,50,23,28,2
32942.png,3.0,8,38,43,61,23,35,1
32943.png,4.0,11,60,50,74,14,39,1
32944.png,8.0_3.0,5,24,26,48,24,21,2
32945.png,6.0_4.0,1,31,31,63,32,30,2
32946.png,5.0_10.0,6,31,34,50,19,28,2
32947.png,6.0_1.0_4.0,18,69,65,146,77,47,3
32948.png,1.0_6.0_10.0_6.0,14,59,68,150,91,54,4
32949.png,1.0_2.0,2,33,31,55,22,29,2
3295.png,2.0_1.0_6.0,10,71,81,132,61,71,3
32950.png,1.0_9.0,5,30,38,68,38,33,2
32951.png,2.0_7.0_1.0_3.0,2,23,29,87,64,27,4
32952.png,7.0_9.0,5,28,28,44,16,23,2
32953.png,1.0_5.0,17,92,97,177,85,80,2
32954.png,1.0_1.0,5,23,22,36,13,17,2
32955.png,4.0_7.0,1,28,29,46,18,28,2
32956.png,8.0_7.0,6,27,29,52,25,23,2
32957.png,5.0_7.0_4.0,3,34,37,78,44,34,3
32958.png,7.0_1.0,1,28,31,48,20,30,2
32959.png,1.0_2.0_1.0_5.0,3,27,30,78,51,27,4
3296.png,2.0_7.0,14,47,54,95,48,40,2
32960.png,1.0_6.0_8.0,2,28,37,58,30,35,3
32961.png,4.0_9.0,4,21,21,32,11,17,2
32962.png,3.0_3.0,10,31,30,45,14,20,2
32963.png,4.0_6.0_2.0,1,16,17,44,28,16,3
32964.png,7.0_10.0,11,97,112,168,71,101,2
32965.png,9.0_1.0,3,31,37,59,28,34,2
32966.png,4.0_6.0,15,64,65,130,66,50,2
32967.png,5.0_2.0,13,58,77,128,70,64,2
32968.png,4.0_8.0,10,51,50,90,39,40,2
32969.png,1.0_7.0_8.0_2.0,3,30,35,84,54,32,4
3297.png,3.0_2.0_6.0,1,45,50,95,50,49,3
32970.png,1.0_10.0,18,86,94,155,69,76,2
32971.png,5.0,1,28,35,42,14,34,1
32972.png,2.0_3.0,1,19,25,39,20,24,2
32973.png,7.0_4.0,1,27,38,54,27,37,2
32974.png,5.0_7.0,5,24,21,37,13,16,2
32975.png,1.0_4.0,2,20,26,40,20,24,2
32976.png,5.0_9.0,1,26,34,54,28,33,2
32977.png,2.0_8.0_6.0,12,44,51,111,67,39,3
32978.png,3.0_2.0_6.0,3,27,27,50,23,24,3
32979.png,9.0,10,45,55,69,24,45,1
3298.png,1.0_10.0,5,53,49,80,27,44,2
32980.png,1.0_2.0_4.0_2.0,3,15,16,50,35,13,4
32981.png,8.0_4.0,1,37,41,72,35,40,2
32982.png,2.0_6.0,1,32,47,77,45,46,2
32983.png,1.0_1.0_7.0_2.0,1,15,14,36,21,13,4
32984.png,1.0_1.0_10.0,3,22,26,38,16,23,3
32985.png,5.0_9.0,10,48,48,97,49,38,2
32986.png,2.0_5.0_5.0,11,60,60,106,46,49,3
32987.png,3.0_3.0,1,26,34,52,26,33,2
32988.png,7.0_6.0,20,133,79,199,66,59,2
32989.png,2.0_10.0,5,57,66,113,56,61,2
3299.png,4.0_7.0,1,16,35,46,30,34,2
32990.png,2.0_5.0_4.0,5,31,34,77,46,29,3
32991.png,5.0_4.0_5.0,5,25,31,49,24,26,3
32992.png,3.0_8.0_8.0,50,101,101,158,57,51,3
32993.png,1.0_4.0_4.0,31,210,79,274,64,48,3
32994.png,1.0_1.0_8.0_7.0,55,87,88,135,48,33,4
32995.png,2.0_9.0,5,28,35,55,27,30,2
32996.png,3.0_6.0_1.0,44,104,97,164,60,53,3
32997.png,1.0_3.0_4.0,24,123,92,173,50,68,3
32998.png,6.0_2.0,1,24,27,47,23,26,2
32999.png,3.0_3.0,7,37,43,65,28,36,2
33.png,1.0_4.0,5,27,38,60,33,33,2
330.png,1.0_1.0,9,58,58,91,33,49,2
3300.png,4.0_6.0,7,29,87,109,80,80,2
33000.png,9.0_10.0,25,83,74,128,45,49,2
33001.png,3.0,2,14,15,21,7,13,1
33002.png,2.0_9.0,13,47,54,88,41,41,2
33003.png,4.0_2.0,16,52,40,79,27,24,2
33004.png,1.0_5.0,7,45,56,89,44,49,2
33005.png,2.0_10.0_5.0,10,88,97,193,105,87,3
33006.png,1.0_3.0,2,15,17,25,10,15,2
33007.png,4.0_8.0,3,20,28,42,22,25,2
33008.png,7.0_5.0,21,103,95,178,75,74,2
33009.png,3.0_2.0,1,43,55,106,63,54,2
3301.png,8.0,9,87,63,119,32,54,1
33010.png,4.0_3.0,6,32,33,52,20,27,2
33011.png,1.0_2.0_8.0_2.0,17,133,45,180,47,28,4
33012.png,2.0_10.0,8,44,61,85,41,53,2
33013.png,5.0,9,45,45,65,20,36,1
33014.png,9.0,3,22,23,34,12,20,1
33015.png,8.0_3.0,7,45,70,107,62,63,2
33016.png,2.0_3.0,11,42,32,67,25,21,2
33017.png,8.0,7,51,49,63,12,42,1
33018.png,2.0_2.0,3,29,32,66,37,29,2
33019.png,3.0_7.0,6,32,32,53,21,26,2
3302.png,8.0_10.0,5,55,63,113,58,58,2
33020.png,1.0_10.0_10.0,9,30,27,55,25,18,3
33021.png,1.0_5.0_8.0_5.0,4,47,51,101,54,47,4
33022.png,3.0_5.0,4,35,40,67,32,36,2
33023.png,5.0_7.0,3,40,45,66,26,42,2
33024.png,4.0_7.0,4,32,35,61,29,31,2
33025.png,6.0_1.0,1,22,22,40,18,21,2
33026.png,1.0_6.0,11,56,65,116,60,54,2
33027.png,3.0_2.0_6.0,6,39,41,93,54,35,3
33028.png,8.0,2,35,30,52,17,28,1
33029.png,5.0_5.0_9.0,2,28,27,56,28,25,3
3303.png,2.0_6.0_4.0,3,16,18,38,22,15,3
33030.png,9.0,2,31,43,68,37,41,1
33031.png,1.0_9.0,8,48,64,90,42,56,2
33032.png,8.0_6.0,11,44,49,84,40,38,2
33033.png,4.0_5.0,7,56,68,124,68,61,2
33034.png,5.0_4.0,18,65,65,106,41,47,2
33035.png,3.0_1.0,7,30,20,41,11,13,2
33036.png,2.0_9.0,7,36,38,60,24,31,2
33037.png,5.0_9.0,10,46,50,81,35,40,2
33038.png,1.0_2.0,4,37,48,71,34,44,2
33039.png,5.0_3.0,26,112,77,170,58,51,2
3304.png,2.0,12,60,71,85,25,59,1
33040.png,3.0_5.0,10,61,64,136,75,54,2
33041.png,2.0_5.0_9.0_5.0,12,50,62,131,81,50,4
33042.png,2.0_7.0,1,19,25,39,20,24,2
33043.png,2.0_3.0,4,30,27,52,22,23,2
33044.png,9.0_10.0,23,75,87,118,43,64,2
33045.png,5.0,7,25,28,37,12,21,1
33046.png,5.0_4.0,11,58,59,121,63,48,2
33047.png,6.0_3.0,15,117,120,232,115,105,2
33048.png,8.0_3.0_7.0,13,5,55,42,37,42,3
33049.png,2.0_8.0,3,21,30,43,22,27,2
3305.png,9.0,4,34,45,56,22,41,1
33050.png,1.0_2.0_8.0,2,22,30,69,47,28,3
33051.png,5.0,1,18,21,28,10,20,1
33052.png,1.0_7.0_8.0,61,202,100,252,50,39,3
33053.png,8.0_7.0,4,19,16,34,15,12,2
33054.png,6.0,4,22,24,35,13,20,1
33055.png,5.0_7.0,11,37,34,56,19,23,2
33056.png,2.0_6.0_8.0,1,20,25,53,33,24,3
33057.png,4.0_8.0_7.0,21,90,69,144,54,48,3
33058.png,5.0_4.0_4.0,2,24,28,49,25,26,3
33059.png,3.0_3.0,16,52,53,85,33,37,2
3306.png,1.0_1.0_5.0_4.0,8,45,49,105,60,41,4
33060.png,2.0_8.0_6.0,0,74,86,198,124,86,3
33061.png,3.0_6.0_8.0,15,70,61,134,64,46,3
33062.png,7.0_2.0,80,130,122,177,47,42,2
33063.png,2.0_1.0_1.0,3,21,19,35,14,16,3
33064.png,7.0_8.0,8,46,51,76,30,43,2
33065.png,3.0,6,24,22,33,9,16,1
33066.png,4.0_2.0,1,17,20,41,24,19,2
33067.png,5.0_3.0,30,96,119,149,53,89,2
33068.png,1.0_5.0,1,15,21,35,20,20,2
33069.png,3.0_7.0_9.0,12,40,32,65,25,20,3
3307.png,3.0,8,74,85,120,46,77,1
33070.png,8.0_1.0,4,36,47,68,32,43,2
33071.png,1.0_8.0_3.0,11,45,46,109,64,35,3
33072.png,1.0_5.0_5.0_9.0,4,20,16,46,26,12,4
33073.png,7.0_7.0,5,37,41,78,41,36,2
33074.png,9.0_8.0,5,33,40,65,32,35,2
33075.png,8.0_10.0,5,20,20,32,12,15,2
33076.png,4.0_8.0,1,22,25,41,19,24,2
33077.png,4.0_1.0,31,106,92,158,52,61,2
33078.png,3.0_1.0,7,33,37,56,23,30,2
33079.png,9.0_2.0,11,35,44,68,33,33,2
3308.png,2.0_1.0_4.0,86,169,123,207,38,37,3
33080.png,2.0_6.0_5.0,10,43,47,97,54,37,3
33081.png,2.0,1,52,63,84,32,62,1
33082.png,6.0_1.0,10,48,37,70,22,27,2
33083.png,4.0_6.0_8.0,8,55,73,110,55,65,3
33084.png,3.0_2.0,1,21,25,42,21,24,2
33085.png,1.0_1.0_4.0,2,24,25,48,24,23,3
33086.png,1.0_2.0_6.0,8,49,61,112,63,53,3
33087.png,1.0_8.0_9.0,26,76,61,129,53,35,3
33088.png,2.0_8.0_4.0,3,12,16,32,20,13,3
33089.png,3.0_2.0,27,130,69,162,32,42,2
3309.png,1.0_9.0_5.0,16,63,67,114,51,51,3
33090.png,1.0_9.0,1,16,19,31,15,18,2
33091.png,2.0_10.0_5.0_2.0,1,17,19,52,35,18,4
33092.png,1.0_9.0,2,23,28,49,26,26,2
33093.png,6.0_3.0,2,19,23,35,16,21,2
33094.png,4.0_9.0,16,52,42,69,17,26,2
33095.png,4.0_3.0,1,15,14,31,16,13,2
33096.png,3.0_10.0_10.0,7,44,54,102,58,47,3
33097.png,5.0,5,48,40,69,21,35,1
33098.png,9.0_10.0,1,32,41,75,43,40,2
33099.png,6.0_8.0,13,180,57,219,39,44,2
331.png,2.0_3.0,9,37,47,88,51,38,2
3310.png,3.0_5.0,3,22,24,44,22,21,2
33100.png,2.0_10.0_1.0,6,40,45,99,59,39,3
33101.png,1.0_8.0_5.0,14,55,36,96,41,22,3
33102.png,4.0_3.0,14,56,57,104,48,43,2
33103.png,1.0_4.0_5.0_4.0,1,11,14,43,32,13,4
33104.png,7.0_7.0,10,57,46,77,20,36,2
33105.png,9.0,25,72,82,105,33,57,1
33106.png,1.0_5.0,7,43,42,57,14,35,2
33107.png,1.0_3.0,3,19,17,31,12,14,2
33108.png,3.0_2.0,8,82,104,157,75,96,2
33109.png,2.0_10.0_8.0,19,110,96,240,130,77,3
3311.png,5.0_10.0,33,96,89,156,60,56,2
33110.png,2.0_2.0_3.0,26,92,65,136,44,39,3
33111.png,3.0_6.0,3,30,30,59,29,27,2
33112.png,1.0_1.0_4.0,1,19,25,42,23,24,3
33113.png,8.0_3.0,12,50,53,90,40,41,2
33114.png,1.0_10.0_4.0,6,31,36,53,22,30,3
33115.png,3.0_7.0,5,39,46,75,36,41,2
33116.png,3.0_4.0,5,33,41,69,36,36,2
33117.png,8.0,5,29,32,44,15,27,1
33118.png,2.0_5.0_7.0,1,70,75,123,53,74,3
33119.png,3.0_3.0,4,40,39,79,39,35,2
3312.png,1.0_1.0,9,38,47,74,36,38,2
33120.png,2.0_6.0,7,71,45,109,38,38,2
33121.png,2.0_2.0_3.0_5.0,1,20,26,80,60,25,4
33122.png,5.0_5.0,6,25,25,42,17,19,2
33123.png,7.0_3.0,1,17,18,28,11,17,2
33124.png,7.0,6,48,53,83,35,47,1
33125.png,7.0_1.0,6,61,72,122,61,66,2
33126.png,8.0,10,31,31,39,8,21,1
33127.png,1.0_10.0_9.0,17,85,83,183,98,66,3
33128.png,1.0_9.0,18,62,74,120,58,56,2
33129.png,1.0_5.0_1.0,4,48,65,129,81,61,3
3313.png,3.0_3.0,5,29,36,53,24,31,2
33130.png,5.0,5,19,25,31,12,20,1
33131.png,1.0_10.0,8,40,49,68,28,41,2
33132.png,1.0_6.0_9.0,44,111,74,148,37,30,3
33133.png,1.0_8.0_4.0,13,51,52,109,58,39,3
33134.png,6.0_6.0,18,75,68,132,57,50,2
33135.png,3.0_3.0,24,98,109,181,83,85,2
33136.png,7.0_10.0,4,33,42,56,23,38,2
33137.png,4.0_4.0_5.0,6,45,38,99,54,32,3
33138.png,4.0,4,23,26,38,15,22,1
33139.png,4.0_6.0,3,37,42,79,42,39,2
3314.png,3.0_4.0,1,20,27,47,27,26,2
33140.png,7.0,7,36,45,60,24,38,1
33141.png,1.0_10.0_6.0,3,19,17,40,21,14,3
33142.png,2.0_6.0_6.0,14,57,52,120,63,38,3
33143.png,1.0_1.0_3.0,1,12,12,25,13,11,3
33144.png,6.0_9.0,10,56,51,116,60,41,2
33145.png,1.0_2.0_8.0,15,57,55,143,86,40,3
33146.png,8.0_6.0,6,55,37,87,32,31,2
33147.png,1.0_3.0_6.0,5,35,42,87,52,37,3
33148.png,1.0_6.0_1.0,21,106,77,189,83,56,3
33149.png,1.0_10.0,16,70,80,129,59,64,2
3315.png,1.0_9.0_2.0,13,66,88,147,81,75,3
33150.png,5.0_10.0,6,33,39,58,25,33,2
33151.png,2.0_7.0,1,27,35,68,41,34,2
33152.png,8.0,1,20,24,33,13,23,1
33153.png,2.0_6.0,21,62,59,101,39,38,2
33154.png,2.0_4.0,2,24,27,54,30,25,2
33155.png,5.0,4,34,45,65,31,41,1
33156.png,1.0_6.0_4.0,23,100,100,175,75,77,3
33157.png,1.0_9.0_8.0,1,49,49,98,49,48,3
33158.png,1.0_4.0_2.0,2,24,30,48,24,28,3
33159.png,1.0_7.0_10.0_10.0,1,23,23,67,44,22,4
3316.png,2.0_5.0,11,50,50,93,43,39,2
33160.png,1.0_7.0_10.0,17,58,59,100,42,42,3
33161.png,3.0_7.0,2,17,19,27,10,17,2
33162.png,7.0,2,14,20,22,8,18,1
33163.png,3.0_4.0,6,22,20,38,16,14,2
33164.png,1.0_10.0_7.0,7,48,55,95,47,48,3
33165.png,4.0_9.0,1,19,21,51,32,20,2
33166.png,8.0_5.0,4,19,20,36,17,16,2
33167.png,1.0,3,20,23,31,11,20,1
33168.png,3.0,3,16,14,25,9,11,1
33169.png,2.0_6.0,17,69,54,109,40,37,2
3317.png,9.0_6.0_3.0,7,36,50,77,41,43,3
33170.png,5.0_1.0,3,30,32,46,16,29,2
33171.png,7.0_1.0,1,12,13,22,10,12,2
33172.png,8.0_5.0,18,89,105,165,76,87,2
33173.png,5.0_8.0,2,37,44,82,45,42,2
33174.png,2.0,1,26,35,42,16,34,1
33175.png,8.0_3.0,23,91,90,154,63,67,2
33176.png,1.0_10.0_4.0,8,49,49,88,39,41,3
33177.png,4.0_3.0,11,98,61,133,35,50,2
33178.png,1.0_6.0,20,101,100,211,110,80,2
33179.png,1.0_3.0,8,61,78,135,74,70,2
3318.png,1.0_4.0_10.0,3,32,40,87,55,37,3
33180.png,5.0_4.0_7.0,14,46,35,76,30,21,3
33181.png,1.0_1.0,65,189,162,236,47,97,2
33182.png,2.0_10.0_1.0,1,9,12,29,20,11,3
33183.png,6.0_4.0,10,68,79,150,82,69,2
33184.png,3.0_2.0,2,15,20,32,17,18,2
33185.png,1.0_10.0_9.0,44,152,94,211,59,50,3
33186.png,3.0_4.0,5,30,40,76,46,35,2
33187.png,1.0_10.0,5,32,29,50,18,24,2
33188.png,9.0_5.0,5,52,70,113,61,65,2
33189.png,3.0_1.0,15,73,72,107,34,57,2
3319.png,2.0_10.0_10.0,6,29,29,74,45,23,3
33190.png,9.0_1.0,20,74,44,100,26,24,2
33191.png,1.0_5.0,13,57,65,110,53,52,2
33192.png,2.0_10.0,3,40,54,92,52,51,2
33193.png,4.0_6.0,51,252,77,283,31,26,2
33194.png,5.0_5.0_1.0,3,41,46,77,36,43,3
33195.png,1.0,17,60,54,73,13,37,1
33196.png,1.0_1.0_8.0,26,118,102,197,79,76,3
33197.png,3.0,9,57,75,85,28,66,1
33198.png,1.0_4.0,5,49,57,85,36,52,2
33199.png,5.0_2.0,2,20,24,50,30,22,2
332.png,1.0,2,28,25,36,8,23,1
3320.png,2.0,2,15,27,33,18,25,1
33200.png,2.0_10.0,4,26,32,68,42,28,2
33201.png,7.0,1,31,25,42,11,24,1
33202.png,2.0_10.0_10.0,28,54,68,105,51,40,3
33203.png,4.0_7.0,5,31,28,58,27,23,2
33204.png,3.0_10.0_2.0,1,9,12,27,18,11,3
33205.png,9.0_5.0,15,132,51,160,28,36,2
33206.png,1.0_1.0_3.0,2,15,14,28,13,12,3
33207.png,6.0_10.0,2,22,24,48,26,22,2
33208.png,2.0_2.0,6,29,28,54,25,22,2
33209.png,4.0_1.0_7.0,26,87,69,108,21,43,3
3321.png,2.0_8.0_9.0,1,26,30,63,37,29,3
33210.png,1.0_6.0_5.0,35,85,104,183,98,69,3
33211.png,4.0_4.0,5,23,30,40,17,25,2
33212.png,1.0_4.0,6,17,21,32,15,15,2
33213.png,1.0_7.0_5.0,12,49,43,88,39,31,3
33214.png,6.0_7.0,11,41,41,70,29,30,2
33215.png,3.0_4.0,3,24,26,56,32,23,2
33216.png,5.0_5.0_8.0,24,71,57,109,38,33,3
33217.png,8.0_3.0,2,29,35,47,18,33,2
33218.png,4.0_4.0,2,17,17,27,10,15,2
33219.png,4.0_2.0,6,35,36,66,31,30,2
3322.png,7.0,14,49,52,65,16,38,1
33220.png,7.0_8.0,8,28,24,41,13,16,2
33221.png,8.0_8.0,3,19,16,38,19,13,2
33222.png,2.0_1.0,4,19,21,36,17,17,2
33223.png,2.0_10.0,6,28,33,53,25,27,2
33224.png,9.0_7.0_10.0,9,59,41,93,34,32,3
33225.png,1.0_9.0,2,24,25,39,15,23,2
33226.png,3.0_4.0,2,34,49,64,30,47,2
33227.png,5.0_4.0,9,35,41,70,35,32,2
33228.png,2.0_10.0,26,102,86,151,49,60,2
33229.png,1.0_1.0_3.0_2.0_5.0,12,39,31,104,65,19,5
3323.png,3.0_9.0,11,39,64,64,25,53,2
33230.png,1.0_8.0,16,202,84,259,57,68,2
33231.png,1.0_4.0,6,21,20,32,11,14,2
33232.png,5.0_4.0,2,20,22,39,19,20,2
33233.png,9.0,7,39,31,49,10,24,1
33234.png,4.0_2.0_1.0,10,42,36,73,31,26,3
33235.png,7.0_10.0,26,62,62,100,38,36,2
33236.png,6.0_6.0,7,31,33,53,22,26,2
33237.png,6.0_3.0,16,46,44,66,20,28,2
33238.png,1.0_9.0_8.0,19,98,91,186,88,72,3
33239.png,5.0_3.0,1,12,18,29,17,17,2
3324.png,2.0_5.0,3,34,40,64,30,37,2
33240.png,6.0_9.0,1,26,36,53,27,35,2
33241.png,6.0_10.0,1,26,31,52,26,30,2
33242.png,2.0_1.0,13,50,60,96,46,47,2
33243.png,5.0_1.0,23,92,82,149,57,59,2
33244.png,4.0_8.0,4,22,22,40,18,18,2
33245.png,8.0_4.0,6,28,33,54,26,27,2
33246.png,5.0_10.0,4,23,25,49,26,21,2
33247.png,2.0_4.0,6,35,34,52,17,28,2
33248.png,4.0_5.0,24,95,71,130,35,47,2
33249.png,1.0_9.0_2.0,1,33,43,82,49,42,3
3325.png,4.0,30,124,99,154,30,69,1
33250.png,1.0_6.0,2,18,14,27,9,12,2
33251.png,7.0_4.0,20,75,67,111,36,47,2
33252.png,8.0_3.0,11,46,34,71,25,23,2
33253.png,2.0_6.0_5.0_4.0,1,17,20,51,34,19,4
33254.png,3.0_1.0_10.0,15,70,70,146,76,55,3
33255.png,1.0_2.0,6,33,29,46,13,23,2
33256.png,4.0_4.0,12,45,50,78,33,38,2
33257.png,7.0_2.0,5,36,44,68,32,39,2
33258.png,3.0_8.0,5,37,38,70,33,33,2
33259.png,2.0_10.0_1.0,19,109,108,223,114,89,3
3326.png,7.0,1,13,17,22,9,16,1
33260.png,7.0,29,87,106,106,19,77,1
33261.png,1.0_10.0,2,25,28,58,33,26,2
33262.png,5.0,1,19,17,26,7,16,1
33263.png,3.0_4.0,4,23,24,44,21,20,2
33264.png,1.0_10.0,14,94,121,196,102,107,2
33265.png,1.0_4.0_8.0,1,17,19,41,24,18,3
33266.png,2.0_6.0,4,37,43,86,49,39,2
33267.png,2.0_8.0,33,117,125,210,93,92,2
33268.png,8.0_2.0,37,139,101,206,67,64,2
33269.png,1.0,3,16,15,21,5,12,1
3327.png,7.0_1.0,13,72,76,123,51,63,2
33270.png,3.0_8.0,15,71,89,147,76,74,2
33271.png,1.0,32,102,83,128,26,51,1
33272.png,1.0_2.0_4.0_10.0,25,88,76,166,78,51,4
33273.png,1.0_2.0_6.0,4,44,45,92,48,41,3
33274.png,8.0_10.0,4,31,35,71,40,31,2
33275.png,6.0_4.0,10,47,41,73,26,31,2
33276.png,2.0_7.0_10.0,22,87,53,122,35,31,3
33277.png,1.0_8.0_3.0,1,57,56,117,60,55,3
33278.png,4.0_5.0,13,53,82,112,59,69,2
33279.png,3.0_5.0,2,25,26,48,23,24,2
3328.png,2.0_6.0_9.0,2,29,34,66,37,32,3
33280.png,1.0_7.0,1,17,22,30,13,21,2
33281.png,3.0_1.0,4,19,20,31,12,16,2
33282.png,4.0,1,16,19,27,11,18,1
33283.png,2.0_10.0,3,32,29,50,18,26,2
33284.png,6.0_9.0,8,59,76,128,69,68,2
33285.png,1.0_10.0,1,18,22,33,15,21,2
33286.png,3.0_2.0,6,48,55,100,52,49,2
33287.png,2.0,10,48,51,64,16,41,1
33288.png,4.0_8.0,1,17,20,31,14,19,2
33289.png,2.0_10.0_7.0,10,46,53,99,53,43,3
3329.png,3.0_3.0_2.0,4,28,32,52,24,28,3
33290.png,5.0,1,13,17,23,10,16,1
33291.png,6.0_2.0,6,42,47,91,49,41,2
33292.png,8.0_3.0,3,32,39,50,18,36,2
33293.png,3.0,8,31,26,36,5,18,1
33294.png,1.0_4.0,1,15,13,24,9,12,2
33295.png,2.0_3.0,1,15,19,38,23,18,2
33296.png,2.0_4.0,1,16,18,31,15,17,2
33297.png,1.0_6.0_9.0,12,50,58,89,39,46,3
33298.png,5.0_3.0,6,27,35,59,32,29,2
33299.png,1.0_4.0_1.0,11,44,48,77,33,37,3
333.png,1.0_4.0_8.0,11,36,47,73,37,36,3
3330.png,6.0_4.0_3.0,17,64,73,120,56,56,3
33300.png,7.0,12,44,56,73,29,44,1
33301.png,2.0_2.0_6.0_2.0,1,28,32,105,77,31,4
33302.png,3.0_7.0,16,67,56,104,37,40,2
33303.png,1.0_10.0,6,25,28,39,14,22,2
33304.png,9.0_3.0,8,50,37,83,33,29,2
33305.png,9.0,39,268,87,297,29,48,1
33306.png,1.0_2.0_4.0_2.0,16,56,68,145,89,52,4
33307.png,5.0_3.0_2.0,57,123,88,161,38,31,3
33308.png,3.0_10.0,8,41,45,71,30,37,2
33309.png,7.0,5,68,36,83,15,31,1
3331.png,5.0,4,61,51,81,20,47,1
33310.png,2.0_4.0,3,25,29,45,20,26,2
33311.png,4.0_2.0,1,20,24,31,11,23,2
33312.png,7.0,3,19,23,30,11,20,1
33313.png,4.0,3,20,23,33,13,20,1
33314.png,8.0_3.0,9,49,49,89,40,40,2
33315.png,6.0_3.0,11,84,78,162,78,67,2
33316.png,7.0_9.0,6,31,33,57,26,27,2
33317.png,6.0,5,31,30,44,13,25,1
33318.png,4.0_2.0,1,20,22,31,11,21,2
33319.png,3.0_10.0,5,25,45,64,39,40,2
3332.png,1.0,6,36,30,46,10,24,1
33320.png,4.0_1.0,10,42,49,61,19,39,2
33321.png,4.0_7.0,4,24,35,48,24,31,2
33322.png,2.0_5.0,3,31,41,60,29,38,2
33323.png,1.0_4.0,1,42,51,84,42,50,2
33324.png,6.0_2.0_10.0,15,6,36,46,40,21,3
33325.png,3.0_9.0,6,44,49,72,28,43,2
33326.png,5.0_3.0_3.0,1,18,23,40,22,22,3
33327.png,9.0_8.0,1,14,16,28,14,15,2
33328.png,2.0_3.0,1,14,17,29,15,16,2
33329.png,2.0_9.0,1,14,18,30,16,17,2
3333.png,5.0,6,30,40,53,23,34,1
33330.png,2.0_4.0,15,47,52,87,40,37,2
33331.png,1.0_2.0_10.0,22,72,63,114,42,41,3
33332.png,1.0_3.0,16,69,56,105,36,40,2
33333.png,1.0_1.0,2,28,35,52,24,33,2
33334.png,1.0_10.0_2.0,17,56,57,98,42,40,3
33335.png,1.0_10.0,1,11,17,27,16,16,2
33336.png,1.0_3.0_5.0,19,63,53,92,29,34,3
33337.png,3.0_2.0,1,23,31,53,30,30,2
33338.png,9.0_3.0_1.0,21,51,44,74,23,23,3
33339.png,2.0_9.0,10,48,63,106,58,53,2
3334.png,3.0_1.0,1,21,25,43,22,24,2
33340.png,8.0_3.0,10,52,67,116,64,57,2
33341.png,2.0,5,20,20,32,12,15,1
33342.png,2.0_6.0_7.0_1.0,4,19,19,43,24,15,4
33343.png,8.0,9,29,37,42,13,28,1
33344.png,7.0_9.0,8,33,32,63,30,24,2
33345.png,1.0_7.0_8.0,5,35,34,71,36,29,3
33346.png,2.0_3.0,2,26,32,53,27,30,2
33347.png,3.0_5.0,77,131,120,175,44,43,2
33348.png,8.0_9.0,3,26,27,50,24,24,2
33349.png,1.0_9.0,39,79,74,98,19,35,2
3335.png,4.0_5.0,11,70,59,115,45,48,2
33350.png,7.0_1.0,2,12,16,24,12,14,2
33351.png,3.0_6.0,5,21,28,44,23,23,2
33352.png,1.0_3.0,8,33,35,59,26,27,2
33353.png,4.0_6.0,4,28,33,50,22,29,2
33354.png,1.0_3.0_10.0,5,41,40,82,41,35,3
33355.png,2.0_10.0_7.0,67,192,99,252,60,32,3
33356.png,6.0,4,20,26,36,16,22,1
33357.png,1.0_7.0_10.0,32,111,76,150,39,44,3
33358.png,4.0_1.0_5.0,18,95,120,167,72,102,3
33359.png,8.0,15,104,121,171,67,106,1
3336.png,4.0_10.0,1,21,25,45,24,24,2
33360.png,1.0_9.0,7,46,51,80,34,44,2
33361.png,3.0_3.0_9.0,10,66,75,111,45,65,3
33362.png,2.0_9.0,82,165,135,204,39,53,2
33363.png,7.0_1.0,2,27,34,55,28,32,2
33364.png,3.0,6,17,20,25,8,14,1
33365.png,5.0_7.0,6,32,30,60,28,24,2
33366.png,6.0_5.0_10.0,30,102,121,213,111,91,3
33367.png,4.0_7.0,13,71,75,106,35,62,2
33368.png,1.0_2.0_4.0,20,66,65,133,67,45,3
33369.png,1.0_10.0_9.0,3,30,48,70,40,45,3
3337.png,6.0,3,27,31,42,15,28,1
33370.png,4.0_9.0,7,40,44,72,32,37,2
33371.png,7.0_10.0,2,16,16,32,16,14,2
33372.png,2.0_2.0_5.0_1.0,2,14,15,38,24,13,4
33373.png,6.0,20,61,51,74,13,31,1
33374.png,6.0_8.0,2,24,30,45,21,28,2
33375.png,2.0,6,23,29,34,11,23,1
33376.png,1.0_4.0_1.0,18,104,143,233,129,125,3
33377.png,6.0_3.0,2,20,24,45,25,22,2
33378.png,1.0_1.0_5.0,2,14,63,78,64,61,3
33379.png,4.0_5.0,3,16,23,32,16,20,2
3338.png,6.0_8.0,4,37,58,115,78,54,2
33380.png,5.0_9.0,1,25,33,62,37,32,2
33381.png,2.0_7.0_2.0,13,40,38,70,30,25,3
33382.png,4.0_3.0,7,50,51,90,40,44,2
33383.png,2.0_10.0,8,63,79,146,83,71,2
33384.png,4.0_6.0,1,25,37,67,42,36,2
33385.png,4.0_1.0,6,50,52,102,52,46,2
33386.png,3.0_6.0,11,41,41,78,37,30,2
33387.png,1.0_8.0,21,89,90,144,55,69,2
33388.png,6.0_7.0,6,0,53,39,39,47,2
33389.png,1.0_4.0_1.0,10,52,70,123,71,60,3
3339.png,2.0_3.0_1.0,5,34,39,68,34,34,3
33390.png,5.0_8.0,12,51,37,78,27,25,2
33391.png,1.0,2,26,29,39,13,27,1
33392.png,4.0,10,42,41,59,17,31,1
33393.png,8.0_10.0,10,43,44,72,29,34,2
33394.png,3.0_6.0,5,42,55,80,38,50,2
33395.png,7.0_6.0,4,45,53,100,55,49,2
33396.png,2.0_8.0,3,29,42,70,41,39,2
33397.png,1.0_9.0,2,19,26,38,19,24,2
33398.png,8.0,18,65,65,80,15,47,1
33399.png,8.0,18,81,71,109,28,53,1
334.png,1.0_6.0_4.0_8.0,11,38,31,67,29,20,4
3340.png,4.0_8.0,1,23,21,44,21,20,2
33400.png,9.0_5.0,3,36,48,84,48,45,2
33401.png,2.0_2.0,4,34,46,86,52,42,2
33402.png,1.0_6.0_9.0,8,35,35,79,44,27,3
3341.png,2.0_4.0_4.0,1,14,17,33,19,16,3
3342.png,2.0_8.0,11,39,40,76,37,29,2
3343.png,1.0_3.0_4.0,4,23,30,61,38,26,3
3344.png,1.0_10.0,6,41,46,77,36,40,2
3345.png,6.0,1,21,26,39,18,25,1
3346.png,4.0_10.0_2.0,38,107,87,188,81,49,3
3347.png,1.0_4.0,5,50,74,114,64,69,2
3348.png,5.0_6.0,9,34,38,64,30,29,2
3349.png,2.0_3.0_1.0,4,43,49,53,10,45,3
335.png,1.0_5.0,9,41,50,78,37,41,2
3350.png,4.0_9.0,7,45,57,91,46,50,2
3351.png,3.0_4.0,5,21,27,49,28,22,2
3352.png,2.0_9.0,15,42,42,66,24,27,2
3353.png,2.0_10.0_5.0,35,69,58,103,34,23,3
3354.png,9.0_5.0,4,24,28,45,21,24,2
3355.png,7.0,5,30,36,45,15,31,1
3356.png,4.0_6.0,6,37,43,83,46,37,2
3357.png,1.0_3.0_9.0_3.0,30,86,117,172,86,87,4
3358.png,3.0,22,59,61,76,17,39,1
3359.png,7.0_3.0_5.0,3,27,32,52,25,29,3
336.png,5.0_4.0,4,36,28,62,26,24,2
3360.png,2.0_1.0_2.0,58,122,111,167,45,53,3
3361.png,1.0_10.0_8.0,6,32,30,54,22,24,3
3362.png,1.0_6.0,4,21,31,50,29,27,2
3363.png,8.0_1.0,7,32,38,61,29,31,2
3364.png,3.0_3.0,1,34,44,58,24,43,2
3365.png,1.0,17,20,100,46,26,83,1
3366.png,2.0_8.0_1.0,4,23,29,45,22,25,3
3367.png,2.0_2.0_1.0,18,46,57,87,41,39,3
3368.png,4.0,6,21,26,31,10,20,1
3369.png,9.0,9,46,38,68,22,29,1
337.png,1.0_1.0_10.0,62,159,135,263,104,73,3
3370.png,4.0_6.0,5,45,53,97,52,48,2
3371.png,1.0_1.0_9.0,11,67,80,145,78,69,3
3372.png,2.0_10.0,17,81,100,162,81,83,2
3373.png,2.0_3.0_1.0,48,96,78,145,49,30,3
3374.png,4.0,1,13,14,21,8,13,1
3375.png,3.0_1.0,6,52,55,89,37,49,2
3376.png,1.0_3.0_7.0,34,61,64,96,35,30,3
3377.png,1.0_10.0_6.0,9,40,40,72,32,31,3
3378.png,2.0_2.0,2,15,17,28,13,15,2
3379.png,3.0_5.0_9.0,5,27,31,66,39,26,3
338.png,5.0_5.0_3.0,10,53,56,119,66,46,3
3380.png,1.0_10.0_9.0,5,27,32,71,44,27,3
3381.png,7.0_1.0,2,18,19,34,16,17,2
3382.png,8.0_5.0,6,20,21,33,13,15,2
3383.png,8.0_10.0,1,17,18,29,12,17,2
3384.png,5.0_4.0,2,28,41,71,43,39,2
3385.png,1.0_10.0,12,26,27,38,12,15,2
3386.png,2.0_6.0,35,80,78,118,38,43,2
3387.png,2.0_6.0,2,20,23,39,19,21,2
3388.png,4.0_4.0,23,53,63,86,33,40,2
3389.png,2.0,7,39,36,55,16,29,1
339.png,8.0_2.0,15,66,74,132,66,59,2
3390.png,1.0_8.0,10,86,101,180,94,91,2
3391.png,3.0,15,90,89,133,43,74,1
3392.png,8.0_4.0,10,28,32,60,32,22,2
3393.png,1.0_4.0,1,17,16,29,12,15,2
3394.png,3.0_10.0_2.0,1,16,19,49,33,18,3
3395.png,5.0_10.0,11,96,120,225,129,109,2
3396.png,1.0_4.0_10.0,6,53,53,116,63,47,3
3397.png,1.0_4.0,3,25,29,46,21,26,2
3398.png,1.0_7.0,5,46,54,102,56,49,2
3399.png,3.0_8.0,1,22,21,45,23,20,2
34.png,4.0_2.0,9,41,45,78,37,36,2
340.png,4.0_3.0,5,27,35,51,24,30,2
3400.png,1.0_1.0_1.0,12,64,54,100,36,42,3
3401.png,1.0_8.0,2,42,33,73,31,31,2
3402.png,1.0_1.0_10.0,6,45,49,88,43,43,3
3403.png,3.0_4.0_2.0,17,68,62,107,39,45,3
3404.png,4.0_3.0,2,23,25,40,17,23,2
3405.png,5.0_8.0,4,30,35,59,29,31,2
3406.png,2.0_10.0_1.0,1,40,42,97,57,41,3
3407.png,2.0_2.0,1,15,21,42,27,20,2
3408.png,8.0,1,32,24,45,13,23,1
3409.png,1.0_10.0,2,20,22,33,13,20,2
341.png,2.0_8.0_9.0,31,100,99,212,112,68,3
3410.png,7.0_8.0,10,41,40,69,28,30,2
3411.png,2.0_2.0_3.0,28,148,54,183,35,26,3
3412.png,3.0_9.0,5,31,30,51,20,25,2
3413.png,4.0_4.0_7.0,11,42,56,87,45,45,3
3414.png,6.0_9.0_6.0,8,147,62,193,46,54,3
3415.png,4.0,1,25,21,32,7,20,1
3416.png,9.0,2,18,23,34,16,21,1
3417.png,6.0_8.0,2,31,39,68,37,37,2
3418.png,1.0_5.0_10.0_6.0,1,18,26,66,48,25,4
3419.png,2.0_2.0_4.0,1,17,21,39,22,20,3
342.png,1.0_8.0,6,47,71,123,76,65,2
3420.png,1.0_1.0,3,15,16,22,7,13,2
3421.png,1.0_3.0_6.0,10,31,29,49,18,19,3
3422.png,3.0_10.0,6,40,43,79,39,37,2
3423.png,1.0_10.0_10.0,1,21,24,52,31,23,3
3424.png,7.0_1.0,13,135,43,161,26,30,2
3425.png,2.0_10.0,4,21,24,38,17,20,2
3426.png,3.0_6.0,7,26,25,47,21,18,2
3427.png,4.0,26,105,105,145,40,79,1
3428.png,1.0,4,32,37,45,13,33,1
3429.png,2.0_4.0,2,23,23,41,18,21,2
343.png,2.0,8,56,56,83,27,48,1
3430.png,3.0_3.0,18,52,50,85,33,32,2
3431.png,2.0_2.0_3.0,12,207,69,282,75,57,3
3432.png,1.0,7,27,24,35,8,17,1
3433.png,2.0_7.0,1,30,38,70,40,37,2
3434.png,2.0_7.0,1,11,16,24,13,15,2
3435.png,9.0_9.0,5,32,38,70,38,33,2
3436.png,2.0_5.0_3.0,12,48,50,119,71,38,3
3437.png,3.0_8.0_1.0,8,37,36,78,41,28,3
3438.png,1.0_7.0,2,24,30,47,23,28,2
3439.png,9.0,34,12,102,46,34,68,1
344.png,9.0_9.0,5,41,47,125,84,42,2
3440.png,3.0_5.0,6,19,27,45,26,21,2
3441.png,2.0_5.0,4,29,32,55,26,28,2
3442.png,2.0_4.0,4,35,41,56,21,37,2
3443.png,1.0_9.0,7,8,35,47,39,28,2
3444.png,1.0,4,23,28,33,10,24,1
3445.png,1.0_2.0,1,22,23,45,23,22,2
3446.png,3.0_7.0_2.0_8.0,1,22,24,82,60,23,4
3447.png,4.0,4,26,28,38,12,24,1
3448.png,2.0_3.0_10.0,10,39,36,83,44,26,3
3449.png,1.0_8.0_5.0,12,47,38,70,23,26,3
345.png,4.0,9,44,43,57,13,34,1
3450.png,2.0,10,75,64,102,27,54,1
3451.png,5.0_7.0,15,56,46,88,32,31,2
3452.png,8.0_5.0,5,21,21,33,12,16,2
3453.png,3.0_3.0,7,21,25,35,14,18,2
3454.png,9.0_1.0,6,33,31,52,19,25,2
3455.png,2.0_10.0,1,30,31,63,33,30,2
3456.png,3.0,4,17,25,31,14,21,1
3457.png,2.0,3,39,25,49,10,22,1
3458.png,5.0_4.0,6,34,34,61,27,28,2
3459.png,3.0_4.0,14,56,62,94,38,48,2
346.png,4.0_8.0,5,19,17,34,15,12,2
3460.png,3.0_7.0,7,34,39,64,30,32,2
3461.png,2.0_9.0_1.0,1,23,30,57,34,29,3
3462.png,1.0_3.0,5,32,36,48,16,31,2
3463.png,4.0_7.0,1,37,39,77,40,38,2
3464.png,9.0,9,49,52,70,21,43,1
3465.png,3.0_1.0,5,19,20,36,17,15,2
3466.png,1.0_7.0,4,32,39,60,28,35,2
3467.png,1.0_2.0,29,84,53,116,32,24,2
3468.png,4.0_4.0,8,33,30,49,16,22,2
3469.png,3.0_6.0,2,31,41,49,18,39,2
347.png,5.0_10.0,19,79,67,120,41,48,2
3470.png,1.0_2.0,5,31,32,51,20,27,2
3471.png,2.0_10.0_7.0_8.0,5,17,27,63,46,22,4
3472.png,3.0_7.0,3,20,20,31,11,17,2
3473.png,6.0_6.0,1,19,22,41,22,21,2
3474.png,3.0_5.0,1,17,24,48,31,23,2
3475.png,8.0,19,79,87,126,47,68,1
3476.png,1.0_2.0_3.0_3.0,19,137,52,180,43,33,4
3477.png,5.0_6.0,6,31,34,53,22,28,2
3478.png,1.0_4.0,3,25,27,48,23,24,2
3479.png,6.0_4.0,18,54,51,74,20,33,2
348.png,8.0,1,29,40,54,25,39,1
3480.png,3.0_5.0,13,46,52,78,32,39,2
3481.png,2.0,3,34,41,51,17,38,1
3482.png,3.0_6.0,5,29,33,50,21,28,2
3483.png,9.0_2.0,11,50,59,74,24,48,2
3484.png,1.0_1.0_2.0,1,10,13,31,21,12,3
3485.png,7.0_4.0,10,50,62,85,35,52,2
3486.png,1.0_3.0_1.0,7,31,27,53,22,20,3
3487.png,1.0,3,21,26,29,8,23,1
3488.png,5.0_3.0,14,99,125,216,117,111,2
3489.png,7.0_1.0,8,42,50,82,40,42,2
349.png,2.0,5,21,16,26,5,11,1
3490.png,2.0_2.0,6,26,25,47,21,19,2
3491.png,1.0_3.0,3,28,38,55,27,35,2
3492.png,3.0_3.0,5,31,33,62,31,28,2
3493.png,6.0_10.0,2,34,41,63,29,39,2
3494.png,1.0_10.0_3.0,4,27,25,60,33,21,3
3495.png,1.0_3.0,6,24,25,50,26,19,2
3496.png,8.0_6.0,1,19,18,32,13,17,2
3497.png,6.0_3.0,14,47,36,75,28,22,2
3498.png,1.0,7,59,72,74,15,65,1
3499.png,10.0_9.0,34,207,106,259,52,72,2
35.png,6.0,5,25,19,32,7,14,1
350.png,3.0_2.0,1,28,36,62,34,35,2
3500.png,3.0_10.0,22,70,51,104,34,29,2
3501.png,2.0_8.0_10.0,21,69,55,134,65,34,3
3502.png,1.0_4.0_8.0,22,74,81,140,66,59,3
3503.png,1.0,3,23,22,33,10,19,1
3504.png,6.0_5.0,7,16,24,31,15,17,2
3505.png,2.0_4.0,7,36,36,64,28,29,2
3506.png,7.0_2.0,21,99,82,144,45,61,2
3507.png,5.0_1.0_4.0,1,20,15,40,20,14,3
3508.png,5.0,10,33,38,50,17,28,1
3509.png,4.0_8.0,25,86,127,216,130,102,2
351.png,4.0,11,34,39,50,16,28,1
3510.png,1.0_5.0_5.0_1.0,1,16,19,49,33,18,4
3511.png,2.0_7.0,5,35,49,70,35,44,2
3512.png,4.0_5.0,4,28,34,60,32,30,2
3513.png,1.0_1.0_2.0,17,107,111,177,70,94,3
3514.png,1.0_4.0,1,17,18,28,11,17,2
3515.png,1.0_2.0_5.0_6.0,11,44,30,73,29,19,4
3516.png,2.0_7.0_9.0,14,45,43,78,33,29,3
3517.png,2.0_6.0,1,11,13,26,15,12,2
3518.png,1.0_7.0_10.0,3,57,63,88,31,60,3
3519.png,9.0_10.0,13,71,52,96,25,39,2
352.png,4.0,19,50,46,64,14,27,1
3520.png,2.0_6.0_3.0,4,45,26,73,28,22,3
3521.png,2.0_6.0,1,14,19,27,13,18,2
3522.png,7.0_9.0,1,49,69,155,106,68,2
3523.png,7.0_9.0,2,32,46,75,43,44,2
3524.png,5.0_6.0,9,74,59,108,34,50,2
3525.png,4.0_10.0,1,16,17,38,22,16,2
3526.png,5.0_9.0,1,22,26,46,24,25,2
3527.png,1.0_2.0_7.0,7,38,34,72,34,27,3
3528.png,9.0_3.0,5,29,32,51,22,27,2
3529.png,1.0_9.0_3.0,8,45,55,126,81,47,3
353.png,2.0_7.0_4.0_4.0,34,51,60,85,34,26,4
3530.png,6.0_8.0,30,107,99,167,60,69,2
3531.png,6.0,1,39,28,56,17,27,1
3532.png,7.0_8.0,5,34,49,76,42,44,2
3533.png,5.0,2,31,32,48,17,30,1
3534.png,1.0_2.0_5.0,11,47,49,86,39,38,3
3535.png,2.0,26,93,98,134,41,72,1
3536.png,2.0_10.0_7.0,4,28,33,76,48,29,3
3537.png,1.0_5.0,6,46,60,99,53,54,2
3538.png,7.0_2.0,14,65,63,118,53,49,2
3539.png,1.0_2.0,1,22,25,37,15,24,2
354.png,1.0_3.0_8.0,2,40,48,87,47,46,3
3540.png,6.0,4,47,48,70,23,44,1
3541.png,4.0_3.0_9.0,39,177,131,254,77,92,3
3542.png,6.0,1,24,15,32,8,14,1
3543.png,2.0_3.0_1.0,21,47,41,76,29,20,3
3544.png,4.0_3.0,1,26,35,56,30,34,2
3545.png,9.0,8,44,33,55,11,25,1
3546.png,2.0,4,28,30,48,20,26,1
3547.png,2.0_5.0,6,37,49,93,56,43,2
3548.png,1.0_2.0,40,125,142,213,88,102,2
3549.png,6.0_1.0,9,61,62,93,32,53,2
355.png,7.0_4.0_10.0,1,13,16,39,26,15,3
3550.png,3.0_1.0,3,37,46,72,35,43,2
3551.png,4.0_5.0,4,16,18,32,16,14,2
3552.png,2.0_10.0,13,100,117,197,97,104,2
3553.png,8.0_3.0,13,62,62,99,37,49,2
3554.png,3.0_3.0_1.0,11,42,44,77,35,33,3
3555.png,9.0,11,35,43,52,17,32,1
3556.png,1.0_1.0,4,24,33,40,16,29,2
3557.png,6.0_5.0_7.0,30,102,75,157,55,45,3
3558.png,2.0_10.0_4.0,13,77,88,177,100,75,3
3559.png,8.0_3.0,20,74,67,118,44,47,2
356.png,2.0,7,39,32,58,19,25,1
3560.png,1.0_3.0_10.0,23,71,51,103,32,28,3
3561.png,1.0_5.0_2.0,6,40,47,79,39,41,3
3562.png,3.0_8.0,6,30,31,44,14,25,2
3563.png,1.0_6.0_2.0,2,33,32,69,36,30,3
3564.png,4.0,25,128,150,202,74,125,1
3565.png,3.0_1.0_8.0,10,41,34,74,33,24,3
3566.png,9.0_1.0,4,28,30,47,19,26,2
3567.png,1.0_4.0_8.0,16,78,78,162,84,62,3
3568.png,1.0_5.0,4,21,21,32,11,17,2
3569.png,3.0_2.0,6,41,57,78,37,51,2
357.png,5.0_3.0,10,49,66,121,72,56,2
3570.png,3.0_3.0_6.0,2,21,27,47,26,25,3
3571.png,8.0_3.0,1,16,22,32,16,21,2
3572.png,2.0_3.0,12,46,37,60,14,25,2
3573.png,4.0,4,26,25,40,14,21,1
3574.png,1.0_9.0,44,123,131,202,79,87,2
3575.png,2.0_4.0,1,11,13,25,14,12,2
3576.png,2.0_8.0,30,132,133,228,96,103,2
3577.png,2.0,1,14,16,21,7,15,1
3578.png,1.0_7.0_3.0,9,62,52,117,55,43,3
3579.png,4.0_3.0,5,20,17,33,13,12,2
358.png,2.0_8.0,6,27,27,44,17,21,2
3580.png,4.0_5.0,14,84,100,160,76,86,2
3581.png,2.0_4.0,5,23,23,41,18,18,2
3582.png,3.0_10.0,11,49,36,78,29,25,2
3583.png,3.0_9.0,8,43,43,75,32,35,2
3584.png,3.0,8,57,74,92,35,66,1
3585.png,1.0_2.0,14,71,89,142,71,75,2
3586.png,1.0_8.0_1.0,10,41,40,78,37,30,3
3587.png,1.0_3.0_2.0,1,19,26,50,31,25,3
3588.png,1.0_2.0_10.0,14,75,29,91,16,15,3
3589.png,1.0_8.0,8,79,104,127,48,96,2
359.png,1.0,3,22,22,27,5,19,1
3590.png,3.0,29,122,143,178,56,114,1
3591.png,2.0,4,28,31,42,14,27,1
3592.png,9.0,4,26,27,42,16,23,1
3593.png,2.0_8.0_5.0_10.0,6,23,23,62,39,17,4
3594.png,2.0_5.0,1,17,20,31,14,19,2
3595.png,6.0_5.0,6,31,33,55,24,27,2
3596.png,1.0_9.0,19,98,119,133,35,100,2
3597.png,1.0_10.0,6,41,52,73,32,46,2
3598.png,3.0_2.0_3.0,37,139,68,175,36,31,3
3599.png,2.0_5.0,7,28,32,51,23,25,2
36.png,4.0_4.0,8,50,56,96,46,48,2
360.png,5.0_8.0,6,29,28,46,17,22,2
3600.png,1.0_7.0_5.0,2,21,26,60,39,24,3
3601.png,1.0_3.0_8.0,22,86,80,124,38,58,3
3602.png,4.0_1.0_7.0,12,60,59,125,65,47,3
3603.png,5.0_10.0,5,27,30,45,18,25,2
3604.png,1.0_10.0_1.0_2.0,9,33,26,59,26,17,4
3605.png,2.0_5.0,1,21,32,39,18,31,2
3606.png,2.0_6.0,38,83,64,102,19,26,2
3607.png,9.0_6.0,1,25,30,57,32,29,2
3608.png,3.0,12,79,57,93,14,45,1
3609.png,4.0_10.0,10,40,46,74,34,36,2
361.png,1.0_7.0,12,43,42,69,26,30,2
3610.png,2.0_3.0_4.0,5,35,41,78,43,36,3
3611.png,9.0_7.0,4,33,41,60,27,37,2
3612.png,5.0_10.0,9,32,39,70,38,30,2
3613.png,2.0_4.0,6,24,27,54,30,21,2
3614.png,9.0_9.0_3.0,9,28,31,57,29,22,3
3615.png,4.0_9.0_10.0,1,20,24,62,42,23,3
3616.png,4.0_4.0,31,140,120,218,78,89,2
3617.png,4.0_7.0,17,72,79,138,66,62,2
3618.png,1.0_8.0,3,26,29,42,16,26,2
3619.png,2.0_6.0,4,27,36,56,29,32,2
362.png,3.0_4.0,7,33,33,65,32,26,2
3620.png,1.0,3,16,20,26,10,17,1
3621.png,1.0_1.0_3.0,1,16,19,36,20,18,3
3622.png,5.0,15,52,47,63,11,32,1
3623.png,4.0_4.0,8,34,35,55,21,27,2
3624.png,1.0,11,58,62,74,16,51,1
3625.png,2.0_1.0_3.0,17,65,47,109,44,30,3
3626.png,2.0_5.0_6.0,4,197,103,281,84,99,3
3627.png,3.0,4,32,43,48,16,39,1
3628.png,1.0_4.0,8,49,55,88,39,47,2
3629.png,6.0_2.0_8.0,8,47,48,112,65,40,3
363.png,8.0_3.0_10.0,30,103,68,154,51,38,3
3630.png,1.0_2.0,2,25,26,39,14,24,2
3631.png,1.0_10.0_2.0_9.0,6,26,43,74,48,37,4
3632.png,1.0_7.0,18,73,89,128,55,71,2
3633.png,9.0_7.0,12,32,60,78,46,48,2
3634.png,4.0_4.0,1,27,40,73,46,39,2
3635.png,3.0_4.0,3,32,36,51,19,33,2
3636.png,7.0_2.0,46,160,94,214,54,48,2
3637.png,4.0_1.0,1,14,17,23,9,16,2
3638.png,1.0_2.0_3.0_5.0,4,20,31,80,60,27,4
3639.png,4.0_9.0,10,39,42,68,29,32,2
364.png,6.0,6,29,32,46,17,26,1
3640.png,9.0_4.0,7,32,33,57,25,26,2
3641.png,2.0_10.0,4,26,36,60,34,32,2
3642.png,7.0,20,27,93,67,40,73,1
3643.png,2.0_6.0,3,30,38,51,21,35,2
3644.png,1.0_7.0,5,29,35,55,26,30,2
3645.png,6.0_5.0_3.0,19,74,63,110,36,44,3
3646.png,1.0_7.0,1,15,16,25,10,15,2
3647.png,1.0_6.0,35,132,159,213,81,124,2
3648.png,4.0_4.0_10.0,15,67,63,117,50,48,3
3649.png,1.0_10.0,2,29,34,56,27,32,2
365.png,8.0_3.0,11,67,79,109,42,68,2
3650.png,8.0_5.0,0,45,52,118,73,52,2
3651.png,2.0_8.0,2,5,22,26,21,20,2
3652.png,3.0_7.0,12,92,120,197,105,108,2
3653.png,3.0_2.0_8.0,22,110,100,159,49,78,3
3654.png,1.0_6.0_3.0,6,32,35,69,37,29,3
3655.png,4.0_1.0,4,47,60,100,53,56,2
3656.png,2.0_2.0_4.0_3.0,2,25,29,86,61,27,4
3657.png,6.0,37,183,188,270,87,151,1
3658.png,7.0,9,35,37,49,14,28,1
3659.png,2.0_3.0_1.0_4.0,5,26,27,69,43,22,4
366.png,4.0,7,62,81,100,38,74,1
3660.png,5.0_5.0_3.0,4,31,39,71,40,35,3
3661.png,8.0,12,62,52,81,19,40,1
3662.png,8.0_2.0_7.0,5,49,46,94,45,41,3
3663.png,7.0_1.0,5,29,26,46,17,21,2
3664.png,1.0_10.0_7.0_2.0,6,38,37,88,50,31,4
3665.png,4.0,1,30,29,45,15,28,1
3666.png,8.0_1.0,6,36,47,78,42,41,2
3667.png,3.0_5.0_1.0,3,17,19,33,16,16,3
3668.png,1.0_8.0_10.0,12,40,32,62,22,20,3
3669.png,2.0_6.0,6,20,24,37,17,18,2
367.png,1.0_5.0,9,43,54,78,35,45,2
3670.png,8.0,2,29,33,44,15,31,1
3671.png,2.0,3,33,31,51,18,28,1
3672.png,9.0_10.0_5.0,16,64,85,158,94,69,3
3673.png,2.0,8,59,52,84,25,44,1
3674.png,5.0_2.0_10.0,8,47,51,92,45,43,3
3675.png,6.0_10.0,1,13,20,33,20,19,2
3676.png,7.0,4,25,26,31,6,22,1
3677.png,6.0,4,16,16,24,8,12,1
3678.png,1.0_7.0,5,40,44,82,42,39,2
3679.png,7.0,5,24,26,34,10,21,1
368.png,5.0_6.0,1,19,19,40,21,18,2
3680.png,5.0_6.0,1,19,20,34,15,19,2
3681.png,1.0_7.0_5.0,7,33,33,56,23,26,3
3682.png,2.0_4.0_4.0_2.0,6,32,37,88,56,31,4
3683.png,4.0_6.0_10.0,15,30,46,73,43,31,3
3684.png,3.0_4.0,11,60,68,125,65,57,2
3685.png,1.0_2.0_4.0_3.0,15,52,52,126,74,37,4
3686.png,2.0_1.0_4.0,5,30,31,57,27,26,3
3687.png,2.0_1.0,2,32,31,52,20,29,2
3688.png,3.0_3.0_7.0,21,63,52,107,44,31,3
3689.png,3.0_6.0,9,48,51,86,38,42,2
369.png,1.0_6.0,3,36,49,77,41,46,2
3690.png,7.0,13,77,99,133,56,86,1
3691.png,1.0_6.0_7.0_2.0,1,34,35,85,51,34,4
3692.png,3.0,1,22,22,32,10,21,1
3693.png,5.0_8.0,1,23,30,53,30,29,2
3694.png,1.0_9.0_6.0,5,28,37,69,41,32,3
3695.png,4.0_8.0_4.0,10,54,58,115,61,48,3
3696.png,2.0_1.0_3.0,17,59,67,103,44,50,3
3697.png,5.0_7.0,5,37,39,75,38,34,2
3698.png,6.0_8.0,4,51,59,108,57,55,2
3699.png,8.0_9.0,4,26,30,55,29,26,2
37.png,1.0_1.0,2,24,24,49,25,22,2
370.png,1.0_1.0,5,37,55,72,35,50,2
3700.png,5.0_5.0,2,20,28,48,28,26,2
3701.png,1.0,4,38,39,51,13,35,1
3702.png,2.0_7.0_2.0,1,25,23,50,25,22,3
3703.png,4.0_4.0,12,89,105,159,70,93,2
3704.png,7.0_2.0,12,43,44,80,37,32,2
3705.png,7.0_10.0,5,49,44,83,34,39,2
3706.png,3.0_2.0,3,26,28,44,18,25,2
3707.png,7.0,3,23,25,33,10,22,1
3708.png,3.0_6.0,9,30,25,48,18,16,2
3709.png,1.0_6.0_3.0,14,36,32,68,32,18,3
371.png,8.0,1,35,37,47,12,36,1
3710.png,3.0_9.0,6,29,29,52,23,23,2
3711.png,5.0_10.0_3.0,3,29,27,54,25,24,3
3712.png,1.0_2.0_1.0,1,15,15,32,17,14,3
3713.png,5.0_6.0,13,57,49,94,37,36,2
3714.png,1.0_10.0_8.0,2,21,20,37,16,18,3
3715.png,4.0,4,27,29,42,15,25,1
3716.png,1.0_1.0,3,26,32,45,19,29,2
3717.png,3.0_9.0,7,42,47,78,36,40,2
3718.png,3.0_2.0,21,99,89,168,69,68,2
3719.png,5.0,10,72,78,112,40,68,1
372.png,1.0_5.0,1,19,27,37,18,26,2
3720.png,4.0_3.0_10.0,64,158,132,276,118,68,3
3721.png,1.0_4.0_2.0_1.0,6,30,34,73,43,28,4
3722.png,1.0_9.0,8,43,47,63,20,39,2
3723.png,2.0_9.0,2,26,28,44,18,26,2
3724.png,3.0_3.0,4,20,17,36,16,13,2
3725.png,3.0_1.0,3,17,18,33,16,15,2
3726.png,2.0_1.0,2,23,27,48,25,25,2
3727.png,1.0_9.0,8,47,41,72,25,33,2
3728.png,2.0_2.0,5,28,25,38,10,20,2
3729.png,2.0_9.0,1,31,36,77,46,35,2
373.png,3.0_8.0,8,45,55,94,49,47,2
3730.png,5.0_8.0_1.0,9,139,63,203,64,54,3
3731.png,1.0_2.0,5,26,23,44,18,18,2
3732.png,1.0_1.0,6,48,62,83,35,56,2
3733.png,1.0_5.0,12,50,35,73,23,23,2
3734.png,1.0_3.0_1.0,21,67,59,116,49,38,3
3735.png,1.0_3.0_6.0,7,47,58,120,73,51,3
3736.png,1.0_7.0_2.0_1.0,46,124,99,214,90,53,4
3737.png,1.0_1.0,6,31,37,50,19,31,2
3738.png,2.0_2.0,7,29,26,46,17,19,2
3739.png,1.0_1.0,8,48,57,87,39,49,2
374.png,9.0_6.0,7,29,25,44,15,18,2
3740.png,2.0_5.0_9.0_4.0,4,28,23,69,41,19,4
3741.png,2.0_6.0,3,25,27,39,14,24,2
3742.png,4.0_3.0,5,23,31,42,19,26,2
3743.png,3.0_3.0_2.0,8,56,55,119,63,47,3
3744.png,1.0_4.0_9.0,1,28,36,68,40,35,3
3745.png,9.0,12,41,33,49,8,21,1
3746.png,6.0,4,19,18,29,10,14,1
3747.png,4.0,4,30,37,45,15,33,1
3748.png,1.0_1.0_4.0,27,122,123,215,93,96,3
3749.png,2.0_3.0,1,25,33,58,33,32,2
375.png,3.0_1.0_5.0,23,113,118,199,86,95,3
3750.png,8.0,9,40,25,51,11,16,1
3751.png,5.0_2.0_3.0,12,42,37,72,30,25,3
3752.png,5.0_6.0,11,43,31,65,22,20,2
3753.png,4.0_4.0,12,47,63,103,56,51,2
3754.png,7.0_2.0,7,27,28,42,15,21,2
3755.png,2.0_7.0_8.0,5,26,24,57,31,19,3
3756.png,1.0_8.0_2.0,18,76,74,154,78,56,3
3757.png,3.0_6.0,8,40,47,80,40,39,2
3758.png,2.0_1.0_7.0,32,123,112,211,88,80,3
3759.png,2.0_5.0,2,26,35,61,35,33,2
376.png,5.0_1.0,24,73,52,92,19,28,2
3760.png,4.0_8.0,1,23,24,54,31,23,2
3761.png,5.0_7.0,5,25,25,46,21,20,2
3762.png,1.0_4.0_7.0,6,28,31,62,34,25,3
3763.png,1.0_1.0,12,47,52,84,37,40,2
3764.png,2.0_1.0,6,31,32,49,18,26,2
3765.png,2.0_7.0_5.0_9.0,1,13,17,41,28,16,4
3766.png,7.0_8.0,4,36,37,62,26,33,2
3767.png,7.0,2,20,24,34,14,22,1
3768.png,5.0_3.0,17,54,52,95,41,35,2
3769.png,1.0_1.0_5.0,7,103,66,157,54,59,3
377.png,4.0,4,43,58,81,38,54,1
3770.png,9.0,3,29,28,42,13,25,1
3771.png,3.0_7.0,1,18,22,35,17,21,2
3772.png,4.0_8.0_10.0,4,22,29,49,27,25,3
3773.png,1.0_6.0,2,27,29,46,19,27,2
3774.png,1.0_5.0,1,19,27,49,30,26,2
3775.png,7.0_3.0,4,59,69,111,52,65,2
3776.png,1.0_10.0_6.0,40,130,92,193,63,52,3
3777.png,5.0_2.0,7,46,35,72,26,28,2
3778.png,2.0_4.0,6,33,45,71,38,39,2
3779.png,3.0_10.0_7.0,28,72,52,110,38,24,3
378.png,7.0,9,39,50,63,24,41,1
3780.png,1.0_1.0,1,16,21,32,16,20,2
3781.png,3.0_9.0,18,68,74,120,52,56,2
3782.png,2.0_1.0,4,19,23,29,10,19,2
3783.png,1.0_2.0_7.0_8.0,1,15,14,44,29,13,4
3784.png,1.0_4.0,1,38,41,70,32,40,2
3785.png,3.0,4,34,26,46,12,22,1
3786.png,7.0_3.0,5,26,33,52,26,28,2
3787.png,4.0_7.0_9.0,19,89,65,134,45,46,3
3788.png,2.0_10.0,14,54,45,86,32,31,2
3789.png,5.0_6.0_7.0,16,56,66,112,56,50,3
379.png,3.0_10.0,27,125,132,204,79,105,2
3790.png,3.0_2.0,4,21,28,52,31,24,2
3791.png,2.0_2.0_3.0_5.0,1,20,20,82,62,19,4
3792.png,4.0_1.0,1,16,23,34,18,22,2
3793.png,5.0_9.0,4,20,26,41,21,22,2
3794.png,2.0_2.0_1.0,4,22,22,45,23,18,3
3795.png,2.0_9.0_2.0,5,22,28,51,29,23,3
3796.png,2.0_8.0_4.0,28,119,121,203,84,93,3
3797.png,4.0_5.0,7,27,29,45,18,22,2
3798.png,3.0_5.0,26,89,62,129,40,36,2
3799.png,3.0_3.0,5,36,50,70,34,45,2
38.png,1.0_7.0,22,87,85,145,58,63,2
380.png,2.0_9.0,1,8,13,20,12,12,2
3800.png,1.0_5.0_10.0,1,17,20,46,29,19,3
3801.png,3.0_5.0_4.0,12,60,63,146,86,51,3
3802.png,4.0_3.0,1,9,14,19,10,13,2
3803.png,5.0,2,22,23,38,16,21,1
3804.png,6.0_2.0,75,207,125,264,57,50,2
3805.png,1.0_7.0_4.0,6,38,48,100,62,42,3
3806.png,4.0_5.0,7,37,42,54,17,35,2
3807.png,5.0,7,27,32,40,13,25,1
3808.png,2.0_2.0,10,44,36,75,31,26,2
3809.png,1.0_8.0_2.0,27,94,58,124,30,31,3
381.png,1.0_9.0_1.0,23,65,46,94,29,23,3
3810.png,5.0,5,33,39,54,21,34,1
3811.png,1.0,4,18,18,26,8,14,1
3812.png,1.0_3.0,4,59,72,131,72,68,2
3813.png,1.0_10.0_7.0,3,25,31,46,21,28,3
3814.png,9.0_1.0_1.0,19,64,51,94,30,32,3
3815.png,7.0,6,27,23,40,13,17,1
3816.png,6.0_3.0,13,55,44,78,23,31,2
3817.png,9.0,8,44,48,58,14,40,1
3818.png,1.0_10.0_2.0,24,104,77,170,66,53,3
3819.png,3.0_3.0,1,13,19,35,22,18,2
382.png,6.0_5.0_8.0,6,29,26,50,21,20,3
3820.png,2.0_4.0_6.0,4,23,24,49,26,20,3
3821.png,3.0_10.0,14,58,51,97,39,37,2
3822.png,7.0_5.0,2,61,76,126,65,74,2
3823.png,4.0_3.0_5.0,41,86,91,163,77,50,3
3824.png,2.0_10.0_8.0_7.0,1,12,15,62,50,14,4
3825.png,9.0_6.0,3,28,36,59,31,33,2
3826.png,2.0_6.0_10.0,17,11,60,91,80,43,3
3827.png,1.0_1.0,10,46,53,78,32,43,2
3828.png,8.0_5.0_2.0,13,48,43,89,41,30,3
3829.png,4.0_9.0,12,56,52,83,27,40,2
383.png,7.0_2.0,4,43,52,83,40,48,2
3830.png,8.0_10.0,10,32,30,57,25,20,2
3831.png,6.0_2.0,7,44,48,89,45,41,2
3832.png,1.0_7.0_1.0_5.0,9,49,51,112,63,42,4
3833.png,1.0_10.0,8,68,72,123,55,64,2
3834.png,4.0_10.0,1,18,26,40,22,25,2
3835.png,7.0_6.0,15,113,75,164,51,60,2
3836.png,7.0_9.0,6,32,36,55,23,30,2
3837.png,4.0,6,27,26,39,12,20,1
3838.png,2.0_6.0_8.0,5,37,49,106,69,44,3
3839.png,9.0,6,39,38,57,18,32,1
384.png,3.0_5.0_5.0,19,66,52,107,41,33,3
3840.png,4.0_1.0,11,34,37,51,17,26,2
3841.png,5.0_1.0_7.0,5,22,22,41,19,17,3
3842.png,2.0,3,20,19,30,10,16,1
3843.png,8.0_9.0,4,34,43,64,30,39,2
3844.png,1.0_6.0,10,62,44,89,27,34,2
3845.png,8.0,1,16,20,29,13,19,1
3846.png,5.0,10,56,70,91,35,60,1
3847.png,2.0_10.0_5.0,8,50,45,96,46,37,3
3848.png,9.0_10.0,5,25,22,41,16,17,2
3849.png,2.0_7.0,11,75,75,132,57,64,2
385.png,2.0_6.0_1.0,14,61,59,117,56,45,3
3850.png,4.0_9.0,11,44,50,80,36,39,2
3851.png,3.0,3,44,29,53,9,26,1
3852.png,8.0,2,23,17,32,9,15,1
3853.png,9.0_8.0,80,225,120,261,36,40,2
3854.png,2.0_5.0_6.0,7,31,34,71,40,27,3
3855.png,1.0_2.0_1.0,6,20,23,37,17,17,3
3856.png,8.0_4.0,6,32,41,64,32,35,2
3857.png,2.0_8.0_1.0,2,27,30,62,35,28,3
3858.png,2.0,14,52,51,79,27,37,1
3859.png,2.0_2.0_3.0,3,25,27,54,29,24,3
386.png,4.0_2.0,5,51,62,93,42,57,2
3860.png,3.0_4.0,1,19,23,43,24,22,2
3861.png,2.0_2.0,7,30,33,52,22,26,2
3862.png,1.0_10.0_3.0,25,94,96,157,63,71,3
3863.png,6.0,2,22,21,33,11,19,1
3864.png,1.0_9.0,22,87,46,110,23,24,2
3865.png,5.0_7.0,3,16,22,29,13,19,2
3866.png,4.0,4,14,15,22,8,11,1
3867.png,9.0_10.0,85,151,146,207,56,61,2
3868.png,2.0_1.0_10.0,14,178,117,258,80,103,3
3869.png,8.0_8.0,2,17,21,37,20,19,2
387.png,9.0_9.0_5.0,17,86,101,191,105,84,3
3870.png,1.0_7.0,12,42,44,54,12,32,2
3871.png,1.0_7.0_6.0,3,36,40,85,49,37,3
3872.png,3.0_10.0,2,35,41,77,42,39,2
3873.png,7.0,7,40,46,65,25,39,1
3874.png,3.0_9.0,15,52,57,102,50,42,2
3875.png,6.0_5.0_2.0,29,119,99,230,111,70,3
3876.png,1.0,1,18,19,31,13,18,1
3877.png,4.0_7.0,8,32,33,51,19,25,2
3878.png,4.0,8,37,33,51,14,25,1
3879.png,9.0_8.0,27,88,57,117,29,30,2
388.png,3.0_2.0,2,46,37,67,21,35,2
3880.png,1.0_2.0_10.0,4,28,34,72,44,30,3
3881.png,2.0_2.0,4,40,60,70,30,56,2
3882.png,4.0_2.0,1,21,24,43,22,23,2
3883.png,1.0_6.0,11,51,54,93,42,43,2
3884.png,1.0_8.0_5.0,1,12,15,33,21,14,3
3885.png,1.0_10.0,75,258,128,306,48,53,2
3886.png,2.0_3.0_10.0,4,38,51,69,31,47,3
3887.png,1.0_1.0_7.0,18,56,59,80,24,41,3
3888.png,1.0_3.0,1,18,21,34,16,20,2
3889.png,1.0,3,23,26,33,10,23,1
389.png,4.0,1,55,67,98,43,66,1
3890.png,1.0_9.0,7,42,48,94,52,41,2
3891.png,2.0_6.0,13,52,48,90,38,35,2
3892.png,5.0,10,37,36,55,18,26,1
3893.png,4.0_1.0_5.0,4,31,34,72,41,30,3
3894.png,4.0,3,24,24,33,9,21,1
3895.png,2.0_6.0,7,47,56,103,56,49,2
3896.png,4.0_4.0,7,42,38,80,38,31,2
3897.png,1.0_1.0,5,28,30,59,31,25,2
3898.png,3.0_4.0,2,32,41,75,43,39,2
3899.png,6.0_7.0,11,42,37,72,30,26,2
39.png,3.0_1.0,19,62,60,83,21,41,2
390.png,5.0_10.0,4,30,35,56,26,31,2
3900.png,6.0_3.0,15,92,111,174,82,96,2
3901.png,2.0_4.0_10.0_10.0,1,17,17,44,27,16,4
3902.png,7.0_9.0,6,55,65,127,72,59,2
3903.png,1.0_5.0,19,69,61,95,26,42,2
3904.png,3.0_5.0,0,31,36,55,24,36,2
3905.png,5.0_1.0,20,92,68,133,41,48,2
3906.png,9.0,5,22,26,33,11,21,1
3907.png,1.0_1.0_1.0,52,157,86,194,37,34,3
3908.png,4.0_8.0,7,34,34,62,28,27,2
3909.png,1.0,4,23,24,29,6,20,1
391.png,2.0_1.0,2,19,21,34,15,19,2
3910.png,2.0_1.0_2.0,0,15,20,38,23,20,3
3911.png,8.0_1.0,1,16,17,33,17,16,2
3912.png,3.0_9.0,3,53,69,110,57,66,2
3913.png,8.0_1.0_8.0,6,48,58,127,79,52,3
3914.png,3.0,11,48,49,67,19,38,1
3915.png,5.0,7,38,39,56,18,32,1
3916.png,2.0_3.0_3.0_1.0,1,18,19,54,36,18,4
3917.png,6.0_9.0,1,25,27,54,29,26,2
3918.png,4.0_1.0,9,37,39,66,29,30,2
3919.png,7.0_1.0,29,158,65,197,39,36,2
392.png,5.0_9.0,6,39,51,81,42,45,2
3920.png,3.0_2.0,11,46,58,105,59,47,2
3921.png,7.0_4.0,31,96,58,127,31,27,2
3922.png,4.0_4.0_2.0,22,74,59,129,55,37,3
3923.png,1.0_9.0_5.0,2,18,19,47,29,17,3
3924.png,2.0_8.0_10.0_2.0,22,60,48,104,44,26,4
3925.png,9.0_6.0,10,39,80,126,87,70,2
3926.png,2.0,7,30,41,44,14,34,1
3927.png,6.0,11,35,39,52,17,28,1
3928.png,2.0_7.0_2.0,2,0,18,27,27,16,3
3929.png,4.0_1.0,20,74,94,141,67,74,2
393.png,8.0_10.0_10.0,15,69,60,136,67,45,3
3930.png,7.0_6.0,6,33,38,54,21,32,2
3931.png,5.0_7.0,8,46,49,89,43,41,2
3932.png,7.0_8.0,4,28,33,52,24,29,2
3933.png,1.0_9.0_6.0_3.0,10,41,30,76,35,20,4
3934.png,2.0_1.0_9.0,56,113,122,201,88,66,3
3935.png,1.0_3.0,5,30,34,60,30,29,2
3936.png,4.0,2,18,22,31,13,20,1
3937.png,3.0_10.0,5,26,28,43,17,23,2
3938.png,1.0_8.0,1,14,14,29,15,13,2
3939.png,9.0_6.0,17,72,69,131,59,52,2
394.png,8.0,10,55,44,71,16,34,1
3940.png,4.0_3.0,8,37,46,68,31,38,2
3941.png,2.0_5.0,13,60,66,113,53,53,2
3942.png,5.0,15,53,46,66,13,31,1
3943.png,1.0_3.0,4,17,20,29,12,16,2
3944.png,3.0_7.0_3.0,23,9,58,65,56,35,3
3945.png,2.0_9.0,9,42,38,75,33,29,2
3946.png,1.0_2.0_1.0,12,60,51,110,50,39,3
3947.png,1.0_3.0_6.0,14,63,56,129,66,42,3
3948.png,4.0_6.0,1,16,17,34,18,16,2
3949.png,5.0_1.0_10.0,10,47,51,80,33,41,3
395.png,1.0_2.0_9.0,22,98,96,301,203,74,3
3950.png,6.0_6.0,3,14,16,25,11,13,2
3951.png,2.0_4.0,14,40,42,62,22,28,2
3952.png,2.0_4.0_4.0_6.0,5,18,20,52,34,15,4
3953.png,2.0_5.0,18,84,113,190,106,95,2
3954.png,2.0_6.0,1,26,34,72,46,33,2
3955.png,1.0,24,184,90,202,18,66,1
3956.png,1.0_10.0_7.0,7,34,33,73,39,26,3
3957.png,3.0,7,28,22,39,11,15,1
3958.png,3.0_5.0_10.0,7,31,37,68,37,30,3
3959.png,5.0_1.0,1,38,46,80,42,45,2
396.png,1.0_7.0_9.0_8.0,4,24,25,63,39,21,4
3960.png,3.0_7.0,10,59,67,121,62,57,2
3961.png,3.0,11,57,49,74,17,38,1
3962.png,1.0_3.0,7,25,35,52,27,28,2
3963.png,3.0_2.0,2,26,26,41,15,24,2
3964.png,2.0_7.0_1.0_1.0,2,21,27,59,38,25,4
3965.png,9.0_8.0,24,79,84,138,59,60,2
3966.png,1.0_3.0_3.0,1,16,18,42,26,17,3
3967.png,5.0_6.0,19,104,91,169,65,72,2
3968.png,1.0_9.0_5.0,5,35,38,80,45,33,3
3969.png,6.0,2,23,23,30,7,21,1
397.png,1.0_10.0_4.0,8,44,43,92,48,35,3
3970.png,5.0_7.0,3,19,20,33,14,17,2
3971.png,3.0_8.0,3,22,32,56,34,29,2
3972.png,6.0,1,21,21,36,15,20,1
3973.png,1.0_10.0_4.0,14,50,55,81,31,41,3
3974.png,1.0_1.0_10.0,10,49,61,104,55,51,3
3975.png,1.0_1.0,5,20,23,34,14,18,2
3976.png,2.0_10.0_10.0,21,64,61,119,55,40,3
3977.png,1.0_5.0,7,40,53,129,89,46,2
3978.png,1.0_5.0_10.0,2,18,16,41,23,14,3
3979.png,1.0_6.0,4,32,34,53,21,30,2
398.png,5.0_4.0,4,32,36,82,50,32,2
3980.png,5.0_5.0,6,34,42,56,22,36,2
3981.png,9.0,8,48,59,79,31,51,1
3982.png,2.0_9.0,3,34,47,78,44,44,2
3983.png,1.0_5.0,1,12,15,23,11,14,2
3984.png,1.0_10.0,18,65,66,97,32,48,2
3985.png,2.0_4.0_10.0,2,15,17,37,22,15,3
3986.png,2.0_4.0,4,45,63,86,41,59,2
3987.png,9.0,3,26,29,39,13,26,1
3988.png,1.0_2.0_3.0_7.0,3,23,23,64,41,20,4
3989.png,1.0_7.0_2.0,4,29,30,70,41,26,3
399.png,6.0_2.0,15,82,108,193,111,93,2
3990.png,3.0_3.0_7.0,35,170,66,219,49,31,3
3991.png,3.0_7.0_1.0_2.0,3,22,27,73,51,24,4
3992.png,1.0_7.0,17,55,50,79,24,33,2
3993.png,1.0_8.0,3,23,26,40,17,23,2
3994.png,2.0_5.0,5,26,27,46,20,22,2
3995.png,9.0,8,40,29,53,13,21,1
3996.png,2.0_3.0,9,26,24,38,12,15,2
3997.png,1.0_4.0,12,60,62,98,38,50,2
3998.png,1.0_4.0_1.0,20,73,48,113,40,28,3
3999.png,2.0_3.0,5,26,27,48,22,22,2
4.png,9.0_3.0,13,57,47,85,28,34,2
40.png,2.0_10.0,9,61,78,121,60,69,2
400.png,2.0_3.0,1,14,20,36,22,19,2
4000.png,5.0_9.0,6,38,48,67,29,42,2
4001.png,6.0_1.0,3,23,29,45,22,26,2
4002.png,1.0_7.0_2.0,1,244,90,301,57,89,3
4003.png,5.0_7.0_1.0,13,212,131,321,109,118,3
4004.png,1.0_9.0,1,33,50,88,55,49,2
4005.png,9.0,7,51,58,70,19,51,1
4006.png,1.0_4.0_2.0,25,86,68,146,60,43,3
4007.png,1.0_6.0,8,4,28,24,20,20,2
4008.png,2.0,9,34,33,48,14,24,1
4009.png,1.0_5.0,1,25,26,41,16,25,2
401.png,1.0_1.0_6.0,1,13,17,37,24,16,3
4010.png,1.0_4.0,3,33,42,82,49,39,2
4011.png,7.0_6.0,10,51,55,92,41,45,2
4012.png,2.0,11,53,60,76,23,49,1
4013.png,1.0_1.0_6.0,6,33,43,74,41,37,3
4014.png,6.0,2,25,21,36,11,19,1
4015.png,6.0_4.0_3.0,7,32,33,71,39,26,3
4016.png,9.0,16,58,47,77,19,31,1
4017.png,2.0_3.0,9,47,49,87,40,40,2
4018.png,1.0_10.0,5,33,35,51,18,30,2
4019.png,2.0_6.0,2,28,34,65,37,32,2
402.png,4.0,9,54,63,84,30,54,1
4020.png,2.0_8.0,1,24,32,54,30,31,2
4021.png,8.0_3.0,9,44,45,83,39,36,2
4022.png,5.0_3.0,23,79,65,110,31,42,2
4023.png,1.0,9,63,45,80,17,36,1
4024.png,7.0_2.0,5,42,53,92,50,48,2
4025.png,1.0_3.0,2,16,19,39,23,17,2
4026.png,2.0_1.0,7,25,26,40,15,19,2
4027.png,2.0,22,71,49,82,11,27,1
4028.png,1.0_10.0_1.0,4,32,36,72,40,32,3
4029.png,1.0_1.0_4.0,3,17,18,39,22,15,3
403.png,1.0_6.0_5.0,2,20,29,50,30,27,3
4030.png,1.0_2.0_9.0_1.0,15,91,96,208,117,81,4
4031.png,2.0_10.0_7.0,21,117,139,322,205,118,3
4032.png,4.0_4.0,3,26,29,50,24,26,2
4033.png,1.0_9.0_7.0,20,176,78,230,54,58,3
4034.png,1.0_1.0,1,32,44,52,20,43,2
4035.png,1.0_1.0_8.0,12,51,53,100,49,41,3
4036.png,8.0,21,91,99,130,39,78,1
4037.png,3.0,5,28,33,43,15,28,1
4038.png,7.0_7.0_5.0,9,32,27,62,30,18,3
4039.png,3.0_6.0_4.0,31,111,99,190,79,68,3
404.png,3.0_9.0_8.0,24,144,122,236,92,98,3
4040.png,3.0_4.0,4,39,46,80,41,42,2
4041.png,1.0_7.0,8,48,51,79,31,43,2
4042.png,2.0_10.0,3,44,51,92,48,48,2
4043.png,7.0,9,53,76,97,44,67,1
4044.png,2.0_9.0,5,17,17,29,12,12,2
4045.png,3.0_3.0,5,27,24,40,13,19,2
4046.png,3.0,9,35,38,47,12,29,1
4047.png,5.0_6.0_8.0,16,67,79,160,93,63,3
4048.png,1.0_1.0,1,13,21,33,20,20,2
4049.png,1.0_1.0,12,57,61,91,34,49,2
405.png,5.0_5.0,74,208,138,260,52,64,2
4050.png,2.0_1.0_9.0,27,102,70,170,68,43,3
4051.png,2.0_2.0,4,45,56,96,51,52,2
4052.png,9.0_10.0,9,53,55,96,43,46,2
4053.png,1.0_2.0,7,42,52,82,40,45,2
4054.png,1.0,7,41,38,51,10,31,1
4055.png,7.0,12,67,82,90,23,70,1
4056.png,2.0_5.0,5,40,43,79,39,38,2
4057.png,2.0_7.0,10,59,61,119,60,51,2
4058.png,5.0_1.0,5,26,28,41,15,23,2
4059.png,1.0_10.0_2.0,12,61,78,167,106,66,3
406.png,2.0_7.0_10.0,8,47,50,91,44,42,3
4060.png,6.0_9.0,3,21,28,45,24,25,2
4061.png,1.0_6.0_3.0,24,83,53,129,46,29,3
4062.png,1.0_7.0_2.0_8.0,12,34,32,67,33,20,4
4063.png,7.0_4.0,21,0,91,74,74,70,2
4064.png,5.0,9,44,46,64,20,37,1
4065.png,4.0,13,48,38,55,7,25,1
4066.png,9.0,5,71,38,88,17,33,1
4067.png,7.0_5.0_9.0,19,69,55,120,51,36,3
4068.png,4.0_2.0,3,18,21,35,17,18,2
4069.png,1.0_9.0,1,29,40,60,31,39,2
407.png,2.0_7.0,1,15,19,28,13,18,2
4070.png,1.0_6.0_4.0,31,109,61,144,35,30,3
4071.png,1.0_7.0,11,47,41,74,27,30,2
4072.png,6.0_2.0,4,28,30,48,20,26,2
4073.png,1.0_1.0_5.0,10,51,67,124,73,57,3
4074.png,2.0_7.0,9,32,34,56,24,25,2
4075.png,1.0_6.0,7,35,48,64,29,41,2
4076.png,2.0,6,38,38,57,19,32,1
4077.png,8.0_5.0,16,62,59,96,34,43,2
4078.png,5.0_10.0,1,14,23,50,36,22,2
4079.png,4.0_5.0,1,19,20,34,15,19,2
408.png,1.0_7.0,45,216,78,244,28,33,2
4080.png,2.0_9.0_9.0,14,72,66,126,54,52,3
4081.png,2.0_5.0,8,69,90,142,73,82,2
4082.png,9.0_1.0,6,22,23,35,13,17,2
4083.png,2.0_8.0_2.0,3,23,29,57,34,26,3
4084.png,1.0_1.0,7,31,40,49,18,33,2
4085.png,7.0_6.0_5.0,18,55,47,98,43,29,3
4086.png,4.0,3,21,20,31,10,17,1
4087.png,4.0_4.0,4,32,46,80,48,42,2
4088.png,5.0_6.0,6,28,32,45,17,26,2
4089.png,1.0_3.0,8,49,61,85,36,53,2
409.png,9.0_3.0,2,21,29,50,29,27,2
4090.png,1.0_6.0,4,27,30,51,24,26,2
4091.png,1.0_2.0_6.0,15,28,97,122,94,82,3
4092.png,2.0_10.0,5,20,19,42,22,14,2
4093.png,5.0_10.0,21,84,69,157,73,48,2
4094.png,4.0_8.0,9,32,38,54,22,29,2
4095.png,6.0_4.0,1,19,23,45,26,22,2
4096.png,5.0_10.0,1,29,40,71,42,39,2
4097.png,2.0_4.0,8,39,50,90,51,42,2
4098.png,4.0,6,47,33,66,19,27,1
4099.png,7.0_10.0,4,29,30,48,19,26,2
41.png,4.0_2.0,9,38,45,63,25,36,2
410.png,6.0_5.0,21,92,104,171,79,83,2
4100.png,7.0,13,82,107,132,50,94,1
4101.png,2.0_1.0_10.0,4,38,39,78,40,35,3
4102.png,4.0_6.0,7,56,49,90,34,42,2
4103.png,1.0_10.0,3,26,30,42,16,27,2
4104.png,8.0_7.0,41,144,117,210,66,76,2
4105.png,1.0_3.0_3.0,25,101,58,135,34,33,3
4106.png,3.0_9.0,2,40,46,79,39,44,2
4107.png,3.0_9.0,1,22,27,47,25,26,2
4108.png,1.0_2.0,2,19,19,29,10,17,2
4109.png,4.0_8.0,13,172,64,214,42,51,2
411.png,2.0_6.0,64,286,362,644,358,298,2
4110.png,4.0_8.0,3,21,33,50,29,30,2
4111.png,1.0_7.0_6.0_6.0_1.0,7,42,47,113,71,40,5
4112.png,9.0,5,32,23,41,9,18,1
4113.png,1.0_5.0,5,21,22,31,10,17,2
4114.png,1.0_6.0_5.0,10,38,39,74,36,29,3
4115.png,2.0_1.0,10,43,51,74,31,41,2
4116.png,1.0_2.0_6.0,23,72,51,122,50,28,3
4117.png,1.0_9.0,28,95,88,141,46,60,2
4118.png,9.0_1.0,4,25,25,40,15,21,2
4119.png,3.0,1,15,15,24,9,14,1
412.png,1.0_2.0_3.0_5.0,13,64,74,130,66,61,4
4120.png,1.0_7.0_1.0_5.0,1,21,25,69,48,24,4
4121.png,1.0_6.0_6.0,14,68,58,125,57,44,3
4122.png,3.0_7.0,18,58,59,120,62,41,2
4123.png,1.0_2.0,4,21,21,32,11,17,2
4124.png,4.0_2.0,1,20,20,35,15,19,2
4125.png,1.0,3,31,38,41,10,35,1
4126.png,7.0_5.0,19,72,53,104,32,34,2
4127.png,9.0_2.0_1.0,16,51,36,82,31,20,3
4128.png,2.0_1.0_9.0,32,113,112,192,79,80,3
4129.png,3.0_1.0_6.0,15,71,66,182,111,51,3
413.png,1.0_3.0,2,20,27,44,24,25,2
4130.png,1.0_3.0,10,59,63,110,51,53,2
4131.png,1.0_3.0,4,35,40,55,20,36,2
4132.png,2.0_8.0,5,44,46,80,36,41,2
4133.png,2.0_8.0,33,106,56,129,23,23,2
4134.png,6.0_4.0,13,58,60,85,27,47,2
4135.png,1.0_7.0,13,61,75,105,44,62,2
4136.png,5.0,17,52,38,65,13,21,1
4137.png,8.0_1.0,4,35,38,68,33,34,2
4138.png,2.0_6.0,3,31,38,60,29,35,2
4139.png,6.0_7.0,24,104,88,168,64,64,2
414.png,1.0_6.0,4,21,24,36,15,20,2
4140.png,3.0,9,37,26,45,8,17,1
4141.png,2.0_4.0_5.0,17,57,46,95,38,29,3
4142.png,5.0_8.0,1,15,21,34,19,20,2
4143.png,3.0_6.0,11,49,40,66,17,29,2
4144.png,9.0_7.0,4,39,44,78,39,40,2
4145.png,6.0_3.0,4,49,62,86,37,58,2
4146.png,9.0_5.0,2,21,21,37,16,19,2
4147.png,2.0_2.0_7.0,15,59,57,122,63,42,3
4148.png,6.0_7.0,5,40,43,70,30,38,2
4149.png,1.0_2.0_1.0,2,33,38,78,45,36,3
415.png,1.0_2.0_7.0,10,42,31,76,34,21,3
4150.png,2.0_2.0_5.0_5.0,2,18,20,50,32,18,4
4151.png,1.0_1.0,11,64,80,116,52,69,2
4152.png,9.0_6.0,8,25,35,52,27,27,2
4153.png,3.0_4.0,4,26,33,51,25,29,2
4154.png,5.0_3.0,5,45,56,94,49,51,2
4155.png,10.0,9,27,39,46,19,30,1
4156.png,1.0_3.0,10,49,59,92,43,49,2
4157.png,5.0,14,75,40,93,18,26,1
4158.png,2.0_7.0,4,40,39,70,30,35,2
4159.png,4.0_6.0,4,40,51,84,44,47,2
416.png,5.0_2.0,5,66,64,124,58,59,2
4160.png,2.0_4.0_6.0,1,26,33,76,50,32,3
4161.png,3.0_2.0,1,15,20,34,19,19,2
4162.png,1.0_1.0,1,53,87,114,61,86,2
4163.png,1.0_10.0,1,12,16,31,19,15,2
4164.png,1.0_6.0_2.0_7.0,1,135,201,751,616,200,4
4165.png,1.0_1.0_1.0,24,96,62,139,43,38,3
4166.png,8.0_6.0,15,81,81,148,67,66,2
4167.png,1.0_9.0,6,33,37,52,19,31,2
4168.png,7.0,7,29,36,42,13,29,1
4169.png,1.0_4.0,11,46,45,74,28,34,2
417.png,2.0_8.0,34,116,111,193,77,77,2
4170.png,6.0_4.0,14,46,50,73,27,36,2
4171.png,1.0,5,43,58,62,19,53,1
4172.png,8.0,1,14,19,25,11,18,1
4173.png,4.0_2.0,5,33,39,66,33,34,2
4174.png,7.0,20,85,59,112,27,39,1
4175.png,4.0_3.0_9.0,15,64,54,133,69,39,3
4176.png,1.0_9.0_3.0,6,40,38,76,36,32,3
4177.png,1.0_1.0,2,21,23,34,13,21,2
4178.png,1.0_2.0,1,24,29,50,26,28,2
4179.png,1.0_8.0_5.0,7,31,26,55,24,19,3
418.png,5.0_6.0,6,42,39,72,30,33,2
4180.png,1.0_2.0,3,47,62,117,70,59,2
4181.png,5.0_4.0_10.0,17,116,48,153,37,31,3
4182.png,9.0_2.0,1,27,33,63,36,32,2
4183.png,6.0_9.0,7,28,31,51,23,24,2
4184.png,3.0_9.0,8,39,51,63,24,43,2
4185.png,1.0_3.0,2,27,28,52,25,26,2
4186.png,6.0_7.0,21,274,76,344,70,55,2
4187.png,2.0_3.0_1.0_6.0,13,64,49,130,66,36,4
4188.png,1.0_4.0,9,31,34,52,21,25,2
4189.png,5.0,5,37,35,53,16,30,1
419.png,1.0_2.0,3,40,38,64,24,35,2
4190.png,4.0,10,60,72,97,37,62,1
4191.png,4.0_2.0_10.0,4,37,49,94,57,45,3
4192.png,9.0,3,25,29,42,17,26,1
4193.png,8.0,3,24,26,40,16,23,1
4194.png,4.0,3,29,36,47,18,33,1
4195.png,4.0_2.0_2.0,2,18,20,44,26,18,3
4196.png,5.0_3.0_3.0,85,213,132,287,74,47,3
4197.png,2.0_10.0_8.0_1.0,13,36,41,87,51,28,4
4198.png,5.0_2.0,19,79,110,189,110,91,2
4199.png,5.0_10.0_9.0,1,26,32,79,53,31,3
42.png,2.0_5.0_1.0,27,110,87,185,75,60,3
420.png,1.0_5.0_7.0_9.0,3,27,26,83,56,23,4
4200.png,1.0_5.0,4,103,135,217,114,131,2
4201.png,3.0_1.0_5.0,1,22,28,55,33,27,3
4202.png,2.0_1.0_9.0,7,25,32,60,35,25,3
4203.png,8.0,32,130,187,221,91,155,1
4204.png,1.0,18,67,51,76,9,33,1
4205.png,1.0_2.0_5.0,3,21,25,41,20,22,3
4206.png,5.0,4,20,23,31,11,19,1
4207.png,1.0_1.0,8,38,43,71,33,35,2
4208.png,3.0_2.0,24,65,67,124,59,43,2
4209.png,6.0_5.0,2,26,31,61,35,29,2
421.png,2.0_6.0_4.0,1,7,22,40,33,21,3
4210.png,7.0_4.0,2,15,18,32,17,16,2
4211.png,1.0_8.0_10.0,13,67,66,131,64,53,3
4212.png,6.0_4.0,4,21,21,43,22,17,2
4213.png,2.0,3,37,32,55,18,29,1
4214.png,1.0_9.0,7,28,26,43,15,19,2
4215.png,1.0,6,40,29,47,7,23,1
4216.png,1.0_9.0_6.0,18,114,67,170,56,49,3
4217.png,5.0_10.0,2,27,33,52,25,31,2
4218.png,1.0_9.0_5.0,26,124,150,165,41,124,3
4219.png,5.0,46,133,97,155,22,51,1
422.png,9.0_10.0,3,22,23,41,19,20,2
4220.png,1.0_5.0,2,13,17,22,9,15,2
4221.png,5.0,9,65,69,92,27,60,1
4222.png,1.0_1.0_3.0,15,45,45,67,22,30,3
4223.png,2.0_4.0_4.0_7.0,1,23,32,84,61,31,4
4224.png,3.0,2,28,32,41,13,30,1
4225.png,2.0_1.0_10.0,55,100,101,190,90,46,3
4226.png,10.0,6,73,52,98,25,46,1
4227.png,3.0_4.0,10,48,32,70,22,22,2
4228.png,4.0,10,39,28,49,10,18,1
4229.png,3.0,8,34,32,48,14,24,1
423.png,4.0_4.0,7,27,32,54,27,25,2
4230.png,5.0_7.0,7,27,39,60,33,32,2
4231.png,1.0_4.0_8.0,27,61,73,73,12,46,3
4232.png,1.0_5.0,3,44,45,89,45,42,2
4233.png,2.0_7.0_5.0,7,34,37,82,48,30,3
4234.png,1.0_5.0,12,44,42,72,28,30,2
4235.png,5.0_6.0,3,23,29,52,29,26,2
4236.png,1.0_9.0,3,34,40,56,22,37,2
4237.png,2.0_10.0_4.0,1,15,15,30,15,14,3
4238.png,1.0_8.0,13,38,37,52,14,24,2
4239.png,9.0,4,20,18,29,9,14,1
424.png,9.0,12,72,55,99,27,43,1
4240.png,9.0_2.0,2,17,22,33,16,20,2
4241.png,5.0_7.0,1,16,18,28,12,17,2
4242.png,1.0_8.0_5.0,7,50,48,87,37,41,3
4243.png,4.0_1.0,6,31,41,60,29,35,2
4244.png,1.0_2.0,3,23,30,44,21,27,2
4245.png,5.0_4.0,1,20,20,35,15,19,2
4246.png,7.0_7.0_10.0,57,153,91,199,46,34,3
4247.png,5.0_2.0,8,56,61,105,49,53,2
4248.png,2.0_1.0,1,20,23,35,15,22,2
4249.png,3.0_7.0_3.0,5,29,34,75,46,29,3
425.png,1.0_7.0,22,92,99,149,57,77,2
4250.png,9.0,3,33,44,53,20,41,1
4251.png,5.0_7.0,6,23,23,43,20,17,2
4252.png,8.0_10.0,19,86,101,148,62,82,2
4253.png,4.0,25,88,74,117,29,49,1
4254.png,8.0_8.0_7.0,62,98,144,172,74,82,3
4255.png,2.0_8.0,1,18,19,33,15,18,2
4256.png,5.0_10.0,7,52,59,108,56,52,2
4257.png,7.0_2.0,7,38,42,76,38,35,2
4258.png,5.0_5.0,11,50,55,85,35,44,2
4259.png,3.0_3.0,1,33,45,69,36,44,2
426.png,4.0_1.0,5,27,30,44,17,25,2
4260.png,3.0,4,71,89,97,26,85,1
4261.png,4.0_9.0,3,32,34,65,33,31,2
4262.png,8.0_4.0_7.0,72,105,110,175,70,38,3
4263.png,6.0,12,63,73,105,42,61,1
4264.png,1.0_8.0,8,99,90,147,48,82,2
4265.png,2.0_3.0,4,21,19,34,13,15,2
4266.png,4.0_1.0_10.0,7,37,40,81,44,33,3
4267.png,4.0_5.0,2,16,20,29,13,18,2
4268.png,5.0_9.0,2,34,40,76,42,38,2
4269.png,1.0_6.0,11,56,60,88,32,49,2
427.png,3.0_5.0,6,49,66,117,68,60,2
4270.png,2.0_4.0_9.0,62,171,121,222,51,59,3
4271.png,1.0_6.0_10.0,6,51,69,145,94,63,3
4272.png,6.0_8.0,7,42,50,73,31,43,2
4273.png,5.0_7.0,8,30,40,57,27,32,2
4274.png,3.0,1,14,16,25,11,15,1
4275.png,2.0,6,13,17,21,8,11,1
4276.png,3.0_10.0_10.0_1.0,8,23,24,45,22,16,4
4277.png,2.0_2.0,1,16,17,35,19,16,2
4278.png,4.0,3,31,37,48,17,34,1
4279.png,1.0_7.0,10,57,44,86,29,34,2
428.png,3.0,19,73,77,104,31,58,1
4280.png,1.0_10.0,18,62,69,103,41,51,2
4281.png,8.0_4.0,1,77,63,138,61,62,2
4282.png,3.0_3.0,10,49,57,94,45,47,2
4283.png,7.0_7.0,20,66,83,128,62,63,2
4284.png,3.0_2.0,16,78,87,165,87,71,2
4285.png,2.0_10.0_1.0,15,37,65,108,71,50,3
4286.png,5.0_3.0,3,18,17,32,14,14,2
4287.png,8.0_2.0,13,45,43,79,34,30,2
4288.png,5.0,3,21,20,29,8,17,1
4289.png,4.0_5.0_10.0,44,105,92,179,74,48,3
429.png,3.0_3.0_10.0,10,56,47,105,49,37,3
4290.png,7.0_10.0,3,49,74,87,38,71,2
4291.png,1.0_8.0,10,46,47,72,26,37,2
4292.png,10.0,6,36,28,45,9,22,1
4293.png,2.0_7.0_9.0,4,24,23,49,25,19,3
4294.png,3.0_5.0,27,87,88,167,80,61,2
4295.png,4.0_5.0,1,41,59,105,64,58,2
4296.png,8.0_10.0_2.0,4,36,41,78,42,37,3
4297.png,3.0_9.0_9.0,5,23,33,50,27,28,3
4298.png,6.0_9.0,7,36,39,62,26,32,2
4299.png,1.0_2.0,13,50,44,84,34,31,2
43.png,2.0_9.0,20,87,75,145,58,55,2
430.png,4.0,41,178,179,374,196,138,1
4300.png,6.0_5.0,2,44,62,120,76,60,2
4301.png,3.0_8.0,6,45,41,75,30,35,2
4302.png,1.0_5.0_8.0_6.0,4,41,39,98,57,35,4
4303.png,5.0_9.0,15,92,111,149,57,96,2
4304.png,5.0_9.0,12,43,42,78,35,30,2
4305.png,4.0_7.0_8.0,5,46,40,88,42,35,3
4306.png,1.0_10.0_2.0,41,86,73,123,37,32,3
4307.png,1.0_4.0_5.0,40,87,92,149,62,52,3
4308.png,4.0_10.0,13,70,83,137,67,70,2
4309.png,1.0,5,28,35,40,12,30,1
431.png,1.0,9,51,62,78,27,53,1
4310.png,1.0_3.0,3,22,18,37,15,15,2
4311.png,2.0_5.0_10.0,1,15,17,35,20,16,3
4312.png,2.0_5.0,7,40,42,66,26,35,2
4313.png,2.0_10.0_6.0,27,146,171,189,43,144,3
4314.png,2.0_10.0,1,18,26,41,23,25,2
4315.png,2.0_10.0_4.0,8,36,44,76,40,36,3
4316.png,1.0_3.0_3.0,23,128,57,176,48,34,3
4317.png,8.0,8,42,54,64,22,46,1
4318.png,2.0_4.0_1.0,16,60,62,140,80,46,3
4319.png,7.0_10.0,10,36,27,55,19,17,2
432.png,9.0_3.0,6,20,19,35,15,13,2
4320.png,3.0_1.0,15,52,64,99,47,49,2
4321.png,4.0_3.0_4.0,26,130,143,242,112,117,3
4322.png,6.0_1.0,6,23,30,39,16,24,2
4323.png,6.0_1.0,11,89,111,160,71,100,2
4324.png,1.0_10.0_4.0,11,74,95,179,105,84,3
4325.png,3.0_9.0,2,21,34,47,26,32,2
4326.png,2.0_6.0_4.0,10,49,47,97,48,37,3
4327.png,3.0,1,15,21,28,13,20,1
4328.png,3.0_7.0,4,19,27,43,24,23,2
4329.png,1.0_6.0,16,63,48,86,23,32,2
433.png,1.0_2.0,4,35,36,60,25,32,2
4330.png,3.0_1.0_6.0,10,31,32,58,27,22,3
4331.png,3.0_2.0,2,18,17,36,18,15,2
4332.png,3.0_1.0_4.0,13,104,71,177,73,58,3
4333.png,8.0_9.0,5,32,42,64,32,37,2
4334.png,3.0_8.0,10,32,37,59,27,27,2
4335.png,5.0_7.0,30,67,67,103,36,37,2
4336.png,5.0_4.0,8,54,68,107,53,60,2
4337.png,2.0,2,24,13,32,8,11,1
4338.png,6.0,9,46,51,70,24,42,1
4339.png,4.0_10.0,3,19,20,39,20,17,2
434.png,10.0,9,59,38,75,16,29,1
4340.png,6.0_2.0,12,39,32,61,22,20,2
4341.png,1.0_1.0_7.0,7,47,61,100,53,54,3
4342.png,3.0_9.0,10,47,55,97,50,45,2
4343.png,3.0_4.0_7.0,2,19,22,39,20,20,3
4344.png,1.0_5.0,65,93,98,115,22,33,2
4345.png,1.0_3.0_10.0,4,25,29,59,34,25,3
4346.png,1.0_8.0,3,26,29,51,25,26,2
4347.png,9.0_3.0,20,61,43,81,20,23,2
4348.png,6.0,6,45,51,68,23,45,1
4349.png,2.0,7,27,28,39,12,21,1
435.png,1.0_2.0_1.0,5,25,29,51,26,24,3
4350.png,2.0_1.0,3,25,33,55,30,30,2
4351.png,9.0_7.0,15,38,47,67,29,32,2
4352.png,4.0_7.0,4,19,26,46,27,22,2
4353.png,8.0_8.0,8,51,43,70,19,35,2
4354.png,7.0_4.0,13,44,46,68,24,33,2
4355.png,2.0_2.0_8.0_8.0,5,31,36,167,136,31,4
4356.png,2.0_4.0_7.0_4.0,1,17,19,51,34,18,4
4357.png,1.0_10.0_4.0,2,20,22,45,25,20,3
4358.png,5.0,1,17,17,25,8,16,1
4359.png,4.0_9.0,8,56,53,75,19,45,2
436.png,6.0_3.0,4,46,58,106,60,54,2
4360.png,5.0_6.0,8,46,50,87,41,42,2
4361.png,2.0_7.0,5,32,36,68,36,31,2
4362.png,1.0,6,29,27,34,5,21,1
4363.png,1.0_5.0,10,59,66,87,28,56,2
4364.png,1.0_9.0_5.0,5,26,37,59,33,32,3
4365.png,2.0_5.0_2.0,1,14,18,35,21,17,3
4366.png,7.0_4.0,10,31,45,70,39,35,2
4367.png,1.0,3,40,45,61,21,42,1
4368.png,3.0_7.0,34,183,82,235,52,48,2
4369.png,1.0_5.0,8,28,32,45,17,24,2
437.png,3.0_7.0,2,24,28,40,16,26,2
4370.png,1.0_2.0,11,44,43,74,30,32,2
4371.png,1.0_1.0,1,22,25,30,8,24,2
4372.png,7.0_6.0,4,22,26,52,30,22,2
4373.png,2.0_5.0_7.0_10.0,2,13,17,44,31,15,4
4374.png,1.0_10.0_2.0,21,185,99,295,110,78,3
4375.png,3.0_8.0,24,70,75,130,60,51,2
4376.png,5.0_3.0,32,174,70,211,37,38,2
4377.png,1.0,5,25,26,35,10,21,1
4378.png,7.0_2.0,26,68,62,96,28,36,2
4379.png,2.0_10.0_4.0,11,42,47,66,24,36,3
438.png,5.0_8.0,5,34,39,62,28,34,2
4380.png,6.0_1.0,1,18,24,40,22,23,2
4381.png,1.0,4,18,21,27,9,17,1
4382.png,9.0_2.0_9.0,19,66,64,128,62,45,3
4383.png,6.0,1,29,29,55,26,28,1
4384.png,4.0_1.0,3,33,40,58,25,37,2
4385.png,6.0_10.0_6.0,1,55,81,83,28,80,3
4386.png,8.0,3,26,34,49,23,31,1
4387.png,1.0_3.0_2.0,5,34,40,83,49,35,3
4388.png,5.0_10.0,1,12,13,27,15,12,2
4389.png,2.0_5.0_4.0,4,24,30,55,31,26,3
439.png,6.0_7.0,14,54,55,99,45,41,2
4390.png,3.0_4.0,10,48,50,97,49,40,2
4391.png,4.0_2.0_3.0,1,66,69,88,22,68,3
4392.png,6.0_7.0_2.0,1,15,17,30,15,16,3
4393.png,2.0_3.0_6.0,19,55,44,87,32,25,3
4394.png,2.0_10.0_5.0,10,38,40,70,32,30,3
4395.png,6.0,13,53,39,65,12,26,1
4396.png,1.0_4.0_3.0,20,88,80,146,58,60,3
4397.png,1.0_7.0_8.0,4,19,20,46,27,16,3
4398.png,4.0,25,153,180,321,168,155,1
4399.png,4.0,11,65,63,101,36,52,1
44.png,2.0_10.0_4.0,3,19,29,47,28,26,3
440.png,1.0_7.0,10,54,62,95,41,52,2
4400.png,6.0,3,21,23,31,10,20,1
4401.png,1.0_5.0_9.0,2,25,30,58,33,28,3
4402.png,2.0_4.0,3,38,42,68,30,39,2
4403.png,4.0_6.0,5,25,30,45,20,25,2
4404.png,2.0_4.0,5,15,19,32,17,14,2
4405.png,2.0_9.0_10.0,23,95,95,154,59,72,3
4406.png,3.0_7.0_6.0,11,39,39,84,45,28,3
4407.png,8.0_5.0,21,14,37,34,20,16,2
4408.png,1.0,10,29,32,37,8,22,1
4409.png,3.0_4.0_9.0,12,42,36,72,30,24,3
441.png,1.0_9.0_2.0,10,40,49,80,40,39,3
4410.png,7.0_1.0,17,79,94,144,65,77,2
4411.png,3.0,7,45,50,62,17,43,1
4412.png,1.0_9.0,15,119,156,237,118,141,2
4413.png,6.0,8,26,27,32,6,19,1
4414.png,4.0_9.0,7,38,37,69,31,30,2
4415.png,1.0,5,28,33,40,12,28,1
4416.png,1.0_8.0,9,46,52,82,36,43,2
4417.png,1.0_3.0_7.0_6.0,11,41,44,78,37,33,4
4418.png,6.0_5.0,1,17,22,43,26,21,2
4419.png,9.0_6.0,1,14,15,30,16,14,2
442.png,1.0,9,39,44,48,9,35,1
4420.png,4.0_8.0,3,23,22,44,21,19,2
4421.png,6.0_8.0,9,48,57,87,39,48,2
4422.png,5.0,17,82,98,118,36,81,1
4423.png,3.0_5.0,4,33,41,59,26,37,2
4424.png,2.0,4,23,24,33,10,20,1
4425.png,2.0_2.0_1.0,1,35,37,78,43,36,3
4426.png,6.0,1,37,36,55,18,35,1
4427.png,9.0_5.0,67,153,118,200,47,51,2
4428.png,7.0_10.0,9,27,27,42,15,18,2
4429.png,1.0,6,35,34,44,9,28,1
443.png,7.0_8.0,2,16,18,28,12,16,2
4430.png,5.0_5.0,11,40,49,72,32,38,2
4431.png,1.0_4.0,2,18,15,27,9,13,2
4432.png,1.0_1.0,4,26,36,52,26,32,2
4433.png,9.0_4.0,16,55,89,146,91,73,2
4434.png,2.0_2.0,9,44,49,82,38,40,2
4435.png,9.0,8,38,46,61,23,38,1
4436.png,1.0_1.0_2.0_5.0,12,44,43,97,53,31,4
4437.png,1.0_1.0_4.0,1,18,23,37,19,22,3
4438.png,2.0_10.0,22,79,73,132,53,51,2
4439.png,2.0_9.0,13,51,66,89,38,53,2
444.png,2.0_2.0,8,55,57,109,54,49,2
4440.png,9.0_3.0,4,25,24,48,23,20,2
4441.png,1.0_2.0_4.0,19,65,55,119,54,36,3
4442.png,3.0_2.0_5.0,11,45,42,78,33,31,3
4443.png,2.0_7.0,8,55,63,126,71,55,2
4444.png,5.0_1.0_4.0,15,72,78,137,65,63,3
4445.png,3.0_3.0,5,23,30,48,25,25,2
4446.png,5.0_8.0,8,49,56,99,50,48,2
4447.png,2.0_5.0,6,27,26,50,23,20,2
4448.png,2.0_4.0,13,50,48,95,45,35,2
4449.png,8.0,2,15,23,28,13,21,1
445.png,1.0_10.0,4,32,40,70,38,36,2
4450.png,3.0_5.0,3,20,26,39,19,23,2
4451.png,4.0_1.0,19,86,98,171,85,79,2
4452.png,6.0_6.0,6,35,32,48,13,26,2
4453.png,1.0,21,70,68,88,18,47,1
4454.png,9.0_7.0,6,26,26,40,14,20,2
4455.png,2.0_1.0,3,39,61,78,39,58,2
4456.png,6.0_10.0,1,19,21,36,17,20,2
4457.png,8.0_6.0,15,60,55,92,32,40,2
4458.png,2.0_5.0,13,76,85,144,68,72,2
4459.png,4.0_6.0,23,117,48,151,34,25,2
446.png,2.0_1.0_3.0,1,22,34,68,46,33,3
4460.png,6.0_5.0,3,46,60,118,72,57,2
4461.png,6.0_10.0,3,16,17,32,16,14,2
4462.png,7.0_7.0,8,47,56,86,39,48,2
4463.png,1.0_10.0_2.0,3,30,35,65,35,32,3
4464.png,3.0_10.0,5,26,31,56,30,26,2
4465.png,4.0_6.0_6.0,15,151,78,226,75,63,3
4466.png,1.0_8.0_4.0,10,74,86,130,56,76,3
4467.png,1.0_7.0,12,85,97,154,69,85,2
4468.png,1.0_2.0_6.0,2,30,33,62,32,31,3
4469.png,1.0_7.0,8,106,117,201,95,109,2
447.png,6.0,9,46,55,71,25,46,1
4470.png,1.0_8.0_3.0,1,19,18,46,27,17,3
4471.png,1.0_7.0,9,29,30,46,17,21,2
4472.png,1.0_1.0,10,54,48,84,30,38,2
4473.png,1.0_3.0_9.0,8,30,28,78,48,20,3
4474.png,1.0_8.0,4,36,45,69,33,41,2
4475.png,4.0_1.0,5,46,49,81,35,44,2
4476.png,1.0_2.0,5,53,70,106,53,65,2
4477.png,5.0_4.0_5.0,1,14,18,47,33,17,3
4478.png,4.0_1.0,7,42,42,68,26,35,2
4479.png,1.0_2.0_4.0,8,65,82,183,118,74,3
448.png,5.0_3.0,38,104,89,143,39,51,2
4480.png,4.0_6.0,1,16,13,28,12,12,2
4481.png,1.0_5.0,1,22,26,36,14,25,2
4482.png,4.0_10.0,1,46,61,106,60,60,2
4483.png,4.0,3,36,23,49,13,20,1
4484.png,6.0_3.0,2,31,39,80,49,37,2
4485.png,9.0,5,27,27,45,18,22,1
4486.png,6.0,5,67,34,85,18,29,1
4487.png,1.0_4.0_3.0_6.0,27,146,85,239,93,58,4
4488.png,2.0_5.0,6,56,71,122,66,65,2
4489.png,1.0,12,52,53,60,8,41,1
449.png,3.0_10.0,3,32,39,62,30,36,2
4490.png,2.0,5,36,43,61,25,38,1
4491.png,1.0_5.0,3,29,33,65,36,30,2
4492.png,3.0,1,33,44,52,19,43,1
4493.png,2.0_10.0_6.0,2,28,23,65,37,21,3
4494.png,1.0_6.0,1,38,55,94,56,54,2
4495.png,1.0_2.0_1.0,12,32,35,52,20,23,3
4496.png,1.0_10.0_2.0,16,45,39,70,25,23,3
4497.png,2.0_7.0,13,57,55,106,49,42,2
4498.png,1.0_3.0,4,37,47,59,22,43,2
4499.png,5.0,6,43,41,61,18,35,1
45.png,1.0_10.0,3,35,35,56,21,32,2
450.png,4.0_4.0_3.0,28,98,102,176,78,74,3
4500.png,5.0,1,23,23,37,14,22,1
4501.png,7.0_8.0,6,47,60,73,26,54,2
4502.png,1.0_5.0_5.0,2,19,23,52,33,21,3
4503.png,8.0_3.0,8,26,30,45,19,22,2
4504.png,9.0_3.0,6,27,31,50,23,25,2
4505.png,9.0,6,100,74,136,36,68,1
4506.png,2.0_4.0,20,83,79,147,64,59,2
4507.png,3.0_10.0,2,24,26,39,15,24,2
4508.png,1.0_3.0,2,26,33,52,26,31,2
4509.png,1.0_6.0,5,30,28,44,14,23,2
451.png,6.0_4.0,5,40,35,66,26,30,2
4510.png,2.0_7.0_9.0,1,27,29,60,33,28,3
4511.png,1.0_4.0_3.0_3.0,3,0,46,59,59,43,4
4512.png,5.0_9.0,1,18,17,31,13,16,2
4513.png,1.0_4.0_1.0,13,59,55,96,37,42,3
4514.png,4.0_8.0,5,51,59,114,63,54,2
4515.png,5.0_4.0,5,29,40,58,29,35,2
4516.png,1.0_4.0_3.0_3.0,10,54,27,82,28,17,4
4517.png,1.0,19,10,79,28,18,60,1
4518.png,4.0_1.0,1,19,25,36,17,24,2
4519.png,2.0_4.0,12,48,48,81,33,36,2
452.png,4.0_4.0_5.0,8,29,26,52,23,18,3
4520.png,5.0,7,46,36,56,10,29,1
4521.png,5.0_8.0,4,38,42,79,41,38,2
4522.png,4.0_5.0,8,55,43,87,32,35,2
4523.png,3.0_10.0,125,99,170,144,45,45,2
4524.png,4.0_6.0,5,32,31,53,21,26,2
4525.png,1.0_6.0_3.0,12,47,44,80,33,32,3
4526.png,3.0,8,28,57,57,29,49,1
4527.png,9.0_9.0,3,17,21,28,11,18,2
4528.png,6.0_10.0,3,19,21,37,18,18,2
4529.png,2.0,16,80,60,104,24,44,1
453.png,5.0_2.0,11,59,60,116,57,49,2
4530.png,4.0_8.0,7,60,69,140,80,62,2
4531.png,1.0_3.0,18,91,112,161,70,94,2
4532.png,3.0,5,23,29,37,14,24,1
4533.png,1.0_10.0_1.0,2,19,18,41,22,16,3
4534.png,1.0_10.0,2,24,25,41,17,23,2
4535.png,4.0_9.0_2.0,15,52,55,103,51,40,3
4536.png,7.0_3.0,1,16,20,29,13,19,2
4537.png,1.0_1.0_5.0,7,65,86,157,92,79,3
4538.png,4.0_8.0,4,22,21,40,18,17,2
4539.png,5.0,2,23,29,33,10,27,1
454.png,1.0_5.0_6.0,28,88,68,136,48,40,3
4540.png,5.0_7.0,2,28,32,62,34,30,2
4541.png,4.0,5,37,41,66,29,36,1
4542.png,6.0_2.0,1,16,16,35,19,15,2
4543.png,1.0_6.0_10.0,3,30,36,77,47,33,3
4544.png,2.0_8.0,4,28,34,50,22,30,2
4545.png,8.0_6.0,8,26,53,71,45,45,2
4546.png,1.0_10.0_7.0_6.0,37,104,77,142,38,40,4
4547.png,7.0_2.0_1.0,7,72,55,130,58,48,3
4548.png,3.0_8.0_10.0,3,30,37,83,53,34,3
4549.png,1.0_6.0,6,27,27,40,13,21,2
455.png,5.0_3.0,1,29,38,57,28,37,2
4550.png,5.0_1.0,20,57,45,88,31,25,2
4551.png,3.0,1,17,17,26,9,16,1
4552.png,2.0,16,60,48,75,15,32,1
4553.png,8.0_3.0,5,153,162,266,113,157,2
4554.png,5.0_4.0_7.0,1,11,16,33,22,15,3
4555.png,2.0_3.0_5.0,24,89,67,143,54,43,3
4556.png,4.0_3.0_4.0,105,150,147,214,64,42,3
4557.png,8.0_10.0,17,106,38,129,23,21,2
4558.png,2.0_10.0,5,32,35,63,31,30,2
4559.png,2.0,1,20,25,36,16,24,1
456.png,2.0_3.0,5,43,53,76,33,48,2
4560.png,1.0_6.0_1.0,5,22,31,57,35,26,3
4561.png,5.0_6.0,4,31,33,68,37,29,2
4562.png,2.0_4.0,8,46,54,105,59,46,2
4563.png,1.0_6.0,10,54,51,88,34,41,2
4564.png,1.0_2.0,3,26,31,46,20,28,2
4565.png,2.0_1.0_1.0_10.0,11,53,46,100,47,35,4
4566.png,2.0_5.0,2,30,40,55,25,38,2
4567.png,2.0,9,48,49,79,31,40,1
4568.png,1.0_5.0,16,116,101,189,73,85,2
4569.png,3.0_5.0,5,36,37,66,30,32,2
457.png,8.0_6.0_10.0,31,100,116,192,92,85,3
4570.png,1.0_2.0_10.0_1.0,18,69,59,152,83,41,4
4571.png,1.0_4.0_10.0,12,82,92,198,116,80,3
4572.png,1.0_1.0_9.0,6,31,26,55,24,20,3
4573.png,2.0_9.0_10.0,34,219,91,283,64,57,3
4574.png,5.0_10.0,7,42,41,63,21,34,2
4575.png,3.0_8.0_8.0,3,10,19,31,21,16,3
4576.png,2.0_7.0,3,14,18,32,18,15,2
4577.png,3.0_4.0_10.0,19,66,84,149,83,65,3
4578.png,2.0_9.0,3,22,24,40,18,21,2
4579.png,2.0_2.0_2.0,16,71,69,117,46,53,3
458.png,1.0_10.0_10.0,3,25,24,47,22,21,3
4580.png,4.0_6.0_5.0,46,164,86,217,53,40,3
4581.png,7.0,15,92,111,143,51,96,1
4582.png,1.0_7.0_7.0,6,124,42,173,49,36,3
4583.png,1.0_2.0,5,31,32,46,15,27,2
4584.png,5.0,1,19,22,31,12,21,1
4585.png,2.0,3,19,24,31,12,21,1
4586.png,1.0_4.0_10.0,5,47,55,119,72,50,3
4587.png,2.0_7.0,4,36,30,55,19,26,2
4588.png,5.0,4,47,56,77,30,52,1
4589.png,1.0,3,26,38,40,14,35,1
459.png,5.0_6.0_10.0,5,43,54,123,80,49,3
4590.png,1.0,1,19,19,25,6,18,1
4591.png,1.0_3.0_6.0_1.0,6,25,27,67,42,21,4
4592.png,1.0_1.0_6.0,6,47,53,103,56,47,3
4593.png,5.0_1.0_1.0,1,18,27,46,28,26,3
4594.png,4.0_2.0,0,19,24,37,18,24,2
4595.png,4.0_5.0,25,85,68,132,47,43,2
4596.png,2.0_10.0_4.0_7.0,1,17,19,48,31,18,4
4597.png,1.0_1.0,2,19,18,28,9,16,2
4598.png,9.0,3,18,19,29,11,16,1
4599.png,2.0_2.0,15,50,73,109,59,58,2
46.png,3.0_2.0_7.0,18,136,191,310,174,173,3
460.png,1.0,5,31,40,46,15,35,1
4600.png,4.0_3.0_3.0,6,29,30,64,35,24,3
4601.png,1.0_1.0_2.0,16,87,78,181,94,62,3
4602.png,2.0_9.0,2,28,28,56,28,26,2
4603.png,2.0_1.0_4.0,63,140,111,177,37,48,3
4604.png,1.0_3.0,9,43,43,72,29,34,2
4605.png,1.0_4.0,1,9,13,20,11,12,2
4606.png,2.0_6.0_3.0,8,35,44,86,51,36,3
4607.png,7.0_7.0,7,21,27,45,24,20,2
4608.png,3.0,7,51,56,86,35,49,1
4609.png,1.0_7.0_10.0,1,20,24,38,18,23,3
461.png,5.0_2.0,8,52,74,116,64,66,2
4610.png,3.0_3.0_3.0,66,121,100,190,69,34,3
4611.png,2.0_1.0_9.0_4.0,1,15,17,42,27,16,4
4612.png,2.0_8.0,11,49,35,82,33,24,2
4613.png,4.0_1.0,9,30,35,58,28,26,2
4614.png,1.0_4.0_8.0_6.0,1,24,25,70,46,24,4
4615.png,9.0_9.0_9.0,11,39,31,64,25,20,3
4616.png,4.0_9.0,26,86,76,136,50,50,2
4617.png,3.0_5.0,6,25,27,43,18,21,2
4618.png,3.0_4.0,5,46,55,97,51,50,2
4619.png,2.0_10.0,1,28,30,53,25,29,2
462.png,5.0_4.0,1,18,21,37,19,20,2
4620.png,4.0_2.0,1,13,18,34,21,17,2
4621.png,3.0_5.0,10,42,47,81,39,37,2
4622.png,2.0,7,48,67,92,44,60,1
4623.png,7.0_5.0,5,22,19,33,11,14,2
4624.png,4.0_7.0,9,21,22,32,11,13,2
4625.png,4.0_2.0_2.0_9.0,0,14,17,42,28,17,4
4626.png,1.0_4.0_3.0,27,94,64,139,45,37,3
4627.png,9.0_6.0,4,60,60,107,47,56,2
4628.png,1.0_6.0,4,30,31,58,28,27,2
4629.png,2.0_6.0,2,28,28,48,20,26,2
463.png,2.0_1.0,16,78,76,124,46,60,2
4630.png,6.0_5.0,4,23,30,57,34,26,2
4631.png,5.0_6.0,8,42,49,90,48,41,2
4632.png,7.0_8.0,16,69,57,125,56,41,2
4633.png,1.0_9.0,10,55,51,92,37,41,2
4634.png,1.0_9.0,5,28,33,50,22,28,2
4635.png,1.0_10.0_4.0,1,19,23,47,28,22,3
4636.png,3.0_9.0_6.0,3,39,47,96,57,44,3
4637.png,1.0_9.0,5,29,38,53,24,33,2
4638.png,5.0,63,84,202,176,92,139,1
4639.png,9.0,5,32,41,47,15,36,1
464.png,5.0_10.0,5,33,32,56,23,27,2
4640.png,1.0_2.0_10.0,7,47,58,119,72,51,3
4641.png,1.0_4.0_8.0,3,22,23,45,23,20,3
4642.png,2.0_3.0_5.0,3,19,25,45,26,22,3
4643.png,1.0,7,49,61,72,23,54,1
4644.png,7.0_7.0_5.0,35,164,78,235,71,43,3
4645.png,1.0_2.0,3,16,17,28,12,14,2
4646.png,4.0_3.0_4.0,11,54,58,94,40,47,3
4647.png,2.0_3.0_5.0,42,165,99,241,76,57,3
4648.png,3.0_6.0_3.0,9,79,61,144,65,52,3
4649.png,4.0_10.0,3,19,19,36,17,16,2
465.png,2.0_7.0_3.0_1.0,2,12,14,37,25,12,4
4650.png,7.0_8.0,24,182,146,313,131,122,2
4651.png,5.0_8.0,6,33,33,58,25,27,2
4652.png,1.0_3.0_2.0,6,48,62,77,29,56,3
4653.png,4.0_5.0_10.0,9,95,86,207,112,77,3
4654.png,2.0_10.0,5,42,47,85,43,42,2
4655.png,5.0_2.0_9.0,8,42,43,80,38,35,3
4656.png,8.0_7.0_1.0,21,94,92,166,72,71,3
4657.png,1.0_1.0,5,22,21,43,21,16,2
4658.png,2.0_1.0,3,25,31,56,31,28,2
4659.png,2.0_4.0,7,42,45,84,42,38,2
466.png,1.0_5.0,1,43,59,83,40,58,2
4660.png,2.0_9.0_2.0,5,20,25,50,30,20,3
4661.png,5.0_3.0,3,18,16,34,16,13,2
4662.png,8.0_7.0,8,47,57,105,58,49,2
4663.png,1.0_2.0,3,16,15,27,11,12,2
4664.png,9.0,5,65,65,94,29,60,1
4665.png,7.0_7.0,37,133,156,255,122,119,2
4666.png,6.0_5.0,11,44,41,69,25,30,2
4667.png,2.0_4.0,2,34,43,63,29,41,2
4668.png,2.0_5.0_1.0,15,62,60,98,36,45,3
4669.png,1.0_7.0_4.0,3,15,17,43,28,14,3
467.png,3.0_5.0,7,89,120,192,103,113,2
4670.png,3.0_3.0_10.0,1,39,47,96,57,46,3
4671.png,5.0_2.0_3.0,15,82,80,217,135,65,3
4672.png,2.0,12,52,33,59,7,21,1
4673.png,2.0_10.0_7.0,10,54,47,109,55,37,3
4674.png,8.0_8.0,14,23,96,112,89,82,2
4675.png,2.0_3.0_8.0_8.0,0,14,20,52,38,20,4
4676.png,3.0_6.0,3,28,35,57,29,32,2
4677.png,2.0_10.0,12,32,36,51,19,24,2
4678.png,3.0_8.0_9.0,8,47,46,89,42,38,3
4679.png,1.0,6,32,26,43,11,20,1
468.png,8.0,4,28,31,47,19,27,1
4680.png,1.0_4.0,4,24,21,37,13,17,2
4681.png,1.0_10.0_4.0,10,31,38,61,30,28,3
4682.png,2.0_1.0,6,76,97,180,104,91,2
4683.png,4.0_1.0,6,29,30,50,21,24,2
4684.png,1.0_5.0,8,26,25,43,17,17,2
4685.png,7.0_8.0,5,32,37,54,22,32,2
4686.png,3.0_9.0,5,53,69,96,43,64,2
4687.png,4.0_7.0,1,15,19,34,19,18,2
4688.png,3.0_4.0,1,35,47,85,50,46,2
4689.png,4.0_2.0,10,48,50,80,32,40,2
469.png,2.0_2.0,5,31,44,69,38,39,2
4690.png,5.0_2.0,24,108,121,211,103,97,2
4691.png,5.0_2.0,2,16,17,26,10,15,2
4692.png,4.0_9.0_2.0,11,43,39,84,41,28,3
4693.png,1.0_3.0_2.0,3,25,25,48,23,22,3
4694.png,1.0_10.0,10,42,44,69,27,34,2
4695.png,7.0,5,59,75,108,49,70,1
4696.png,1.0_7.0,3,31,40,52,21,37,2
4697.png,2.0_8.0,1,34,50,81,47,49,2
4698.png,3.0_3.0,5,32,39,60,28,34,2
4699.png,1.0_3.0_9.0,15,70,63,124,54,48,3
47.png,2.0_4.0,1,14,17,25,11,16,2
470.png,2.0_1.0,11,56,51,79,23,40,2
4700.png,1.0_7.0_10.0_7.0,13,52,42,87,35,29,4
4701.png,1.0_7.0_8.0,1,14,16,38,24,15,3
4702.png,3.0,6,62,74,110,48,68,1
4703.png,2.0_1.0_5.0,9,40,46,81,41,37,3
4704.png,2.0_8.0_1.0,3,30,32,64,34,29,3
4705.png,1.0_1.0,14,82,82,145,63,68,2
4706.png,1.0_3.0_4.0,1,14,15,34,20,14,3
4707.png,5.0_1.0,4,29,33,45,16,29,2
4708.png,7.0_2.0,4,20,22,38,18,18,2
4709.png,2.0_7.0_10.0,5,18,26,37,19,21,3
471.png,5.0_5.0,1,38,49,119,81,48,2
4710.png,1.0_4.0_1.0_4.0,1,27,30,81,54,29,4
4711.png,2.0,7,35,26,44,9,19,1
4712.png,5.0_8.0_9.0,16,71,67,164,93,51,3
4713.png,3.0_6.0,9,55,64,97,42,55,2
4714.png,7.0_8.0,5,32,41,68,36,36,2
4715.png,1.0,2,36,34,45,9,32,1
4716.png,7.0_4.0,9,38,32,62,24,23,2
4717.png,8.0,4,33,31,51,18,27,1
4718.png,1.0_1.0,14,52,48,72,20,34,2
4719.png,1.0_9.0,5,30,37,57,27,32,2
472.png,3.0_9.0,3,18,21,33,15,18,2
4720.png,2.0_3.0_10.0_9.0,3,31,28,69,38,25,4
4721.png,1.0_3.0_6.0,19,52,57,93,41,38,3
4722.png,1.0_1.0_6.0,8,67,77,158,91,69,3
4723.png,1.0_3.0_5.0,8,28,32,59,31,24,3
4724.png,3.0_3.0_9.0,14,86,89,196,110,75,3
4725.png,3.0_7.0_2.0,6,31,31,65,34,25,3
4726.png,1.0_8.0_7.0_2.0,22,48,45,96,48,23,4
4727.png,3.0_4.0,3,32,40,65,33,37,2
4728.png,2.0_5.0_9.0,27,93,77,129,36,50,3
4729.png,1.0_9.0,17,62,52,93,31,35,2
473.png,4.0_1.0,9,41,58,86,45,49,2
4730.png,2.0_5.0_10.0,9,33,32,70,37,23,3
4731.png,7.0_3.0,12,42,44,75,33,32,2
4732.png,2.0_6.0_6.0,6,28,34,70,42,28,3
4733.png,7.0_6.0,1,20,23,46,26,22,2
4734.png,7.0,1,16,17,28,12,16,1
4735.png,1.0_1.0_3.0,4,33,38,70,37,34,3
4736.png,4.0_1.0,50,86,98,143,57,48,2
4737.png,1.0_10.0,29,268,61,295,27,32,2
4738.png,2.0_3.0,20,69,59,110,41,39,2
4739.png,2.0_5.0,8,38,42,51,13,34,2
474.png,2.0_3.0_6.0_7.0,4,18,19,47,29,15,4
4740.png,1.0_10.0_7.0,7,42,34,79,37,27,3
4741.png,4.0_3.0,18,96,87,154,58,69,2
4742.png,1.0_5.0_6.0,2,33,48,92,59,46,3
4743.png,1.0_7.0_6.0,14,47,35,72,25,21,3
4744.png,4.0_6.0_9.0,1,13,16,41,28,15,3
4745.png,2.0,6,53,54,76,23,48,1
4746.png,1.0_1.0_5.0_4.0,11,76,81,225,149,70,4
4747.png,1.0_6.0,7,31,34,53,22,27,2
4748.png,1.0_5.0_4.0,9,43,57,98,55,48,3
4749.png,2.0,7,50,51,68,18,44,1
475.png,1.0_10.0_6.0,18,81,79,158,77,61,3
4750.png,2.0_10.0_10.0,29,67,59,110,43,30,3
4751.png,9.0,4,19,24,34,15,20,1
4752.png,3.0_8.0,2,33,43,73,40,41,2
4753.png,1.0_9.0,3,40,44,71,31,41,2
4754.png,2.0_3.0,5,22,22,38,16,17,2
4755.png,3.0_7.0,30,92,53,111,19,23,2
4756.png,4.0_4.0,28,107,54,129,22,26,2
4757.png,2.0_3.0,6,56,79,129,73,73,2
4758.png,2.0_2.0_10.0,4,34,35,96,62,31,3
4759.png,2.0_6.0,4,24,27,40,16,23,2
476.png,1.0_9.0_8.0_3.0,2,15,18,52,37,16,4
4760.png,6.0_4.0,10,55,71,133,78,61,2
4761.png,7.0_1.0,8,51,62,122,71,54,2
4762.png,1.0_9.0_6.0_9.0,5,19,24,38,19,19,4
4763.png,4.0_10.0_4.0,35,119,122,262,143,87,3
4764.png,3.0,12,47,57,72,25,45,1
4765.png,2.0_10.0_1.0_5.0,2,12,16,38,26,14,4
4766.png,1.0_10.0,5,24,36,50,26,31,2
4767.png,2.0_3.0_9.0_10.0,1,12,14,40,28,13,4
4768.png,4.0_10.0_3.0_6.0,9,15,70,127,112,61,4
4769.png,4.0_6.0,2,18,23,37,19,21,2
477.png,3.0_1.0_10.0_6.0,7,2,63,85,83,56,4
4770.png,2.0_9.0_4.0,2,14,15,36,22,13,3
4771.png,1.0_2.0_5.0,11,53,55,94,41,44,3
4772.png,2.0_3.0_2.0_6.0,1,18,17,66,48,16,4
4773.png,1.0_4.0,17,75,67,111,36,50,2
4774.png,1.0_3.0,19,67,59,101,34,40,2
4775.png,1.0_1.0_9.0,12,47,40,73,26,28,3
4776.png,1.0_8.0_5.0,3,24,33,57,33,30,3
4777.png,7.0_1.0,4,21,28,41,20,24,2
4778.png,2.0_10.0,1,57,69,110,53,68,2
4779.png,5.0_9.0,1,17,21,32,15,20,2
478.png,3.0_2.0,2,12,15,23,11,13,2
4780.png,9.0,6,46,35,69,23,29,1
4781.png,5.0_10.0_7.0,80,113,121,166,53,41,3
4782.png,2.0_7.0_9.0,3,17,16,33,16,13,3
4783.png,4.0,4,25,17,36,11,13,1
4784.png,6.0_4.0,13,39,35,54,15,22,2
4785.png,2.0_9.0_7.0_7.0,23,51,45,90,39,22,4
4786.png,3.0_7.0,1,27,33,67,40,32,2
4787.png,4.0_5.0,23,113,110,221,108,87,2
4788.png,3.0,1,11,13,18,7,12,1
4789.png,6.0_1.0,14,62,54,92,30,40,2
479.png,3.0_10.0,1,36,44,79,43,43,2
4790.png,7.0,8,35,26,46,11,18,1
4791.png,2.0_5.0_8.0,5,44,66,120,76,61,3
4792.png,8.0_1.0,13,69,71,102,33,58,2
4793.png,2.0,13,49,43,66,17,30,1
4794.png,3.0_5.0,14,64,72,136,72,58,2
4795.png,1.0_5.0_8.0,12,39,38,69,30,26,3
4796.png,3.0_1.0,7,40,53,84,44,46,2
4797.png,1.0_1.0_4.0,1,24,26,37,13,25,3
4798.png,1.0_10.0,18,137,186,276,139,168,2
4799.png,2.0_7.0_10.0,25,100,66,139,39,41,3
48.png,4.0_6.0,17,74,70,132,58,53,2
480.png,2.0_8.0_6.0,4,33,36,60,27,32,3
4800.png,3.0,5,49,50,68,19,45,1
4801.png,9.0_5.0,8,43,39,79,36,31,2
4802.png,2.0_9.0,1,12,15,31,19,14,2
4803.png,6.0_2.0_5.0,54,197,87,225,28,33,3
4804.png,4.0_6.0,1,38,43,73,35,42,2
4805.png,6.0_9.0,10,44,36,60,16,26,2
4806.png,3.0_3.0,17,68,75,139,71,58,2
4807.png,1.0_3.0,4,25,29,41,16,25,2
4808.png,5.0,1,24,27,34,10,26,1
4809.png,3.0_10.0,1,21,21,36,15,20,2
481.png,5.0_8.0_3.0,17,130,49,180,50,32,3
4810.png,2.0_5.0_8.0_3.0,4,28,39,104,76,35,4
4811.png,3.0_1.0_9.0,5,32,38,70,38,33,3
4812.png,7.0_2.0,43,74,90,120,46,47,2
4813.png,2.0_4.0_5.0_4.0,1,18,21,71,53,20,4
4814.png,1.0_10.0,14,25,82,85,60,68,2
4815.png,3.0_8.0,12,33,40,63,30,28,2
4816.png,4.0,10,68,61,86,18,51,1
4817.png,7.0_7.0,9,33,40,62,29,31,2
4818.png,7.0_1.0_2.0,33,100,54,130,30,21,3
4819.png,1.0_2.0,10,57,65,132,75,55,2
482.png,1.0_5.0_1.0_4.0,3,20,27,50,30,24,4
4820.png,1.0_5.0,1,18,25,31,13,24,2
4821.png,1.0_10.0,6,39,44,71,32,38,2
4822.png,2.0_10.0,17,47,47,80,33,30,2
4823.png,9.0_1.0,7,35,38,66,31,31,2
4824.png,1.0_10.0,10,60,81,116,56,71,2
4825.png,6.0_1.0_8.0,28,113,120,219,106,92,3
4826.png,4.0_9.0,7,44,49,84,40,42,2
4827.png,4.0_8.0,15,74,52,114,40,37,2
4828.png,4.0_4.0_10.0_3.0,9,44,45,133,89,36,4
4829.png,1.0_5.0,8,40,44,68,28,36,2
483.png,2.0_5.0,1,20,27,39,19,26,2
4830.png,1.0_10.0,1,9,12,20,11,11,2
4831.png,3.0_1.0_9.0,8,24,28,47,23,20,3
4832.png,1.0_2.0_4.0,13,46,48,68,22,35,3
4833.png,5.0_2.0_7.0,5,28,27,61,33,22,3
4834.png,3.0_6.0,35,94,86,144,50,51,2
4835.png,3.0_1.0,6,17,19,29,12,13,2
4836.png,9.0_7.0,10,56,67,103,47,57,2
4837.png,1.0_2.0_9.0,2,34,47,64,30,45,3
4838.png,3.0_8.0_5.0_5.0,6,0,32,52,52,26,4
4839.png,3.0,2,21,23,35,14,21,1
484.png,1.0_1.0_3.0,8,26,32,64,38,24,3
4840.png,3.0_8.0,1,20,24,50,30,23,2
4841.png,8.0_6.0,8,35,46,70,35,38,2
4842.png,8.0,5,57,80,104,47,75,1
4843.png,1.0_3.0_2.0,4,30,35,66,36,31,3
4844.png,1.0,6,43,48,66,23,42,1
4845.png,1.0_7.0_2.0,9,57,68,127,70,59,3
4846.png,4.0_4.0,5,23,84,102,79,79,2
4847.png,2.0_2.0,5,36,36,73,37,31,2
4848.png,3.0_3.0,1,17,19,30,13,18,2
4849.png,6.0_5.0_10.0,8,41,36,84,43,28,3
485.png,3.0_10.0_3.0,40,39,64,67,28,24,3
4850.png,5.0_6.0_2.0,30,125,60,166,41,30,3
4851.png,7.0,8,39,41,60,21,33,1
4852.png,6.0,7,32,33,46,14,26,1
4853.png,1.0_5.0,3,27,29,43,16,26,2
4854.png,6.0_8.0,4,33,32,64,31,28,2
4855.png,5.0,1,29,30,51,22,29,1
4856.png,5.0_6.0,8,51,55,105,54,47,2
4857.png,7.0_3.0,2,17,19,34,17,17,2
4858.png,7.0_10.0,4,29,26,47,18,22,2
4859.png,1.0_9.0_4.0_10.0,34,124,101,169,45,67,4
486.png,1.0_9.0,26,79,72,125,46,46,2
4860.png,4.0,18,77,37,91,14,19,1
4861.png,4.0_1.0,9,32,35,54,22,26,2
4862.png,4.0_4.0,7,18,19,37,19,12,2
4863.png,5.0_9.0,3,14,16,29,15,13,2
4864.png,3.0_9.0_9.0,8,49,47,97,48,39,3
4865.png,8.0_1.0,3,23,24,38,15,21,2
4866.png,9.0,10,61,60,88,27,50,1
4867.png,7.0_2.0,2,35,44,88,53,42,2
4868.png,1.0_10.0_4.0,2,17,19,37,20,17,3
4869.png,2.0_2.0_5.0,18,64,44,102,38,26,3
487.png,4.0,18,55,48,70,15,30,1
4870.png,3.0_5.0,4,47,64,123,76,60,2
4871.png,4.0_2.0,25,130,64,154,24,39,2
4872.png,1.0_4.0_8.0,7,45,51,95,50,44,3
4873.png,1.0_1.0_6.0_10.0,89,105,135,177,72,46,4
4874.png,3.0,3,25,27,36,11,24,1
4875.png,1.0_6.0,1,15,17,29,14,16,2
4876.png,4.0_9.0,3,23,30,52,29,27,2
4877.png,2.0_2.0_3.0,53,133,106,212,79,53,3
4878.png,1.0_7.0_10.0,1,23,30,59,36,29,3
4879.png,1.0_2.0_8.0,8,35,40,69,34,32,3
488.png,9.0_7.0,20,91,86,146,55,66,2
4880.png,2.0,13,56,69,84,28,56,1
4881.png,8.0_3.0,3,42,52,99,57,49,2
4882.png,7.0_9.0,6,51,57,92,41,51,2
4883.png,7.0,9,38,46,58,20,37,1
4884.png,1.0,1,12,13,18,6,12,1
4885.png,1.0_9.0,11,51,64,78,27,53,2
4886.png,4.0,9,56,66,98,42,57,1
4887.png,7.0,1,13,14,21,8,13,1
4888.png,1.0_2.0,3,40,46,66,26,43,2
4889.png,4.0_2.0,2,28,31,48,20,29,2
489.png,4.0,4,16,23,28,12,19,1
4890.png,1.0_8.0,5,38,53,80,42,48,2
4891.png,1.0_3.0_6.0,21,95,91,161,66,70,3
4892.png,1.0_10.0,3,52,64,110,58,61,2
4893.png,4.0_3.0,1,14,16,27,13,15,2
4894.png,2.0_3.0_5.0,5,36,41,87,51,36,3
4895.png,1.0_3.0,5,27,30,46,19,25,2
4896.png,3.0_10.0,3,23,24,47,24,21,2
4897.png,1.0,5,33,33,37,4,28,1
4898.png,5.0_6.0,7,32,32,46,14,25,2
4899.png,3.0,5,23,24,31,8,19,1
49.png,8.0_1.0_7.0,15,65,63,160,95,48,3
490.png,4.0_1.0,6,48,66,87,39,60,2
4900.png,1.0_1.0_8.0,19,89,84,171,82,65,3
4901.png,3.0_1.0,3,22,22,38,16,19,2
4902.png,6.0_4.0_2.0,1,17,20,45,28,19,3
4903.png,1.0,2,26,32,41,15,30,1
4904.png,1.0_6.0,6,26,32,58,32,26,2
4905.png,5.0,30,104,81,129,25,51,1
4906.png,1.0_3.0_1.0_1.0,4,27,34,82,55,30,4
4907.png,1.0_1.0_10.0,3,24,28,52,28,25,3
4908.png,1.0_2.0,4,19,21,31,12,17,2
4909.png,4.0,6,35,53,58,23,47,1
491.png,2.0,1,13,14,20,7,13,1
4910.png,5.0,6,25,24,30,5,18,1
4911.png,7.0_8.0_2.0,53,169,135,294,125,82,3
4912.png,5.0_6.0,3,21,26,41,20,23,2
4913.png,1.0_8.0_2.0,3,26,26,51,25,23,3
4914.png,4.0_5.0,18,94,91,164,70,73,2
4915.png,2.0_5.0_9.0,6,35,42,63,28,36,3
4916.png,5.0_7.0,3,33,35,64,31,32,2
4917.png,1.0_9.0,1,21,24,44,23,23,2
4918.png,5.0_9.0,7,37,45,69,32,38,2
4919.png,1.0_7.0,8,75,83,128,53,75,2
492.png,3.0,12,45,37,58,13,25,1
4920.png,1.0_2.0,2,21,27,47,26,25,2
4921.png,6.0_4.0,4,27,25,50,23,21,2
4922.png,2.0_5.0,1,16,21,40,24,20,2
4923.png,4.0_1.0_3.0,15,64,57,111,47,42,3
4924.png,3.0_3.0,9,48,54,98,50,45,2
4925.png,4.0_8.0_10.0,1,20,25,46,26,24,3
4926.png,7.0_2.0,27,70,49,88,18,22,2
4927.png,3.0_5.0_5.0,9,53,44,80,27,35,3
4928.png,3.0_8.0,3,22,20,41,19,17,2
4929.png,5.0,4,22,24,35,13,20,1
493.png,6.0,5,33,40,56,23,35,1
4930.png,5.0_2.0,4,28,32,57,29,28,2
4931.png,2.0_3.0,2,33,41,56,23,39,2
4932.png,1.0_7.0,3,28,34,45,17,31,2
4933.png,5.0_8.0,15,70,69,134,64,54,2
4934.png,3.0,1,20,21,32,12,20,1
4935.png,1.0_10.0_5.0,10,34,37,76,42,27,3
4936.png,8.0,4,43,22,51,8,18,1
4937.png,4.0_3.0,3,40,46,88,48,43,2
4938.png,1.0,8,53,43,67,14,35,1
4939.png,2.0_1.0_8.0,1,15,19,39,24,18,3
494.png,1.0_3.0_8.0,8,35,37,60,25,29,3
4940.png,4.0_10.0,27,229,86,285,56,59,2
4941.png,2.0_6.0,7,39,44,75,36,37,2
4942.png,5.0_1.0,2,22,22,35,13,20,2
4943.png,1.0_2.0,10,36,33,61,25,23,2
4944.png,9.0,9,89,110,145,56,101,1
4945.png,5.0_10.0,6,31,40,59,28,34,2
4946.png,1.0_6.0,4,35,31,53,18,27,2
4947.png,2.0_7.0_5.0,19,67,46,112,45,27,3
4948.png,2.0_2.0,24,49,51,87,38,27,2
4949.png,6.0_3.0,11,38,38,63,25,27,2
495.png,3.0_7.0,8,49,56,116,67,48,2
4950.png,3.0_6.0_4.0,5,33,44,77,44,39,3
4951.png,5.0_2.0_1.0,2,24,30,54,30,28,3
4952.png,3.0_10.0,10,39,38,65,26,28,2
4953.png,1.0_2.0_3.0,26,92,61,129,37,35,3
4954.png,8.0_10.0_3.0,10,47,53,100,53,43,3
4955.png,2.0_9.0,2,37,48,83,46,46,2
4956.png,5.0_9.0,6,38,46,77,39,40,2
4957.png,1.0_1.0,2,17,17,29,12,15,2
4958.png,7.0_7.0,4,27,29,46,19,25,2
4959.png,6.0_5.0_10.0,4,23,24,46,23,20,3
496.png,7.0_1.0,5,38,42,64,26,37,2
4960.png,4.0_4.0,1,23,26,43,20,25,2
4961.png,1.0_2.0_7.0,99,158,142,211,53,43,3
4962.png,4.0_9.0,7,39,43,69,30,36,2
4963.png,2.0_4.0,3,23,32,60,37,29,2
4964.png,1.0_7.0,2,18,24,40,22,22,2
4965.png,4.0_5.0,2,29,40,53,24,38,2
4966.png,1.0_1.0,8,52,65,93,41,57,2
4967.png,1.0_5.0,5,32,41,64,32,36,2
4968.png,2.0_1.0,10,34,33,53,19,23,2
4969.png,5.0,12,75,95,113,38,83,1
497.png,4.0_1.0_10.0,86,134,129,203,69,43,3
4970.png,1.0_2.0,17,63,69,114,51,52,2
4971.png,1.0_2.0_7.0,10,77,88,160,83,78,3
4972.png,8.0_9.0,1,15,14,32,17,13,2
4973.png,3.0_8.0,1,20,23,36,16,22,2
4974.png,2.0,14,39,41,59,20,27,1
4975.png,6.0_7.0,1,12,16,28,16,15,2
4976.png,7.0_3.0_7.0,96,242,130,287,45,34,3
4977.png,6.0_9.0,5,30,33,57,27,28,2
4978.png,8.0_8.0,7,28,23,42,14,16,2
4979.png,3.0_10.0,4,29,37,56,27,33,2
498.png,1.0_1.0,4,34,46,66,32,42,2
4980.png,3.0_2.0,6,32,37,56,24,31,2
4981.png,2.0_4.0_6.0,5,28,40,90,62,35,3
4982.png,1.0_10.0,5,36,36,61,25,31,2
4983.png,1.0_10.0_2.0,2,35,39,83,48,37,3
4984.png,1.0,13,71,92,108,37,79,1
4985.png,1.0_10.0,5,40,41,65,25,36,2
4986.png,9.0_7.0,1,36,32,54,18,31,2
4987.png,2.0_4.0_7.0,19,103,94,198,95,75,3
4988.png,1.0_2.0_9.0_3.0,9,44,41,77,33,32,4
4989.png,6.0,1,13,13,22,9,12,1
499.png,1.0_5.0,13,62,68,94,32,55,2
4990.png,3.0_1.0_6.0,22,134,113,249,115,91,3
4991.png,4.0_6.0_3.0,20,171,68,209,38,48,3
4992.png,9.0_6.0,5,21,18,37,16,13,2
4993.png,3.0_3.0_5.0,8,34,41,74,40,33,3
4994.png,1.0_1.0_10.0,4,30,34,71,41,30,3
4995.png,1.0_4.0_1.0,10,37,31,59,22,21,3
4996.png,1.0,2,8,11,20,12,9,1
4997.png,1.0_6.0,5,32,34,59,27,29,2
4998.png,4.0,3,24,21,34,10,18,1
4999.png,1.0_7.0,2,19,26,34,15,24,2
5.png,3.0_1.0,7,52,56,89,37,49,2
50.png,1.0_10.0_3.0,17,58,53,110,52,36,3
500.png,6.0_6.0_10.0,19,74,64,151,77,45,3
5000.png,2.0_4.0_7.0,16,147,92,246,99,76,3
5001.png,3.0_4.0_7.0,27,65,62,101,36,35,3
5002.png,2.0_7.0_10.0_6.0,7,33,34,90,57,27,4
5003.png,1.0_1.0_8.0,6,32,35,62,30,29,3
5004.png,8.0_8.0,4,31,41,60,29,37,2
5005.png,1.0_10.0,2,22,23,39,17,21,2
5006.png,6.0_7.0,5,16,32,42,26,27,2
5007.png,8.0_1.0,23,79,63,102,23,40,2
5008.png,1.0_7.0,6,29,33,48,19,27,2
5009.png,6.0,3,30,37,51,21,34,1
501.png,5.0_8.0,7,84,64,122,38,57,2
5010.png,1.0_9.0_3.0_10.0,1,18,23,60,42,22,4
5011.png,2.0,2,19,22,35,16,20,1
5012.png,5.0_10.0,4,24,32,46,22,28,2
5013.png,1.0_8.0_9.0,3,23,27,48,25,24,3
5014.png,1.0_1.0,33,91,104,143,52,71,2
5015.png,5.0,2,38,44,60,22,42,1
5016.png,3.0_4.0,2,27,29,52,25,27,2
5017.png,2.0,5,41,49,60,19,44,1
5018.png,2.0_1.0_4.0,9,56,53,121,65,44,3
5019.png,7.0,12,70,54,110,40,42,1
502.png,8.0_10.0,3,24,22,39,15,19,2
5020.png,4.0_9.0,6,34,38,92,58,32,2
5021.png,1.0_6.0,2,16,23,43,27,21,2
5022.png,6.0_2.0,3,30,35,43,13,32,2
5023.png,2.0_1.0,5,25,25,42,17,20,2
5024.png,1.0_5.0,10,30,29,56,26,19,2
5025.png,2.0_8.0_9.0,3,17,24,43,26,21,3
5026.png,4.0_3.0,4,47,54,82,35,50,2
5027.png,2.0_4.0_1.0,16,97,47,128,31,31,3
5028.png,1.0_4.0_10.0,17,83,77,141,58,60,3
5029.png,3.0_4.0_10.0,28,138,70,207,69,42,3
503.png,1.0_9.0_2.0,12,58,54,113,55,42,3
5030.png,1.0,3,20,26,27,7,23,1
5031.png,4.0_9.0_4.0,1,15,19,46,31,18,3
5032.png,1.0_3.0_10.0,7,43,36,70,27,29,3
5033.png,3.0_5.0,3,25,25,41,16,22,2
5034.png,7.0_7.0,2,28,36,74,46,34,2
5035.png,4.0_3.0_7.0,41,246,85,309,63,44,3
5036.png,4.0_3.0,1,23,25,45,22,24,2
5037.png,1.0_4.0_3.0,17,58,60,109,51,43,3
5038.png,1.0_10.0,3,20,20,35,15,17,2
5039.png,3.0,4,31,25,43,12,21,1
504.png,9.0_8.0,10,58,57,94,36,47,2
5040.png,1.0_10.0_2.0,4,42,62,105,63,58,3
5041.png,3.0_9.0,2,17,24,35,18,22,2
5042.png,5.0,21,73,69,93,20,48,1
5043.png,3.0_1.0,6,27,33,60,33,27,2
5044.png,9.0,1,19,27,35,16,26,1
5045.png,4.0_4.0_1.0_9.0,1,13,15,46,33,14,4
5046.png,3.0_3.0,7,32,25,52,20,18,2
5047.png,2.0_7.0_3.0_8.0,1,19,23,62,43,22,4
5048.png,7.0_10.0_10.0,7,137,73,212,75,66,3
5049.png,6.0_3.0,20,73,49,95,22,29,2
505.png,2.0_7.0,5,33,40,86,53,35,2
5050.png,2.0,9,37,43,54,17,34,1
5051.png,4.0_5.0,13,34,33,53,19,20,2
5052.png,3.0_6.0,8,38,52,77,39,44,2
5053.png,7.0,4,25,18,31,6,14,1
5054.png,3.0_3.0_6.0,10,43,49,113,70,39,3
5055.png,1.0_7.0_3.0,14,58,77,146,88,63,3
5056.png,3.0_1.0,8,32,31,55,23,23,2
5057.png,7.0_4.0_3.0_5.0,11,47,49,101,54,38,4
5058.png,1.0_7.0,2,16,18,30,14,16,2
5059.png,7.0,17,69,83,119,50,66,1
506.png,3.0_7.0_10.0,35,186,110,295,109,75,3
5060.png,3.0_4.0_7.0,4,32,35,74,42,31,3
5061.png,4.0_10.0,20,70,61,118,48,41,2
5062.png,2.0_4.0_3.0,1,20,23,47,27,22,3
5063.png,2.0_9.0,4,20,32,38,18,28,2
5064.png,8.0_10.0,13,32,35,53,21,22,2
5065.png,4.0_10.0,4,27,35,57,30,31,2
5066.png,2.0_6.0_10.0,15,75,62,133,58,47,3
5067.png,1.0_3.0_9.0,72,183,107,225,42,35,3
5068.png,8.0_3.0,5,38,37,74,36,32,2
5069.png,8.0_9.0_7.0,19,77,49,143,66,30,3
507.png,8.0,12,53,47,72,19,35,1
5070.png,8.0_3.0,3,19,22,39,20,19,2
5071.png,3.0_5.0,31,167,179,303,136,148,2
5072.png,2.0_1.0,2,28,31,56,28,29,2
5073.png,2.0,11,56,57,80,24,46,1
5074.png,9.0,2,25,30,42,17,28,1
5075.png,4.0_7.0_10.0,28,99,68,158,59,40,3
5076.png,2.0_7.0_4.0,1,10,13,30,20,12,3
5077.png,1.0_9.0_10.0,9,41,31,79,38,22,3
5078.png,4.0_4.0,5,32,40,63,31,35,2
5079.png,5.0_7.0,1,25,29,46,21,28,2
508.png,1.0_10.0_1.0_10.0,15,63,66,117,54,51,4
5080.png,8.0_4.0_5.0,5,31,27,65,34,22,3
5081.png,1.0_4.0,4,29,30,60,31,26,2
5082.png,2.0_6.0_6.0_2.0,4,20,17,46,26,13,4
5083.png,7.0_10.0,43,98,87,131,33,44,2
5084.png,5.0_4.0,5,37,38,74,37,33,2
5085.png,2.0,2,19,18,32,13,16,1
5086.png,1.0_10.0,1,23,26,41,18,25,2
5087.png,8.0_4.0,3,20,20,46,26,17,2
5088.png,2.0_5.0,10,50,66,86,36,56,2
5089.png,6.0_9.0,6,23,23,42,19,17,2
509.png,2.0_8.0_4.0,12,68,75,196,128,63,3
5090.png,4.0_7.0,5,25,31,53,28,26,2
5091.png,9.0,2,16,19,26,10,17,1
5092.png,2.0_2.0,1,13,18,30,17,17,2
5093.png,4.0_8.0,10,52,50,92,40,40,2
5094.png,5.0_6.0,2,41,47,75,34,45,2
5095.png,4.0_7.0,8,27,26,42,15,18,2
5096.png,3.0_1.0,1,18,15,30,12,14,2
5097.png,3.0_4.0,1,19,23,42,23,22,2
5098.png,2.0_8.0,2,31,33,48,17,31,2
5099.png,5.0_8.0,10,38,49,64,26,39,2
51.png,9.0_1.0,7,47,54,75,28,47,2
510.png,7.0_7.0,7,28,25,46,18,18,2
5100.png,3.0_8.0,6,39,45,69,30,39,2
5101.png,2.0_5.0,3,14,16,25,11,13,2
5102.png,4.0_2.0,5,30,34,52,22,29,2
5103.png,2.0_9.0,5,41,39,66,25,34,2
5104.png,3.0_6.0,17,54,45,71,17,28,2
5105.png,1.0_10.0_2.0,7,33,38,68,35,31,3
5106.png,1.0_9.0_7.0,5,21,25,45,24,20,3
5107.png,4.0,6,30,33,52,22,27,1
5108.png,6.0,16,89,81,124,35,65,1
5109.png,3.0_10.0_1.0,5,53,61,121,68,56,3
511.png,4.0_10.0,9,43,48,71,28,39,2
5110.png,6.0,6,29,29,39,10,23,1
5111.png,1.0_7.0,3,19,17,35,16,14,2
5112.png,5.0,3,18,16,25,7,13,1
5113.png,1.0_2.0,17,64,43,95,31,26,2
5114.png,2.0_3.0_6.0,1,31,45,112,81,44,3
5115.png,1.0_8.0_7.0_10.0,2,20,24,60,40,22,4
5116.png,4.0_8.0,1,29,28,56,27,27,2
5117.png,2.0_7.0_8.0,10,54,57,94,40,47,3
5118.png,3.0_10.0,13,58,63,115,57,50,2
5119.png,5.0_10.0,1,11,14,25,14,13,2
512.png,4.0_6.0,6,44,65,106,62,59,2
5120.png,1.0_9.0,3,18,20,32,14,17,2
5121.png,4.0_1.0,28,61,54,78,17,26,2
5122.png,1.0_6.0,1,14,20,29,15,19,2
5123.png,1.0_10.0_2.0,10,46,57,110,64,47,3
5124.png,9.0,14,54,41,72,18,27,1
5125.png,3.0,14,71,42,86,15,28,1
5126.png,3.0_9.0_7.0,5,25,27,52,27,22,3
5127.png,3.0,12,42,46,63,21,34,1
5128.png,1.0_7.0,5,32,41,61,29,36,2
5129.png,1.0_3.0,6,36,38,57,21,32,2
513.png,1.0_2.0_4.0,5,27,23,51,24,18,3
5130.png,1.0_1.0_10.0,1,29,39,76,47,38,3
5131.png,2.0_8.0_8.0,4,32,43,94,62,39,3
5132.png,4.0_9.0,15,95,116,215,120,101,2
5133.png,3.0_5.0,3,18,20,33,15,17,2
5134.png,1.0_2.0,8,53,65,95,42,57,2
5135.png,1.0_4.0_5.0,2,19,28,51,32,26,3
5136.png,1.0_6.0,24,61,53,84,23,29,2
5137.png,6.0_4.0,12,69,74,136,67,62,2
5138.png,2.0_5.0_7.0,6,36,44,96,60,38,3
5139.png,5.0_3.0,4,34,35,64,30,31,2
514.png,2.0_7.0,5,39,47,87,48,42,2
5140.png,2.0_3.0,13,36,32,59,23,19,2
5141.png,1.0_10.0_1.0_4.0,10,36,36,88,52,26,4
5142.png,2.0_9.0,29,79,80,133,54,51,2
5143.png,2.0_10.0_3.0,9,75,88,171,96,79,3
5144.png,4.0_10.0,15,107,112,209,102,97,2
5145.png,5.0_2.0,1,16,15,28,12,14,2
5146.png,1.0_9.0_7.0,7,26,33,52,26,26,3
5147.png,6.0_5.0,11,39,34,63,24,23,2
5148.png,7.0_7.0_1.0,25,127,102,223,96,77,3
5149.png,1.0_8.0_8.0,12,50,44,90,40,32,3
515.png,3.0_3.0,55,125,119,194,69,64,2
5150.png,9.0_5.0,34,135,164,290,155,130,2
5151.png,1.0_9.0_7.0,31,76,60,131,55,29,3
5152.png,2.0_10.0,68,120,103,154,34,35,2
5153.png,7.0_1.0_2.0,14,82,69,133,51,55,3
5154.png,8.0,4,40,43,60,20,39,1
5155.png,3.0_7.0,9,42,43,86,44,34,2
5156.png,8.0_4.0,10,43,59,111,68,49,2
5157.png,2.0_3.0_1.0_9.0,4,18,21,51,33,17,4
5158.png,7.0_10.0,4,27,24,52,25,20,2
5159.png,2.0_7.0,13,62,56,100,38,43,2
516.png,1.0_1.0,2,20,23,43,23,21,2
5160.png,3.0_3.0,29,78,79,128,50,50,2
5161.png,1.0_10.0_8.0,5,46,56,102,56,51,3
5162.png,9.0,10,26,26,35,9,16,1
5163.png,1.0_5.0,1,73,101,158,85,100,2
5164.png,2.0_10.0_6.0_2.0,10,57,65,104,47,55,4
5165.png,3.0_9.0_10.0_1.0,3,15,18,41,26,15,4
5166.png,7.0,1,28,42,52,24,41,1
5167.png,2.0_5.0_5.0,5,37,48,126,89,43,3
5168.png,3.0_9.0_2.0,55,110,81,157,47,26,3
5169.png,4.0,1,12,26,34,22,25,1
517.png,1.0_1.0,6,28,32,47,19,26,2
5170.png,1.0_1.0_6.0,30,146,128,261,115,98,3
5171.png,5.0_10.0_1.0,1,18,25,39,21,24,3
5172.png,2.0_9.0,7,47,60,92,45,53,2
5173.png,5.0_2.0,3,41,57,104,63,54,2
5174.png,7.0,5,46,55,75,29,50,1
5175.png,1.0,5,16,18,24,8,13,1
5176.png,3.0_9.0,4,28,32,51,23,28,2
5177.png,8.0_5.0,14,54,52,92,38,38,2
5178.png,7.0_2.0,3,31,35,56,25,32,2
5179.png,2.0_3.0,11,34,42,66,32,31,2
518.png,4.0_1.0,23,105,91,157,52,68,2
5180.png,1.0_2.0_6.0_1.0,14,74,78,159,85,64,4
5181.png,9.0_7.0,13,36,29,48,12,16,2
5182.png,8.0_10.0,14,62,47,86,24,33,2
5183.png,1.0_1.0_10.0_5.0,15,62,57,117,55,42,4
5184.png,2.0_4.0,3,21,20,36,15,17,2
5185.png,1.0_10.0,3,16,21,36,20,18,2
5186.png,6.0_7.0,1,32,40,76,44,39,2
5187.png,2.0_3.0,38,237,119,298,61,81,2
5188.png,1.0_5.0,6,34,35,63,29,29,2
5189.png,2.0_8.0_10.0,1,15,23,46,31,22,3
519.png,1.0_10.0,2,18,23,39,21,21,2
5190.png,4.0_9.0,6,29,30,55,26,24,2
5191.png,1.0_5.0,1,18,14,26,8,13,2
5192.png,8.0_10.0,11,51,58,90,39,47,2
5193.png,1.0_5.0_2.0,15,45,42,70,25,27,3
5194.png,1.0_5.0,4,46,55,92,46,51,2
5195.png,7.0_10.0,4,43,34,63,20,30,2
5196.png,4.0_5.0,7,43,40,72,29,33,2
5197.png,1.0_6.0_1.0,2,16,20,37,21,18,3
5198.png,4.0_7.0,15,85,53,112,27,38,2
5199.png,4.0_10.0_7.0,10,48,43,83,35,33,3
52.png,3.0_5.0,11,45,50,102,57,39,2
520.png,1.0_4.0_1.0,1,14,22,49,35,21,3
5200.png,1.0,1,26,34,38,12,33,1
5201.png,1.0_7.0,5,33,36,50,17,31,2
5202.png,6.0_1.0_3.0,17,69,70,144,75,53,3
5203.png,9.0_1.0,6,48,58,109,61,52,2
5204.png,5.0_10.0,14,62,65,102,40,51,2
5205.png,4.0_2.0_5.0,37,156,75,189,33,38,3
5206.png,5.0_5.0,10,54,59,91,37,49,2
5207.png,1.0_10.0_1.0,9,55,69,105,50,60,3
5208.png,1.0_3.0_6.0_3.0,5,24,32,51,27,27,4
5209.png,3.0_6.0,5,31,38,67,36,33,2
521.png,2.0,10,59,57,85,26,47,1
5210.png,4.0_4.0,10,42,39,67,25,29,2
5211.png,3.0_9.0,15,51,62,95,44,47,2
5212.png,1.0_5.0_4.0,3,34,49,92,58,46,3
5213.png,1.0_2.0,4,25,30,52,27,26,2
5214.png,7.0_5.0,4,33,38,63,30,34,2
5215.png,1.0_10.0,4,33,37,57,24,33,2
5216.png,7.0_4.0,6,24,32,52,28,26,2
5217.png,5.0_2.0,14,60,59,101,41,45,2
5218.png,7.0,4,45,63,81,36,59,1
5219.png,6.0_8.0,1,20,23,39,19,22,2
522.png,2.0_3.0,8,33,37,60,27,29,2
5220.png,5.0_7.0,4,34,44,79,45,40,2
5221.png,7.0_2.0_5.0,1,29,46,81,52,45,3
5222.png,3.0_9.0_7.0,21,78,67,145,67,46,3
5223.png,1.0_4.0,4,19,19,29,10,15,2
5224.png,4.0,12,65,73,97,32,61,1
5225.png,3.0_5.0,1,29,33,57,28,32,2
5226.png,1.0_6.0,5,30,39,45,15,34,2
5227.png,5.0,24,108,89,135,27,65,1
5228.png,1.0_10.0_4.0,2,26,27,56,30,25,3
5229.png,6.0,4,23,26,35,12,22,1
523.png,2.0,5,23,27,35,12,22,1
5230.png,1.0_9.0,13,54,64,90,36,51,2
5231.png,1.0_7.0,4,40,54,82,42,50,2
5232.png,3.0_1.0_4.0,12,49,51,104,55,39,3
5233.png,8.0,17,59,63,72,13,46,1
5234.png,1.0_5.0_8.0,1,27,28,49,22,27,3
5235.png,7.0,5,37,42,56,19,37,1
5236.png,1.0_2.0_9.0,13,71,71,147,76,58,3
5237.png,2.0_9.0,1,22,28,46,24,27,2
5238.png,2.0_5.0,8,33,42,53,20,34,2
5239.png,3.0_5.0,1,24,24,49,25,23,2
524.png,6.0,6,26,28,37,11,22,1
5240.png,1.0_3.0_6.0,10,40,37,86,46,27,3
5241.png,9.0_10.0,5,19,21,38,19,16,2
5242.png,5.0_10.0,2,63,82,140,77,80,2
5243.png,4.0_1.0,13,38,39,63,25,26,2
5244.png,2.0_7.0_1.0_1.0,1,10,12,36,26,11,4
5245.png,3.0_3.0,15,54,46,84,30,31,2
5246.png,1.0_7.0,4,19,19,31,12,15,2
5247.png,2.0_6.0,14,62,74,95,33,60,2
5248.png,6.0_7.0,3,27,38,58,31,35,2
5249.png,2.0_4.0,14,67,69,132,65,55,2
525.png,6.0_3.0,3,20,22,39,19,19,2
5250.png,4.0_9.0,14,137,165,223,86,151,2
5251.png,2.0_3.0,1,26,24,48,22,23,2
5252.png,9.0_5.0,1,22,23,39,17,22,2
5253.png,6.0_9.0,12,33,34,52,19,22,2
5254.png,1.0_10.0,1,27,28,51,24,27,2
5255.png,3.0,6,27,27,38,11,21,1
5256.png,3.0_3.0,9,37,41,61,24,32,2
5257.png,5.0_9.0,1,37,48,102,65,47,2
5258.png,2.0_7.0,1,35,46,73,38,45,2
5259.png,3.0_5.0,8,33,38,69,36,30,2
526.png,4.0_8.0,10,31,40,61,30,30,2
5260.png,1.0_5.0,3,20,19,37,17,16,2
5261.png,1.0_3.0,7,29,28,47,18,21,2
5262.png,2.0_4.0_5.0,22,104,66,171,67,44,3
5263.png,1.0_2.0,6,22,28,45,23,22,2
5264.png,4.0_4.0_5.0,10,73,69,146,73,59,3
5265.png,3.0_5.0,3,48,68,118,70,65,2
5266.png,3.0_1.0,6,29,32,50,21,26,2
5267.png,4.0_2.0,4,21,22,39,18,18,2
5268.png,2.0_5.0,1,22,24,46,24,23,2
5269.png,2.0_7.0,2,20,23,39,19,21,2
527.png,3.0_8.0,1,13,21,30,17,20,2
5270.png,3.0_8.0,12,32,31,57,25,19,2
5271.png,9.0_2.0,2,20,17,34,14,15,2
5272.png,1.0_8.0_1.0,5,32,39,71,39,34,3
5273.png,4.0,9,48,60,83,35,51,1
5274.png,3.0_10.0,3,24,27,43,19,24,2
5275.png,5.0,2,23,23,31,8,21,1
5276.png,1.0_10.0,6,40,40,69,29,34,2
5277.png,4.0_5.0,9,54,71,122,68,62,2
5278.png,2.0_4.0,1,16,19,37,21,18,2
5279.png,1.0_9.0_6.0,8,34,35,68,34,27,3
528.png,6.0_4.0_5.0,8,69,69,131,62,61,3
5280.png,7.0_5.0,17,64,71,106,42,54,2
5281.png,8.0_3.0,1,17,19,33,16,18,2
5282.png,6.0_6.0,10,64,64,114,50,54,2
5283.png,1.0_3.0,1,19,25,43,24,24,2
5284.png,2.0_5.0_6.0,4,24,32,64,40,28,3
5285.png,3.0_1.0,1,10,13,21,11,12,2
5286.png,1.0_10.0_10.0,12,58,69,178,120,57,3
5287.png,4.0_1.0_2.0,2,17,16,40,23,14,3
5288.png,1.0_4.0_6.0_7.0,2,24,31,87,63,29,4
5289.png,7.0_9.0,6,47,60,110,63,54,2
529.png,1.0_9.0_7.0,2,23,31,48,25,29,3
5290.png,2.0_8.0,6,27,28,49,22,22,2
5291.png,1.0,2,15,16,21,6,14,1
5292.png,4.0,8,40,53,63,23,45,1
5293.png,1.0_2.0,1,15,17,33,18,16,2
5294.png,6.0_6.0,20,83,104,169,86,84,2
5295.png,3.0_5.0,4,32,41,60,28,37,2
5296.png,3.0_2.0,3,35,49,76,41,46,2
5297.png,5.0_8.0,1,21,29,49,28,28,2
5298.png,1.0_7.0_5.0_9.0,4,22,25,62,40,21,4
5299.png,1.0_3.0,6,22,34,41,19,28,2
53.png,9.0_3.0,18,160,118,260,100,100,2
530.png,3.0_1.0,18,107,46,135,28,28,2
5300.png,1.0_6.0,2,25,26,41,16,24,2
5301.png,1.0_4.0,6,32,38,57,25,32,2
5302.png,2.0_4.0_9.0,1,12,18,38,26,17,3
5303.png,1.0_6.0,1,3,13,20,17,12,2
5304.png,2.0_1.0,5,58,74,109,51,69,2
5305.png,2.0_6.0,11,46,36,71,25,25,2
5306.png,5.0,12,38,29,52,14,17,1
5307.png,2.0_7.0,5,20,24,35,15,19,2
5308.png,8.0_5.0_1.0,14,56,48,97,41,34,3
5309.png,1.0_10.0_7.0,18,71,54,103,32,36,3
531.png,4.0,5,41,52,70,29,47,1
5310.png,3.0,11,54,54,77,23,43,1
5311.png,9.0_10.0,17,135,100,201,66,83,2
5312.png,2.0_10.0_8.0,16,0,60,39,39,44,3
5313.png,2.0_6.0,16,81,77,161,80,61,2
5314.png,3.0_1.0,18,98,98,165,67,80,2
5315.png,1.0_10.0_6.0,3,16,16,33,17,13,3
5316.png,9.0,3,23,21,31,8,18,1
5317.png,1.0_4.0,7,42,46,92,50,39,2
5318.png,1.0_2.0,10,59,59,99,40,49,2
5319.png,1.0_6.0_3.0,1,55,83,156,101,82,3
532.png,2.0_4.0_2.0_1.0,8,57,63,152,95,55,4
5320.png,3.0_2.0,6,35,34,55,20,28,2
5321.png,1.0_2.0_6.0,4,67,80,194,127,76,3
5322.png,3.0_2.0_7.0,14,41,35,70,29,21,3
5323.png,4.0_7.0,1,13,16,34,21,15,2
5324.png,1.0_4.0_3.0,21,86,98,171,85,77,3
5325.png,3.0_9.0,19,132,163,274,142,144,2
5326.png,8.0_8.0,20,71,45,93,22,25,2
5327.png,9.0_6.0,9,51,61,86,35,52,2
5328.png,1.0_1.0,6,44,54,74,30,48,2
5329.png,3.0_1.0,10,43,51,79,36,41,2
533.png,3.0_3.0,6,44,58,104,60,52,2
5330.png,5.0_2.0,4,27,28,43,16,24,2
5331.png,3.0_5.0,12,47,46,73,26,34,2
5332.png,6.0_8.0,9,40,42,72,32,33,2
5333.png,1.0_1.0,5,24,29,41,17,24,2
5334.png,1.0,15,74,92,113,39,77,1
5335.png,3.0_6.0_6.0,3,37,40,91,54,37,3
5336.png,7.0_1.0_7.0,26,117,101,217,100,75,3
5337.png,1.0_10.0,3,19,23,42,23,20,2
5338.png,3.0_7.0,3,21,22,38,17,19,2
5339.png,2.0_8.0,4,31,32,55,24,28,2
534.png,5.0_10.0,43,112,155,244,132,112,2
5340.png,4.0_2.0_1.0,4,37,33,69,32,29,3
5341.png,1.0_4.0_2.0,35,115,79,169,54,44,3
5342.png,2.0,11,95,67,131,36,56,1
5343.png,2.0_6.0,20,72,69,102,30,49,2
5344.png,7.0_3.0,6,34,37,62,28,31,2
5345.png,3.0_7.0,1,16,18,29,13,17,2
5346.png,3.0_7.0,5,39,37,65,26,32,2
5347.png,3.0_8.0,3,28,32,62,34,29,2
5348.png,2.0_2.0,8,37,41,67,30,33,2
5349.png,5.0,1,24,31,41,17,30,1
535.png,5.0_1.0,4,24,24,41,17,20,2
5350.png,3.0_10.0,1,12,13,27,15,12,2
5351.png,1.0_6.0_10.0,16,77,81,156,79,65,3
5352.png,6.0_1.0,2,27,24,42,15,22,2
5353.png,2.0_3.0,8,29,33,43,14,25,2
5354.png,5.0_7.0_6.0_1.0,10,42,40,92,50,30,4
5355.png,1.0_6.0,7,38,49,72,34,42,2
5356.png,3.0_10.0,6,37,43,78,41,37,2
5357.png,2.0,1,26,31,45,19,30,1
5358.png,4.0_5.0,1,24,29,51,27,28,2
5359.png,7.0,4,38,62,87,49,58,1
536.png,1.0_9.0_1.0,2,17,17,35,18,15,3
5360.png,1.0_3.0_6.0,14,43,46,89,46,32,3
5361.png,1.0_3.0,27,91,98,141,50,71,2
5362.png,3.0_3.0,6,30,33,60,30,27,2
5363.png,1.0,11,30,29,34,4,18,1
5364.png,6.0_9.0_1.0,6,59,73,162,103,67,3
5365.png,8.0,4,29,31,46,17,27,1
5366.png,4.0_3.0,2,19,22,37,18,20,2
5367.png,1.0_3.0,6,49,45,78,29,39,2
5368.png,3.0_4.0,2,29,35,67,38,33,2
5369.png,1.0_2.0_7.0,6,27,28,58,31,22,3
537.png,4.0,3,22,25,33,11,22,1
5370.png,2.0_9.0,6,28,40,61,33,34,2
5371.png,5.0_4.0,3,22,26,38,16,23,2
5372.png,1.0_10.0,6,57,69,111,54,63,2
5373.png,9.0_3.0_5.0,16,64,67,150,86,51,3
5374.png,5.0_5.0_7.0,13,89,55,138,49,42,3
5375.png,1.0_9.0_1.0,5,22,24,50,28,19,3
5376.png,2.0_4.0,1,27,33,60,33,32,2
5377.png,1.0_2.0_10.0,1,35,35,66,31,34,3
5378.png,9.0_2.0,5,22,22,43,21,17,2
5379.png,4.0,4,27,32,44,17,28,1
538.png,5.0_1.0,6,37,37,66,29,31,2
5380.png,4.0_6.0,1,53,66,121,68,65,2
5381.png,3.0_6.0_5.0,5,33,40,83,50,35,3
5382.png,7.0_1.0,22,26,43,43,17,21,2
5383.png,4.0,3,25,21,32,7,18,1
5384.png,1.0_1.0_5.0,3,66,85,129,63,82,3
5385.png,2.0,8,26,25,34,8,17,1
5386.png,5.0,17,75,102,135,60,85,1
5387.png,8.0,1,19,24,32,13,23,1
5388.png,1.0_2.0,13,46,46,68,22,33,2
5389.png,4.0_9.0_7.0,10,36,32,67,31,22,3
539.png,1.0_1.0_7.0,22,88,58,131,43,36,3
5390.png,7.0_9.0,9,33,32,53,20,23,2
5391.png,1.0_1.0_2.0,6,37,44,72,35,38,3
5392.png,7.0_5.0,6,24,32,51,27,26,2
5393.png,3.0_10.0_6.0,3,23,28,50,27,25,3
5394.png,2.0_9.0,9,39,36,70,31,27,2
5395.png,3.0,3,30,31,51,21,28,1
5396.png,6.0_3.0,4,34,33,64,30,29,2
5397.png,5.0_7.0,1,31,33,60,29,32,2
5398.png,3.0_5.0,20,71,74,130,59,54,2
5399.png,2.0_4.0_4.0,3,38,47,86,48,44,3
54.png,1.0_1.0,8,36,55,77,41,47,2
540.png,1.0_10.0,9,40,36,60,20,27,2
5400.png,2.0_4.0,14,47,31,67,20,17,2
5401.png,1.0_8.0_2.0,10,47,58,125,78,48,3
5402.png,2.0_5.0,33,165,209,349,184,176,2
5403.png,5.0_7.0,7,26,29,45,19,22,2
5404.png,3.0_7.0_3.0,7,43,44,104,61,37,3
5405.png,1.0_6.0,10,78,100,149,71,90,2
5406.png,3.0_3.0_5.0,20,47,89,127,80,69,3
5407.png,1.0_10.0,4,27,29,48,21,25,2
5408.png,9.0_2.0,9,50,52,96,46,43,2
5409.png,1.0_4.0_3.0,1,22,21,45,23,20,3
541.png,1.0_2.0,3,25,31,40,15,28,2
5410.png,9.0_5.0,17,87,120,213,126,103,2
5411.png,2.0_1.0,7,67,68,116,49,61,2
5412.png,1.0_2.0,2,25,31,49,24,29,2
5413.png,1.0_1.0_4.0,20,78,66,129,51,46,3
5414.png,2.0_1.0_5.0_5.0,1,20,21,69,49,20,4
5415.png,2.0_5.0,1,24,74,95,71,73,2
5416.png,5.0_5.0,8,34,41,52,18,33,2
5417.png,4.0,3,21,21,31,10,18,1
5418.png,1.0_2.0_5.0,2,19,21,37,18,19,3
5419.png,8.0,6,24,22,34,10,16,1
542.png,7.0,2,19,24,32,13,22,1
5420.png,1.0_3.0_10.0_10.0,16,84,84,158,74,68,4
5421.png,2.0_1.0_4.0,14,81,82,185,104,68,3
5422.png,1.0_10.0,1,23,26,45,22,25,2
5423.png,1.0_1.0_4.0,3,26,29,56,30,26,3
5424.png,9.0_8.0,1,15,16,31,16,15,2
5425.png,5.0_2.0_5.0,3,21,21,34,13,18,3
5426.png,3.0_8.0_1.0,7,27,30,50,23,23,3
5427.png,2.0_10.0_10.0,21,118,144,261,143,123,3
5428.png,4.0_9.0,13,44,42,62,18,29,2
5429.png,2.0_5.0_3.0,16,84,55,151,67,39,3
543.png,3.0_1.0_6.0,1,18,24,48,30,23,3
5430.png,9.0_5.0_1.0,42,128,107,192,64,65,3
5431.png,3.0_1.0_9.0,20,67,51,105,38,31,3
5432.png,8.0,10,60,76,94,34,66,1
5433.png,2.0_2.0,4,32,40,75,43,36,2
5434.png,8.0_4.0,3,20,25,46,26,22,2
5435.png,3.0_2.0,12,41,39,70,29,27,2
5436.png,1.0_1.0,11,45,45,77,32,34,2
5437.png,3.0_6.0,6,25,28,54,29,22,2
5438.png,7.0,5,29,27,39,10,22,1
5439.png,4.0,8,54,76,86,32,68,1
544.png,1.0_6.0_4.0,7,39,39,90,51,32,3
5440.png,7.0,6,38,52,67,29,46,1
5441.png,1.0_10.0_6.0_8.0,56,35,98,108,73,42,4
5442.png,2.0_6.0_9.0_5.0,1,19,22,66,47,21,4
5443.png,2.0_10.0_9.0,5,29,32,66,37,27,3
5444.png,5.0_6.0,27,88,72,131,43,45,2
5445.png,5.0_5.0,8,54,71,102,48,63,2
5446.png,5.0_4.0,3,37,39,67,30,36,2
5447.png,2.0_3.0_3.0,4,32,36,80,48,32,3
5448.png,3.0_1.0,59,150,106,194,44,47,2
5449.png,4.0_7.0,4,20,23,28,8,19,2
545.png,1.0_7.0,17,68,71,112,44,54,2
5450.png,1.0,3,16,22,24,8,19,1
5451.png,9.0_9.0,3,22,19,37,15,16,2
5452.png,7.0_9.0_10.0,48,137,114,220,83,66,3
5453.png,9.0_5.0,1,19,23,45,26,22,2
5454.png,2.0_10.0_1.0,19,71,47,103,32,28,3
5455.png,4.0_8.0,1,34,46,80,46,45,2
5456.png,1.0_10.0,1,38,45,70,32,44,2
5457.png,2.0_6.0,18,70,62,130,60,44,2
5458.png,1.0_2.0_10.0,22,58,53,100,42,31,3
5459.png,3.0_9.0,5,36,43,72,36,38,2
546.png,1.0_4.0_4.0,20,94,77,189,95,57,3
5460.png,4.0_2.0,2,21,27,46,25,25,2
5461.png,1.0_4.0,8,49,78,130,81,70,2
5462.png,3.0,4,41,38,58,17,34,1
5463.png,6.0,5,39,50,65,26,45,1
5464.png,1.0_7.0_2.0,5,21,20,37,16,15,3
5465.png,1.0_1.0_5.0,20,70,73,122,52,53,3
5466.png,2.0_5.0_7.0,5,42,34,87,45,29,3
5467.png,3.0_9.0,1,47,73,103,56,72,2
5468.png,1.0_10.0,3,42,62,103,61,59,2
5469.png,4.0_5.0,5,44,55,85,41,50,2
547.png,3.0_3.0,7,41,41,85,44,34,2
5470.png,1.0_1.0,8,29,30,45,16,22,2
5471.png,9.0,23,97,112,134,37,89,1
5472.png,1.0_5.0_7.0,2,30,36,69,39,34,3
5473.png,5.0_7.0_5.0,22,103,110,169,66,88,3
5474.png,7.0_1.0,2,19,22,34,15,20,2
5475.png,1.0_1.0_5.0,21,78,93,171,93,72,3
5476.png,1.0_3.0_2.0,4,23,25,45,22,21,3
5477.png,9.0_3.0,1,21,27,46,25,26,2
5478.png,2.0_7.0,2,13,17,27,14,15,2
5479.png,7.0_6.0,15,63,66,134,71,51,2
548.png,3.0_10.0,10,45,37,85,40,27,2
5480.png,6.0_2.0,1,37,53,102,65,52,2
5481.png,3.0_8.0,3,22,27,42,20,24,2
5482.png,1.0_4.0,1,16,20,33,17,19,2
5483.png,2.0,9,29,30,39,10,21,1
5484.png,3.0_3.0,6,51,59,82,31,53,2
5485.png,1.0_1.0_10.0,25,102,80,150,48,55,3
5486.png,2.0_2.0,18,46,46,66,20,28,2
5487.png,3.0_10.0,7,55,71,103,48,64,2
5488.png,6.0_8.0,3,14,18,32,18,15,2
5489.png,1.0_10.0_8.0,6,33,47,87,54,41,3
549.png,4.0_7.0,1,35,39,61,26,38,2
5490.png,8.0,7,27,37,42,15,30,1
5491.png,8.0,10,37,41,50,13,31,1
5492.png,6.0_7.0,2,26,29,49,23,27,2
5493.png,5.0,4,20,22,30,10,18,1
5494.png,1.0_4.0,2,18,18,26,8,16,2
5495.png,1.0,4,19,18,24,5,14,1
5496.png,3.0_3.0_2.0,5,36,31,82,46,26,3
5497.png,1.0_2.0,4,32,29,51,19,25,2
5498.png,2.0_1.0,1,27,41,55,28,40,2
5499.png,1.0_9.0_5.0,8,38,42,70,32,34,3
55.png,1.0_1.0_3.0_7.0,26,116,64,168,52,38,4
550.png,3.0_1.0,5,35,40,52,17,35,2
5500.png,2.0,3,37,42,60,23,39,1
5501.png,9.0,1,22,27,36,14,26,1
5502.png,3.0_5.0,10,33,34,56,23,24,2
5503.png,6.0_5.0,3,64,90,175,111,87,2
5504.png,9.0,1,18,19,24,6,18,1
5505.png,3.0_10.0_4.0,18,78,86,204,126,68,3
5506.png,3.0,6,36,37,49,13,31,1
5507.png,2.0_1.0_1.0,2,16,18,31,15,16,3
5508.png,2.0_7.0,8,38,47,61,23,39,2
5509.png,1.0_10.0,8,38,30,64,26,22,2
551.png,2.0,21,110,89,135,25,68,1
5510.png,2.0_2.0,4,24,25,48,24,21,2
5511.png,1.0_3.0_2.0_2.0,12,58,59,186,128,47,4
5512.png,10.0,4,55,51,74,19,47,1
5513.png,1.0_1.0_7.0,6,48,37,85,37,31,3
5514.png,1.0_5.0_5.0,41,131,81,182,51,40,3
5515.png,1.0_10.0,5,33,34,76,43,29,2
5516.png,3.0_10.0,6,37,42,80,43,36,2
5517.png,4.0_4.0,5,49,55,87,38,50,2
5518.png,3.0,1,17,17,26,9,16,1
5519.png,1.0_1.0_2.0,15,86,68,136,50,53,3
552.png,1.0_10.0_7.0,52,96,88,136,40,36,3
5520.png,4.0,3,20,15,32,12,12,1
5521.png,7.0,3,21,22,32,11,19,1
5522.png,2.0_9.0,10,55,60,99,44,50,2
5523.png,1.0_8.0_5.0,2,14,17,39,25,15,3
5524.png,8.0_10.0_1.0,1,1,24,40,39,23,3
5525.png,3.0_4.0_2.0,13,47,31,82,35,18,3
5526.png,1.0_10.0,12,45,38,76,31,26,2
5527.png,1.0_2.0,1,20,19,35,15,18,2
5528.png,1.0_7.0,1,22,20,42,20,19,2
5529.png,1.0_1.0_5.0,2,43,58,96,53,56,3
553.png,8.0_1.0,3,20,24,33,13,21,2
5530.png,8.0_7.0,6,31,37,59,28,31,2
5531.png,1.0_6.0_2.0,1,14,18,38,24,17,3
5532.png,7.0,3,29,36,48,19,33,1
5533.png,2.0_1.0_9.0,5,23,22,38,15,17,3
5534.png,1.0_2.0_10.0,5,26,26,46,20,21,3
5535.png,5.0_2.0,4,21,23,50,29,19,2
5536.png,1.0_4.0_9.0_3.0,4,23,27,51,28,23,4
5537.png,4.0,7,24,22,31,7,15,1
5538.png,3.0_9.0,5,33,43,71,38,38,2
5539.png,1.0_5.0_10.0,7,47,49,98,51,42,3
554.png,6.0,10,37,53,65,28,43,1
5540.png,1.0_2.0,1,22,16,38,16,15,2
5541.png,4.0_2.0_2.0,15,91,88,169,78,73,3
5542.png,1.0_1.0,8,83,96,142,59,88,2
5543.png,1.0_8.0,15,135,53,177,42,38,2
5544.png,3.0_2.0_5.0,6,26,25,51,25,19,3
5545.png,3.0_5.0,3,23,23,41,18,20,2
5546.png,5.0_9.0,6,22,21,38,16,15,2
5547.png,3.0_7.0_3.0,0,43,59,83,40,59,3
5548.png,3.0_4.0,2,39,34,63,24,32,2
5549.png,1.0_4.0,2,19,19,39,20,17,2
555.png,1.0_3.0_5.0,17,63,50,101,38,33,3
5550.png,6.0_4.0_4.0,27,100,56,135,35,29,3
5551.png,5.0_9.0_9.0,137,216,178,268,52,41,3
5552.png,3.0_1.0,4,31,28,46,15,24,2
5553.png,5.0_10.0,11,79,95,169,90,84,2
5554.png,6.0,5,34,30,51,17,25,1
5555.png,1.0_1.0,3,34,45,57,23,42,2
5556.png,3.0_1.0,11,36,46,66,30,35,2
5557.png,4.0_4.0,20,83,78,162,79,58,2
5558.png,3.0_7.0,26,91,88,147,56,62,2
5559.png,1.0_2.0,8,49,60,88,39,52,2
556.png,2.0_7.0,8,2,32,32,30,24,2
5560.png,5.0_5.0,11,41,37,67,26,26,2
5561.png,1.0_4.0_5.0,17,84,86,181,97,69,3
5562.png,1.0_10.0,5,29,35,48,19,30,2
5563.png,1.0_1.0_5.0,1,17,20,32,15,19,3
5564.png,1.0_5.0,2,38,43,76,38,41,2
5565.png,6.0_7.0,12,53,49,95,42,37,2
5566.png,1.0,16,75,44,86,11,28,1
5567.png,1.0_10.0_10.0,10,47,57,103,56,47,3
5568.png,2.0_5.0_5.0,1,34,40,108,74,39,3
5569.png,7.0_3.0,5,30,35,53,23,30,2
557.png,1.0_2.0,24,46,62,74,28,38,2
5570.png,8.0,12,105,123,157,52,111,1
5571.png,1.0_6.0_8.0,14,51,33,75,24,19,3
5572.png,2.0_10.0,4,35,44,83,48,40,2
5573.png,2.0_8.0,9,29,39,60,31,30,2
5574.png,1.0_5.0,2,47,50,90,43,48,2
5575.png,1.0_7.0,2,23,24,42,19,22,2
5576.png,5.0,2,19,20,27,8,18,1
5577.png,4.0_5.0,6,32,57,87,55,51,2
5578.png,4.0_6.0,4,24,31,44,20,27,2
5579.png,5.0_7.0,11,65,42,98,33,31,2
558.png,4.0,8,33,33,50,17,25,1
5580.png,1.0_1.0,5,17,21,35,18,16,2
5581.png,1.0_4.0,7,28,37,47,19,30,2
5582.png,1.0_10.0_5.0,12,41,44,77,36,32,3
5583.png,2.0_5.0_2.0,9,40,57,118,78,48,3
5584.png,1.0_10.0_5.0,17,43,39,68,25,22,3
5585.png,5.0_3.0,5,13,18,25,12,13,2
5586.png,2.0_5.0,4,31,39,52,21,35,2
5587.png,1.0_10.0,5,33,40,60,27,35,2
5588.png,4.0_1.0,5,31,37,69,38,32,2
5589.png,2.0_6.0_4.0,2,21,24,51,30,22,3
559.png,2.0_6.0,7,29,34,56,27,27,2
5590.png,1.0,7,26,22,35,9,15,1
5591.png,5.0_1.0,7,44,30,58,14,23,2
5592.png,1.0_4.0,3,15,17,23,8,14,2
5593.png,2.0_10.0_2.0,17,74,71,128,54,54,3
5594.png,1.0_4.0,4,28,27,49,21,23,2
5595.png,1.0_10.0,8,42,51,83,41,43,2
5596.png,7.0_10.0,1,28,47,84,56,46,2
5597.png,1.0_5.0,10,56,62,100,44,52,2
5598.png,1.0_1.0,1,11,15,27,16,14,2
5599.png,5.0_4.0,13,49,44,76,27,31,2
56.png,5.0_6.0,3,22,24,44,22,21,2
560.png,3.0_3.0_4.0,4,46,55,99,53,51,3
5600.png,4.0_4.0,8,35,45,76,41,37,2
5601.png,1.0_4.0,2,28,37,58,30,35,2
5602.png,1.0_10.0_5.0,11,78,93,184,106,82,3
5603.png,5.0_5.0,1,13,18,26,13,17,2
5604.png,3.0_2.0,6,59,42,99,40,36,2
5605.png,2.0_10.0,22,68,42,92,24,20,2
5606.png,1.0_5.0_10.0,36,81,64,106,25,28,3
5607.png,1.0_6.0,11,71,73,133,62,62,2
5608.png,9.0_2.0_5.0,25,84,88,119,35,63,3
5609.png,2.0,22,97,70,123,26,48,1
561.png,2.0_9.0,3,23,27,42,19,24,2
5610.png,1.0_3.0_1.0,1,20,27,48,28,26,3
5611.png,7.0_2.0,42,60,61,80,20,19,2
5612.png,4.0,4,30,30,44,14,26,1
5613.png,1.0_10.0_3.0,5,45,60,127,82,55,3
5614.png,9.0_2.0_1.0,20,66,49,98,32,29,3
5615.png,3.0_6.0,1,14,16,30,16,15,2
5616.png,4.0_2.0,5,30,33,53,23,28,2
5617.png,1.0_5.0,10,71,44,89,18,34,2
5618.png,2.0_5.0,29,69,57,112,43,28,2
5619.png,4.0_8.0,6,25,21,43,18,15,2
562.png,1.0_2.0_2.0,15,55,55,88,33,40,3
5620.png,1.0_4.0_7.0,12,40,35,60,20,23,3
5621.png,1.0_1.0,8,35,38,48,13,30,2
5622.png,2.0_10.0_4.0,3,34,41,67,33,38,3
5623.png,3.0,22,72,66,110,38,44,1
5624.png,6.0,3,21,22,34,13,19,1
5625.png,7.0,6,41,54,70,29,48,1
5626.png,1.0_9.0,2,28,41,58,30,39,2
5627.png,2.0_10.0,3,21,22,42,21,19,2
5628.png,2.0_10.0,12,49,48,87,38,36,2
5629.png,6.0_1.0_6.0,15,61,57,111,50,42,3
563.png,6.0_1.0,3,22,22,36,14,19,2
5630.png,6.0_2.0,9,38,41,68,30,32,2
5631.png,6.0_4.0,34,195,85,254,59,51,2
5632.png,9.0_10.0,11,44,41,75,31,30,2
5633.png,4.0,11,42,31,51,9,20,1
5634.png,1.0_3.0,1,19,16,32,13,15,2
5635.png,1.0_3.0,4,25,27,44,19,23,2
5636.png,1.0_10.0_8.0,4,27,27,43,16,23,3
5637.png,2.0_7.0,4,23,22,41,18,18,2
5638.png,4.0_9.0,9,37,49,87,50,40,2
5639.png,1.0_9.0,1,67,76,112,45,75,2
564.png,1.0_10.0,11,80,82,129,49,71,2
5640.png,9.0,18,72,59,90,18,41,1
5641.png,1.0_10.0,1,33,46,82,49,45,2
5642.png,7.0_4.0_4.0,1,16,19,37,21,18,3
5643.png,2.0_3.0_3.0_8.0,8,66,76,142,76,68,4
5644.png,5.0_1.0,64,157,170,203,46,106,2
5645.png,3.0_3.0,7,67,61,114,47,54,2
5646.png,3.0_3.0_3.0_10.0,7,52,40,107,55,33,4
5647.png,4.0,1,17,17,27,10,16,1
5648.png,2.0_5.0,1,21,25,50,29,24,2
5649.png,6.0_6.0,1,20,29,44,24,28,2
565.png,5.0,13,37,41,52,15,28,1
5650.png,4.0,2,29,32,46,17,30,1
5651.png,3.0_7.0_7.0,13,61,60,114,53,47,3
5652.png,4.0_10.0,4,33,39,59,26,35,2
5653.png,7.0_7.0,87,197,171,265,68,84,2
5654.png,1.0_10.0,14,94,106,181,87,92,2
5655.png,8.0_5.0,7,33,42,62,29,35,2
5656.png,4.0_5.0,4,30,29,48,18,25,2
5657.png,4.0_4.0,34,112,95,172,60,61,2
5658.png,2.0_10.0_4.0,40,128,78,176,48,38,3
5659.png,1.0_3.0_8.0,4,28,36,73,45,32,3
566.png,2.0_3.0,2,21,24,44,23,22,2
5660.png,6.0,1,15,18,24,9,17,1
5661.png,2.0_3.0,6,34,46,67,33,40,2
5662.png,5.0_7.0_9.0,18,45,59,116,71,41,3
5663.png,6.0_5.0,15,97,103,180,83,88,2
5664.png,2.0_1.0_6.0,2,19,21,40,21,19,3
5665.png,7.0,1,38,50,56,18,49,1
5666.png,6.0,7,38,36,57,19,29,1
5667.png,4.0_8.0,3,20,22,39,19,19,2
5668.png,1.0_10.0_8.0,4,0,20,26,26,16,3
5669.png,1.0_6.0,1,30,41,66,36,40,2
567.png,2.0_3.0_3.0_4.0,1,15,12,43,28,11,4
5670.png,1.0_3.0_3.0,63,78,102,119,41,39,3
5671.png,2.0_7.0,1,23,24,47,24,23,2
5672.png,8.0_7.0,23,84,105,183,99,82,2
5673.png,5.0,7,30,35,49,19,28,1
5674.png,8.0_5.0,23,97,84,157,60,61,2
5675.png,1.0_8.0_4.0,3,34,36,69,35,33,3
5676.png,3.0_7.0,14,39,35,58,19,21,2
5677.png,3.0_6.0,4,22,27,41,19,23,2
5678.png,5.0_3.0,3,36,44,75,39,41,2
5679.png,3.0_6.0,14,88,112,150,62,98,2
568.png,1.0_6.0_6.0,12,45,38,77,32,26,3
5680.png,3.0_5.0,3,17,19,33,16,16,2
5681.png,1.0_4.0,3,27,31,49,22,28,2
5682.png,6.0_7.0,23,70,64,124,54,41,2
5683.png,7.0_9.0_4.0,46,172,98,248,76,52,3
5684.png,2.0_2.0_4.0,13,43,33,77,34,20,3
5685.png,4.0,1,26,24,38,12,23,1
5686.png,1.0_10.0_7.0,1,21,23,46,25,22,3
5687.png,1.0_5.0_5.0,32,80,67,117,37,35,3
5688.png,2.0_10.0_9.0,4,40,39,50,10,35,3
5689.png,2.0_6.0,8,46,49,96,50,41,2
569.png,1.0_4.0,4,18,25,44,26,21,2
5690.png,2.0_2.0,5,53,66,74,21,61,2
5691.png,5.0_6.0,3,26,33,60,34,30,2
5692.png,2.0_6.0,1,8,12,22,14,11,2
5693.png,2.0_9.0,11,62,72,130,68,61,2
5694.png,1.0_5.0_2.0_5.0,1,35,45,114,79,44,4
5695.png,3.0_10.0_6.0_2.0,11,58,59,127,69,48,4
5696.png,2.0_2.0,5,36,37,63,27,32,2
5697.png,1.0_6.0,12,43,42,69,26,30,2
5698.png,1.0_2.0,9,50,54,78,28,45,2
5699.png,4.0_5.0_4.0,93,138,149,248,110,56,3
57.png,2.0_1.0_5.0,12,63,63,102,39,51,3
570.png,3.0_6.0,9,51,69,120,69,60,2
5700.png,1.0_1.0_9.0,18,169,75,259,90,57,3
5701.png,2.0_9.0,3,16,15,27,11,12,2
5702.png,2.0_1.0_4.0,9,31,31,50,19,22,3
5703.png,4.0_3.0,9,33,34,52,19,25,2
5704.png,9.0_8.0,3,20,25,38,18,22,2
5705.png,4.0,11,61,70,85,24,59,1
5706.png,4.0_1.0,15,68,59,104,36,44,2
5707.png,3.0,1,16,17,25,9,16,1
5708.png,6.0,31,120,149,218,98,118,1
5709.png,1.0_1.0_1.0,6,47,56,91,44,50,3
571.png,1.0_5.0,1,18,22,33,15,21,2
5710.png,4.0_9.0,95,289,281,469,180,186,2
5711.png,3.0_3.0,14,62,61,102,40,47,2
5712.png,1.0_4.0,6,26,31,50,24,25,2
5713.png,6.0_5.0_9.0,17,67,65,120,53,48,3
5714.png,1.0_1.0_4.0,6,28,26,46,18,20,3
5715.png,1.0_2.0,1,13,17,28,15,16,2
5716.png,1.0_9.0_2.0,2,18,22,42,24,20,3
5717.png,4.0_9.0_10.0,33,99,70,150,51,37,3
5718.png,4.0_3.0,4,31,45,79,48,41,2
5719.png,5.0_7.0,19,92,103,171,79,84,2
572.png,3.0_1.0,4,19,22,34,15,18,2
5720.png,3.0,1,10,13,20,10,12,1
5721.png,3.0_1.0,4,37,40,74,37,36,2
5722.png,1.0_2.0_8.0,3,18,20,33,15,17,3
5723.png,3.0_9.0,6,22,22,40,18,16,2
5724.png,1.0_7.0,5,31,26,44,13,21,2
5725.png,2.0_9.0,5,42,54,76,34,49,2
5726.png,7.0_1.0,26,112,103,180,68,77,2
5727.png,5.0_2.0_9.0,31,58,64,108,50,33,3
5728.png,2.0_7.0_10.0,1,26,38,74,48,37,3
5729.png,2.0_6.0_2.0,1,14,14,45,31,13,3
573.png,7.0_1.0,39,86,80,127,41,41,2
5730.png,1.0_3.0,18,50,74,107,57,56,2
5731.png,2.0_3.0,2,30,38,71,41,36,2
5732.png,2.0_9.0,82,117,120,162,45,38,2
5733.png,9.0_2.0,20,74,49,103,29,29,2
5734.png,7.0,12,38,43,49,11,31,1
5735.png,2.0_5.0,3,15,24,31,16,21,2
5736.png,9.0_10.0,1,12,15,29,17,14,2
5737.png,2.0_7.0,7,28,29,50,22,22,2
5738.png,2.0_5.0,5,19,24,37,18,19,2
5739.png,2.0,5,27,33,36,9,28,1
574.png,1.0_2.0_1.0,13,48,35,77,29,22,3
5740.png,2.0_8.0,7,58,79,146,88,72,2
5741.png,4.0_6.0,4,53,64,119,66,60,2
5742.png,8.0_4.0,7,34,34,61,27,27,2
5743.png,3.0_6.0,1,14,21,38,24,20,2
5744.png,1.0_6.0_6.0,5,35,37,61,26,32,3
5745.png,2.0_10.0_6.0,3,20,28,52,32,25,3
5746.png,2.0_3.0_2.0_6.0,1,11,16,59,48,15,4
5747.png,2.0_10.0_10.0,8,39,42,75,36,34,3
5748.png,3.0_4.0,4,32,35,68,36,31,2
5749.png,1.0_4.0,8,40,43,78,38,35,2
575.png,3.0_9.0,1,16,19,27,11,18,2
5750.png,1.0_2.0,6,26,26,36,10,20,2
5751.png,5.0_8.0_9.0,15,36,33,67,31,18,3
5752.png,5.0_10.0,3,22,28,51,29,25,2
5753.png,5.0_3.0_5.0,16,69,68,152,83,52,3
5754.png,5.0_6.0,1,45,69,116,71,68,2
5755.png,1.0_7.0_1.0,14,60,59,97,37,45,3
5756.png,1.0_3.0,5,38,52,58,20,47,2
5757.png,1.0_10.0_3.0,16,70,75,145,75,59,3
5758.png,9.0_7.0,1,35,38,74,39,37,2
5759.png,4.0_4.0_3.0,23,120,84,207,87,61,3
576.png,2.0_8.0_1.0,6,32,41,77,45,35,3
5760.png,1.0_1.0,8,40,45,57,17,37,2
5761.png,3.0_9.0_9.0,6,27,34,79,52,28,3
5762.png,7.0_4.0_8.0,1,14,17,35,21,16,3
5763.png,4.0_3.0_3.0,29,90,70,148,58,41,3
5764.png,2.0_1.0,4,28,30,44,16,26,2
5765.png,1.0_3.0_4.0,65,119,104,170,51,39,3
5766.png,4.0_10.0_4.0_6.0,12,53,64,178,125,52,4
5767.png,7.0,8,31,39,49,18,31,1
5768.png,2.0_6.0,21,59,51,87,28,30,2
5769.png,1.0_1.0,3,17,21,32,15,18,2
577.png,2.0,1,16,14,23,7,13,1
5770.png,5.0_2.0_6.0,12,53,55,101,48,43,3
5771.png,2.0_2.0_1.0_8.0,3,24,31,75,51,28,4
5772.png,8.0_1.0_10.0,9,26,26,63,37,17,3
5773.png,1.0_8.0_5.0,31,70,58,95,25,27,3
5774.png,2.0_7.0_9.0,15,69,86,136,67,71,3
5775.png,10.0_1.0_3.0,46,124,102,181,57,56,3
5776.png,1.0_5.0_4.0,32,174,81,222,48,49,3
5777.png,2.0_5.0_7.0,2,19,20,43,24,18,3
5778.png,2.0_7.0,12,63,79,117,54,67,2
5779.png,2.0,26,81,68,110,29,42,1
578.png,7.0,3,29,36,43,14,33,1
5780.png,9.0_6.0,1,14,16,26,12,15,2
5781.png,1.0_7.0_4.0,3,34,42,99,65,39,3
5782.png,4.0_7.0,6,24,30,59,35,24,2
5783.png,6.0_2.0_10.0,10,42,38,104,62,28,3
5784.png,9.0,29,113,109,162,49,80,1
5785.png,2.0_9.0,1,24,25,43,19,24,2
5786.png,2.0_1.0_9.0_1.0,1,11,14,40,29,13,4
5787.png,4.0_6.0,2,44,65,97,53,63,2
5788.png,2.0_10.0,41,82,79,132,50,38,2
5789.png,7.0_3.0,16,53,41,74,21,25,2
579.png,1.0_5.0_5.0_4.0,5,22,20,54,32,15,4
5790.png,1.0_5.0_2.0,25,84,81,156,72,56,3
5791.png,3.0,5,23,25,30,7,20,1
5792.png,4.0_10.0_2.0,5,36,40,78,42,35,3
5793.png,9.0_7.0,4,26,30,45,19,26,2
5794.png,1.0_10.0,17,64,67,99,35,50,2
5795.png,1.0_8.0_5.0,12,56,75,107,51,63,3
5796.png,3.0_2.0_6.0,9,55,52,102,47,43,3
5797.png,5.0_1.0_10.0,10,61,58,122,61,48,3
5798.png,1.0,4,20,22,27,7,18,1
5799.png,8.0_7.0,11,44,48,78,34,37,2
58.png,1.0_1.0,2,45,52,82,37,50,2
580.png,2.0_2.0,4,47,54,88,41,50,2
5800.png,2.0_4.0,5,31,35,61,30,30,2
5801.png,2.0_1.0_6.0,2,19,20,45,26,18,3
5802.png,1.0_3.0,17,56,43,76,20,26,2
5803.png,9.0_1.0,4,46,35,73,27,31,2
5804.png,1.0_10.0_6.0,7,54,61,131,77,54,3
5805.png,5.0_3.0_2.0,19,90,98,165,75,79,3
5806.png,8.0_1.0,1,4,40,54,50,39,2
5807.png,1.0_4.0,4,24,28,40,16,24,2
5808.png,1.0_4.0,7,37,43,65,28,36,2
5809.png,2.0_10.0,2,37,45,75,38,43,2
581.png,1.0_4.0,1,15,19,28,13,18,2
5810.png,9.0_3.0,21,86,55,108,22,34,2
5811.png,1.0_9.0,6,21,25,38,17,19,2
5812.png,2.0_10.0,9,48,59,96,48,50,2
5813.png,3.0_2.0_4.0,1,32,45,110,78,44,3
5814.png,8.0_2.0,6,72,87,163,91,81,2
5815.png,3.0_4.0_4.0,7,29,29,68,39,22,3
5816.png,1.0_4.0_1.0_7.0,1,12,16,39,27,15,4
5817.png,2.0_8.0_5.0,3,32,40,75,43,37,3
5818.png,4.0_9.0,8,48,43,89,41,35,2
5819.png,1.0_2.0_7.0,3,17,18,30,13,15,3
582.png,1.0_8.0_3.0,9,43,28,66,23,19,3
5820.png,2.0_8.0,6,31,31,46,15,25,2
5821.png,1.0_9.0,21,76,58,116,40,37,2
5822.png,1.0_8.0_2.0,2,25,31,50,25,29,3
5823.png,2.0_6.0_3.0,4,28,32,71,43,28,3
5824.png,2.0_2.0_9.0,15,57,45,100,43,30,3
5825.png,2.0_8.0,20,88,62,119,31,42,2
5826.png,2.0_6.0_3.0,24,131,159,178,47,135,3
5827.png,2.0_10.0,1,17,23,38,21,22,2
5828.png,3.0_2.0,7,33,33,50,17,26,2
5829.png,2.0_3.0,4,27,23,40,13,19,2
583.png,9.0_2.0,9,40,46,87,47,37,2
5830.png,6.0_3.0,11,42,41,73,31,30,2
5831.png,2.0_2.0,2,24,28,41,17,26,2
5832.png,4.0_5.0_10.0,51,130,81,171,41,30,3
5833.png,8.0_5.0,4,37,48,71,34,44,2
5834.png,1.0_2.0,21,87,102,149,62,81,2
5835.png,9.0_9.0,8,50,49,81,31,41,2
5836.png,4.0_2.0,19,60,57,129,69,38,2
5837.png,8.0_3.0,13,53,34,71,18,21,2
5838.png,2.0_1.0_8.0,12,42,38,79,37,26,3
5839.png,1.0_5.0,10,47,57,96,49,47,2
584.png,2.0,1,24,29,35,11,28,1
5840.png,3.0_10.0_9.0,69,131,90,164,33,21,3
5841.png,3.0_10.0_9.0,16,46,40,87,41,24,3
5842.png,5.0_3.0_9.0,19,113,130,193,80,111,3
5843.png,4.0_3.0_4.0,66,266,118,327,61,52,3
5844.png,3.0_4.0,5,28,29,45,17,24,2
5845.png,7.0_7.0,3,19,19,32,13,16,2
5846.png,2.0_5.0,28,84,63,105,21,35,2
5847.png,1.0_4.0,1,17,18,31,14,17,2
5848.png,2.0_3.0,3,30,33,57,27,30,2
5849.png,2.0_10.0_2.0,16,50,50,99,49,34,3
585.png,2.0_8.0,18,113,123,189,76,105,2
5850.png,3.0_10.0_8.0,1,15,15,42,27,14,3
5851.png,4.0_7.0,6,22,22,36,14,16,2
5852.png,1.0_3.0,7,43,47,79,36,40,2
5853.png,3.0_2.0,1,22,20,43,21,19,2
5854.png,3.0_9.0,7,40,50,100,60,43,2
5855.png,6.0_6.0,14,56,69,106,50,55,2
5856.png,6.0_9.0,2,19,18,35,16,16,2
5857.png,6.0,2,24,27,36,12,25,1
5858.png,1.0_3.0,15,70,107,160,90,92,2
5859.png,3.0_8.0_9.0,10,31,32,66,35,22,3
586.png,4.0_10.0,11,52,62,81,29,51,2
5860.png,6.0,4,33,39,48,15,35,1
5861.png,6.0_6.0,2,35,46,96,61,44,2
5862.png,3.0_6.0,18,90,106,184,94,88,2
5863.png,1.0_1.0_2.0,10,43,39,79,36,29,3
5864.png,4.0_7.0,5,37,38,64,27,33,2
5865.png,1.0_3.0_3.0,2,52,52,89,37,50,3
5866.png,4.0_7.0_7.0,9,32,31,77,45,22,3
5867.png,2.0_1.0,4,55,76,107,52,72,2
5868.png,1.0_9.0_2.0,12,42,35,69,27,23,3
5869.png,3.0,5,51,57,68,17,52,1
587.png,7.0,8,36,41,56,20,33,1
5870.png,4.0_8.0,1,25,27,48,23,26,2
5871.png,5.0,9,41,42,59,18,33,1
5872.png,3.0_10.0,12,51,50,92,41,38,2
5873.png,4.0_3.0,7,32,34,54,22,27,2
5874.png,7.0_6.0,4,29,29,53,24,25,2
5875.png,7.0_1.0_8.0,20,92,91,168,76,71,3
5876.png,1.0_5.0,8,46,38,73,27,30,2
5877.png,5.0_5.0,13,59,79,91,32,66,2
5878.png,1.0_8.0_9.0,11,33,69,97,64,58,3
5879.png,3.0_8.0,7,42,48,82,40,41,2
588.png,9.0,1,20,28,39,19,27,1
5880.png,2.0,5,25,30,42,17,25,1
5881.png,3.0_9.0,6,34,41,67,33,35,2
5882.png,2.0_1.0,15,69,82,112,43,67,2
5883.png,4.0,7,30,32,46,16,25,1
5884.png,9.0_10.0,5,29,33,62,33,28,2
5885.png,5.0_3.0,4,40,45,69,29,41,2
5886.png,6.0_3.0,4,29,33,62,33,29,2
5887.png,1.0_10.0_10.0,4,32,35,59,27,31,3
5888.png,1.0_5.0,3,16,15,33,17,12,2
5889.png,1.0_3.0,3,45,57,66,21,54,2
589.png,7.0_9.0,3,27,29,47,20,26,2
5890.png,1.0_1.0_7.0,2,21,21,44,23,19,3
5891.png,4.0_1.0,17,75,67,124,49,50,2
5892.png,4.0_4.0,8,42,54,91,49,46,2
5893.png,1.0_3.0_1.0_4.0,0,10,16,38,28,16,4
5894.png,5.0_3.0,6,43,55,81,38,49,2
5895.png,7.0_5.0_2.0,13,72,58,153,81,45,3
5896.png,1.0_1.0_7.0,13,23,32,50,27,19,3
5897.png,3.0_2.0_5.0,23,89,103,198,109,80,3
5898.png,2.0_9.0,114,188,165,234,46,51,2
5899.png,2.0,4,21,22,34,13,18,1
59.png,2.0,3,35,45,54,19,42,1
590.png,4.0_1.0,4,17,19,31,14,15,2
5900.png,1.0_2.0_3.0,4,23,20,39,16,16,3
5901.png,3.0_7.0_4.0,71,244,143,291,47,72,3
5902.png,1.0_7.0,9,32,39,47,15,30,2
5903.png,4.0_3.0,22,76,92,142,66,70,2
5904.png,4.0,7,22,24,31,9,17,1
5905.png,5.0_10.0_9.0,2,17,21,44,27,19,3
5906.png,9.0,3,26,24,36,10,21,1
5907.png,7.0_4.0,5,30,29,54,24,24,2
5908.png,7.0,6,45,50,62,17,44,1
5909.png,1.0_7.0,3,30,35,61,31,32,2
591.png,4.0_3.0,18,17,68,56,39,50,2
5910.png,5.0_9.0,3,28,27,54,26,24,2
5911.png,1.0_9.0_8.0,7,45,49,92,47,42,3
5912.png,1.0_4.0_6.0,4,30,38,90,60,34,3
5913.png,2.0_4.0_7.0,10,53,59,120,67,49,3
5914.png,3.0_1.0,1,30,38,66,36,37,2
5915.png,2.0_6.0_8.0,6,30,28,51,21,22,3
5916.png,9.0,6,39,32,51,12,26,1
5917.png,5.0_4.0,10,36,38,60,24,28,2
5918.png,2.0_9.0,5,34,56,98,64,51,2
5919.png,5.0_9.0,4,26,29,45,19,25,2
592.png,4.0_6.0,3,30,37,58,28,34,2
5920.png,3.0_2.0,1,13,15,28,15,14,2
5921.png,2.0_6.0,16,52,50,92,40,34,2
5922.png,1.0,7,47,30,56,9,23,1
5923.png,3.0_2.0,8,57,65,97,40,57,2
5924.png,1.0_6.0,11,57,64,87,30,53,2
5925.png,5.0,67,159,107,170,11,40,1
5926.png,9.0_1.0,6,34,32,58,24,26,2
5927.png,2.0_10.0,9,63,76,108,45,67,2
5928.png,1.0_9.0_10.0,12,69,81,161,92,69,3
5929.png,2.0_8.0,4,18,26,43,25,22,2
593.png,2.0,2,14,15,20,6,13,1
5930.png,2.0,9,38,36,59,21,27,1
5931.png,2.0_3.0_4.0,9,43,43,89,46,34,3
5932.png,1.0_10.0,1,18,21,51,33,20,2
5933.png,4.0_3.0,7,59,85,145,86,78,2
5934.png,4.0_4.0_3.0,24,75,63,130,55,39,3
5935.png,5.0,7,44,26,54,10,19,1
5936.png,1.0_4.0,12,39,31,52,13,19,2
5937.png,1.0_3.0,4,30,31,48,18,27,2
5938.png,4.0_6.0,14,118,84,178,60,70,2
5939.png,1.0_9.0_9.0_2.0,10,41,35,80,39,25,4
594.png,9.0_1.0,8,24,31,42,18,23,2
5940.png,9.0,2,27,33,38,11,31,1
5941.png,3.0_4.0,5,53,39,82,29,34,2
5942.png,7.0_6.0_8.0,17,62,61,129,67,44,3
5943.png,1.0_1.0_8.0_7.0,9,59,70,103,44,61,4
5944.png,1.0_10.0,3,18,22,34,16,19,2
5945.png,3.0_6.0,2,19,23,42,23,21,2
5946.png,1.0_2.0_5.0_7.0,1,43,60,116,73,59,4
5947.png,8.0_9.0,6,45,52,103,58,46,2
5948.png,1.0,1,49,62,69,20,61,1
5949.png,2.0_2.0,3,20,22,43,23,19,2
595.png,1.0_3.0,4,20,17,31,11,13,2
5950.png,8.0_1.0,2,27,38,56,29,36,2
5951.png,7.0,10,42,54,67,25,44,1
5952.png,3.0_2.0,9,31,26,54,23,17,2
5953.png,1.0_3.0_2.0,16,80,68,122,42,52,3
5954.png,8.0_10.0,5,27,33,50,23,28,2
5955.png,5.0_5.0,9,28,30,48,20,21,2
5956.png,5.0,12,46,47,63,17,35,1
5957.png,1.0_2.0,11,70,85,124,54,74,2
5958.png,3.0_8.0_6.0,60,147,89,195,48,29,3
5959.png,2.0_5.0,19,73,67,121,48,48,2
596.png,2.0_8.0,2,20,25,43,23,23,2
5960.png,1.0_7.0,5,30,35,66,36,30,2
5961.png,7.0_3.0,22,75,64,115,40,42,2
5962.png,1.0_3.0_4.0,1,12,13,26,14,12,3
5963.png,4.0_5.0,4,13,22,36,23,18,2
5964.png,4.0,1,26,35,45,19,34,1
5965.png,2.0_6.0,11,8,37,39,31,26,2
5966.png,8.0_1.0,5,33,41,54,21,36,2
5967.png,5.0,9,69,82,114,45,73,1
5968.png,1.0_6.0,16,78,58,103,25,42,2
5969.png,7.0,5,28,26,39,11,21,1
597.png,1.0_10.0_2.0,16,65,61,153,88,45,3
5970.png,2.0_6.0_10.0,21,69,77,149,80,56,3
5971.png,9.0_6.0,4,19,26,48,29,22,2
5972.png,1.0_10.0_2.0,8,40,45,72,32,37,3
5973.png,1.0_1.0,3,30,35,65,35,32,2
5974.png,3.0_10.0,1,19,25,34,15,24,2
5975.png,1.0_10.0_7.0,6,37,35,76,39,29,3
5976.png,3.0_9.0,6,36,43,72,36,37,2
5977.png,3.0_4.0,1,19,27,41,22,26,2
5978.png,3.0_3.0_9.0,6,29,33,54,25,27,3
5979.png,5.0,7,45,51,73,28,44,1
598.png,6.0_8.0_3.0,14,99,75,175,76,61,3
5980.png,1.0_10.0_5.0_5.0,25,176,48,220,44,23,4
5981.png,1.0_1.0,5,39,46,53,14,41,2
5982.png,2.0,2,16,24,31,15,22,1
5983.png,3.0_5.0,20,50,54,80,30,34,2
5984.png,1.0_1.0_8.0,5,22,22,39,17,17,3
5985.png,2.0_10.0_3.0,5,20,22,55,35,17,3
5986.png,1.0,6,31,36,50,19,30,1
5987.png,4.0_2.0,1,18,17,36,18,16,2
5988.png,2.0,9,36,31,51,15,22,1
5989.png,4.0_5.0,61,142,111,189,47,50,2
599.png,3.0_1.0,6,37,47,76,39,41,2
5990.png,7.0_8.0,1,22,25,40,18,24,2
5991.png,7.0_9.0,5,33,38,66,33,33,2
5992.png,1.0_1.0_2.0,12,54,55,105,51,43,3
5993.png,7.0,1,29,24,42,13,23,1
5994.png,3.0_5.0,8,46,54,91,45,46,2
5995.png,2.0,9,56,68,84,28,59,1
5996.png,1.0_10.0_7.0_7.0,10,37,32,75,38,22,4
5997.png,2.0_10.0,9,34,29,53,19,20,2
5998.png,1.0_5.0,3,19,19,35,16,16,2
5999.png,6.0,11,42,51,56,14,40,1
6.png,3.0_3.0,6,28,29,49,21,23,2
60.png,4.0_7.0,1,16,21,32,16,20,2
600.png,1.0_10.0,6,23,31,46,23,25,2
6000.png,1.0_7.0_7.0,55,239,90,290,51,35,3
6001.png,5.0_6.0,21,56,60,91,35,39,2
6002.png,1.0_3.0,30,114,114,189,75,84,2
6003.png,3.0_1.0_5.0,20,118,95,177,59,75,3
6004.png,5.0_4.0_9.0,4,31,34,73,42,30,3
6005.png,4.0_1.0,33,131,116,190,59,83,2
6006.png,3.0_6.0_8.0,4,27,35,51,24,31,3
6007.png,1.0_3.0,9,38,50,72,34,41,2
6008.png,2.0_3.0,4,41,47,86,45,43,2
6009.png,5.0_7.0,6,36,43,69,33,37,2
601.png,2.0_6.0,12,45,55,81,36,43,2
6010.png,3.0_10.0_10.0,26,117,137,285,168,111,3
6011.png,3.0,4,30,28,45,15,24,1
6012.png,5.0,6,34,36,50,16,30,1
6013.png,5.0_9.0,34,144,97,206,62,63,2
6014.png,1.0_3.0,11,43,39,74,31,28,2
6015.png,2.0_6.0,1,21,26,44,23,25,2
6016.png,6.0_10.0,9,47,43,68,21,34,2
6017.png,8.0_5.0,2,23,29,50,27,27,2
6018.png,1.0_8.0_8.0,1,17,21,39,22,20,3
6019.png,4.0_8.0,5,31,24,50,19,19,2
602.png,1.0_1.0,1,38,39,63,25,38,2
6020.png,5.0,9,31,32,43,12,23,1
6021.png,9.0,6,41,36,55,14,30,1
6022.png,3.0_1.0,3,32,34,58,26,31,2
6023.png,2.0_2.0_3.0,11,41,38,77,36,27,3
6024.png,1.0_2.0_2.0,26,90,122,240,150,96,3
6025.png,2.0_1.0_3.0_8.0,1,16,19,42,26,18,4
6026.png,2.0_8.0,4,23,29,49,26,25,2
6027.png,1.0_7.0,1,33,33,60,27,32,2
6028.png,1.0_6.0,6,24,28,38,14,22,2
6029.png,2.0_2.0_6.0,15,45,44,88,43,29,3
603.png,2.0_3.0,1,16,18,35,19,17,2
6030.png,5.0,10,43,34,53,10,24,1
6031.png,2.0_2.0,4,27,33,55,28,29,2
6032.png,3.0_5.0,5,28,33,63,35,28,2
6033.png,3.0_3.0,1,71,77,157,86,76,2
6034.png,3.0_1.0,3,29,44,80,51,41,2
6035.png,1.0_2.0,5,26,35,53,27,30,2
6036.png,3.0_8.0_2.0,1,23,16,47,24,15,3
6037.png,1.0_5.0_5.0,4,27,42,84,57,38,3
6038.png,1.0,13,42,40,55,13,27,1
6039.png,9.0,3,31,26,41,10,23,1
604.png,4.0_3.0,12,52,57,99,47,45,2
6040.png,1.0_4.0_10.0,3,18,20,37,19,17,3
6041.png,2.0_3.0,1,13,14,26,13,13,2
6042.png,5.0_6.0,39,216,292,534,318,253,2
6043.png,10.0,1,57,33,65,8,32,1
6044.png,8.0_2.0,3,21,24,41,20,21,2
6045.png,4.0_4.0,2,17,15,36,19,13,2
6046.png,1.0_6.0_7.0_1.0,4,27,23,56,29,19,4
6047.png,2.0_2.0,6,29,32,50,21,26,2
6048.png,1.0,4,23,26,33,10,22,1
6049.png,6.0_9.0,2,27,33,49,22,31,2
605.png,2.0_3.0_4.0,8,29,30,79,50,22,3
6050.png,7.0,5,22,24,33,11,19,1
6051.png,5.0_10.0,3,39,54,104,65,51,2
6052.png,6.0_3.0,9,54,53,92,38,44,2
6053.png,3.0_8.0,13,67,92,163,96,79,2
6054.png,2.0_8.0,7,36,36,64,28,29,2
6055.png,4.0_4.0,2,20,25,47,27,23,2
6056.png,3.0_2.0,2,24,28,50,26,26,2
6057.png,2.0_7.0,8,45,54,100,55,46,2
6058.png,6.0_10.0,5,51,54,98,47,49,2
6059.png,3.0_6.0,1,4,14,20,16,13,2
606.png,2.0_9.0_6.0,1,24,27,63,39,26,3
6060.png,2.0_8.0,5,22,26,48,26,21,2
6061.png,3.0_8.0,11,32,35,47,15,24,2
6062.png,5.0_2.0,3,18,21,34,16,18,2
6063.png,9.0_2.0,8,22,20,29,7,12,2
6064.png,2.0_5.0_1.0_10.0,1,14,18,51,37,17,4
6065.png,1.0_4.0_4.0,15,54,41,91,37,26,3
6066.png,1.0_3.0_9.0,6,49,61,125,76,55,3
6067.png,5.0_7.0,3,25,30,44,19,27,2
6068.png,1.0_3.0_10.0,3,17,19,44,27,16,3
6069.png,6.0,4,35,41,55,20,37,1
607.png,8.0_3.0,4,24,32,54,30,28,2
6070.png,6.0_2.0,14,70,81,132,62,67,2
6071.png,5.0,5,49,51,73,24,46,1
6072.png,6.0_2.0,1,14,16,33,19,15,2
6073.png,1.0_7.0_9.0,54,171,102,223,52,48,3
6074.png,1.0_9.0,14,49,35,71,22,21,2
6075.png,2.0_2.0,24,64,66,115,51,42,2
6076.png,1.0_2.0_3.0,1,52,59,117,65,58,3
6077.png,1.0_5.0_3.0_4.0,5,24,25,53,29,20,4
6078.png,7.0,4,34,38,52,18,34,1
6079.png,2.0,12,45,41,59,14,29,1
608.png,8.0,5,31,33,48,17,28,1
6080.png,3.0_4.0,5,33,40,71,38,35,2
6081.png,2.0_6.0_3.0,5,23,32,57,34,27,3
6082.png,5.0_4.0,5,30,40,78,48,35,2
6083.png,4.0_3.0_10.0,12,38,32,67,29,20,3
6084.png,8.0,2,31,40,60,29,38,1
6085.png,6.0_3.0,6,41,40,67,26,34,2
6086.png,2.0,16,52,44,64,12,28,1
6087.png,1.0_1.0_8.0,4,20,20,40,20,16,3
6088.png,2.0_5.0,2,37,49,95,58,47,2
6089.png,9.0_6.0,6,53,75,135,82,69,2
609.png,1.0_2.0,9,30,27,40,10,18,2
6090.png,6.0_1.0,2,30,36,52,22,34,2
6091.png,3.0_5.0,12,71,88,164,93,76,2
6092.png,4.0,4,24,31,42,18,27,1
6093.png,2.0_1.0_9.0,3,22,29,54,32,26,3
6094.png,4.0_3.0,20,63,62,103,40,42,2
6095.png,6.0_6.0,3,17,21,37,20,18,2
6096.png,1.0_10.0_10.0,13,49,35,76,27,22,3
6097.png,3.0,3,17,24,27,10,21,1
6098.png,1.0_2.0,6,28,29,49,21,23,2
6099.png,2.0_10.0_7.0,14,42,41,73,31,27,3
61.png,5.0,6,33,25,42,9,19,1
610.png,2.0_2.0_10.0,1,15,19,37,22,18,3
6100.png,1.0,28,84,53,93,9,25,1
6101.png,5.0_10.0,10,37,40,68,31,30,2
6102.png,9.0_5.0,5,39,46,73,34,41,2
6103.png,4.0,2,22,31,42,20,29,1
6104.png,4.0_8.0,6,35,37,56,21,31,2
6105.png,1.0_1.0_4.0,1,20,27,42,22,26,3
6106.png,1.0_4.0_10.0,11,51,65,105,54,54,3
6107.png,8.0_7.0,1,16,19,30,14,18,2
6108.png,2.0_1.0,2,22,24,35,13,22,2
6109.png,1.0_10.0,6,38,36,73,35,30,2
611.png,2.0_9.0_1.0_10.0,11,60,60,141,81,49,4
6110.png,3.0_4.0_6.0,14,49,50,106,57,36,3
6111.png,9.0_10.0,9,45,32,71,26,23,2
6112.png,3.0_7.0,9,64,79,134,70,70,2
6113.png,6.0_9.0,2,22,23,42,20,21,2
6114.png,6.0_2.0_4.0,16,47,40,88,41,24,3
6115.png,8.0_7.0,10,7,53,53,46,43,2
6116.png,8.0,6,29,30,43,14,24,1
6117.png,1.0_5.0_2.0,1,17,17,41,24,16,3
6118.png,4.0_10.0,11,37,23,51,14,12,2
6119.png,6.0_10.0,3,44,36,75,31,33,2
612.png,4.0_9.0,23,93,99,180,87,76,2
6120.png,3.0_9.0,18,70,71,111,41,53,2
6121.png,1.0_1.0,111,51,141,80,29,30,2
6122.png,4.0_10.0,14,35,41,68,33,27,2
6123.png,2.0_5.0_3.0,1,25,38,82,57,37,3
6124.png,4.0_6.0,1,56,58,104,48,57,2
6125.png,7.0_5.0,7,40,42,78,38,35,2
6126.png,2.0_5.0,13,32,32,46,14,19,2
6127.png,6.0,2,21,26,33,12,24,1
6128.png,8.0_9.0,2,23,32,57,34,30,2
6129.png,1.0_3.0,5,30,27,49,19,22,2
613.png,4.0_7.0_3.0,8,31,25,56,25,17,3
6130.png,1.0,1,20,23,29,9,22,1
6131.png,3.0_9.0,1,22,24,41,19,23,2
6132.png,8.0_1.0,8,77,97,158,81,89,2
6133.png,3.0_7.0,1,24,24,51,27,23,2
6134.png,8.0_5.0,5,48,48,70,22,43,2
6135.png,3.0,1,19,22,29,10,21,1
6136.png,1.0_3.0,7,31,39,61,30,32,2
6137.png,3.0,7,35,37,58,23,30,1
6138.png,2.0_7.0_7.0,33,191,85,271,80,52,3
6139.png,7.0,4,29,28,42,13,24,1
614.png,2.0_6.0_6.0,18,86,53,148,62,35,3
6140.png,4.0_4.0_1.0,5,21,24,45,24,19,3
6141.png,3.0_8.0,5,48,69,84,36,64,2
6142.png,1.0_3.0_10.0_4.0,4,23,28,51,28,24,4
6143.png,5.0,6,50,52,74,24,46,1
6144.png,5.0_4.0,10,39,45,84,45,35,2
6145.png,3.0_4.0,5,57,75,130,73,70,2
6146.png,7.0,14,65,63,99,34,49,1
6147.png,6.0_7.0,56,137,87,164,27,31,2
6148.png,1.0_2.0,17,89,78,142,53,61,2
6149.png,1.0_4.0,72,112,107,154,42,35,2
615.png,5.0,3,26,24,36,10,21,1
6150.png,1.0_2.0_8.0,4,18,28,46,28,24,3
6151.png,3.0,3,25,26,39,14,23,1
6152.png,2.0_8.0_8.0_2.0,10,47,40,107,60,30,4
6153.png,4.0_3.0_4.0_6.0,14,73,93,196,123,79,4
6154.png,2.0_4.0_3.0,1,38,59,107,69,58,3
6155.png,3.0_10.0,5,37,46,82,45,41,2
6156.png,3.0_4.0,4,21,27,51,30,23,2
6157.png,4.0_8.0_10.0,12,66,49,128,62,37,3
6158.png,4.0,20,69,46,83,14,26,1
6159.png,1.0_5.0,44,120,129,196,76,85,2
616.png,7.0,6,45,55,75,30,49,1
6160.png,6.0_1.0,5,22,33,53,31,28,2
6161.png,7.0_2.0,3,24,32,51,27,29,2
6162.png,8.0,4,35,40,62,27,36,1
6163.png,3.0,16,69,88,104,35,72,1
6164.png,6.0_10.0,5,37,36,67,30,31,2
6165.png,5.0_4.0,9,51,67,116,65,58,2
6166.png,1.0_10.0,11,43,40,76,33,29,2
6167.png,5.0_4.0_1.0,7,36,43,75,39,36,3
6168.png,3.0_7.0_9.0,1,14,16,31,17,15,3
6169.png,7.0_1.0,5,23,28,38,15,23,2
617.png,2.0_8.0,18,53,50,91,38,32,2
6170.png,3.0,1,20,24,32,12,23,1
6171.png,2.0_4.0_2.0_6.0,2,19,15,47,28,13,4
6172.png,1.0_2.0,24,74,88,135,61,64,2
6173.png,1.0,4,25,20,34,9,16,1
6174.png,1.0_3.0_10.0,6,47,58,107,60,52,3
6175.png,9.0_6.0,5,40,44,82,42,39,2
6176.png,5.0_1.0,5,27,30,49,22,25,2
6177.png,3.0_4.0,7,36,40,72,36,33,2
6178.png,6.0_2.0,2,31,35,68,37,33,2
6179.png,4.0_7.0_8.0,68,204,117,269,65,49,3
618.png,3.0_2.0_6.0,55,127,101,188,61,46,3
6180.png,1.0_5.0,2,22,21,37,15,19,2
6181.png,1.0_10.0_7.0,7,30,33,68,38,26,3
6182.png,7.0_4.0_6.0,8,25,27,55,30,19,3
6183.png,1.0,7,40,53,59,19,46,1
6184.png,4.0_9.0,20,89,88,140,51,68,2
6185.png,5.0_3.0_6.0,4,28,28,60,32,24,3
6186.png,1.0_5.0,1,44,57,75,31,56,2
6187.png,2.0_1.0_3.0,11,47,33,77,30,22,3
6188.png,4.0_8.0,4,50,52,82,32,48,2
6189.png,7.0,4,20,15,26,6,11,1
619.png,3.0,6,55,62,93,38,56,1
6190.png,3.0,4,16,17,23,7,13,1
6191.png,8.0_5.0,1,17,24,43,26,23,2
6192.png,2.0_10.0,4,36,34,59,23,30,2
6193.png,4.0_6.0_7.0,27,115,124,233,118,97,3
6194.png,1.0_10.0_5.0,15,91,39,117,26,24,3
6195.png,1.0_8.0_1.0,2,22,24,43,21,22,3
6196.png,7.0,3,33,37,54,21,34,1
6197.png,8.0,42,142,140,197,55,98,1
6198.png,1.0_5.0,1,17,21,34,17,20,2
6199.png,2.0_9.0_3.0,1,15,18,50,35,17,3
62.png,3.0_2.0,6,45,54,86,41,48,2
620.png,4.0_6.0,13,65,70,125,60,57,2
6200.png,1.0_10.0,3,53,78,123,70,75,2
6201.png,3.0_2.0,1,14,16,25,11,15,2
6202.png,9.0_2.0,8,29,35,49,20,27,2
6203.png,8.0_5.0,5,28,34,51,23,29,2
6204.png,7.0_6.0,7,38,36,66,28,29,2
6205.png,4.0_5.0,14,55,52,79,24,38,2
6206.png,2.0_7.0_6.0,1,29,45,89,60,44,3
6207.png,2.0_8.0,6,24,31,44,20,25,2
6208.png,4.0,3,40,24,49,9,21,1
6209.png,3.0_7.0,4,27,29,47,20,25,2
621.png,6.0_10.0,1,28,38,68,40,37,2
6210.png,6.0_3.0,1,38,49,80,42,48,2
6211.png,1.0_2.0,3,15,19,25,10,16,2
6212.png,2.0_3.0,13,64,71,117,53,58,2
6213.png,3.0_8.0,4,30,36,68,38,32,2
6214.png,5.0_1.0,3,33,36,67,34,33,2
6215.png,1.0_1.0,8,38,47,65,27,39,2
6216.png,3.0_10.0_2.0_3.0,1,17,18,49,32,17,4
6217.png,2.0_5.0_4.0,36,81,65,116,35,29,3
6218.png,1.0_10.0_2.0,1,23,26,59,36,25,3
6219.png,4.0_6.0_10.0,15,131,66,233,102,51,3
622.png,3.0_3.0,2,21,27,39,18,25,2
6220.png,3.0_10.0,1,22,23,37,15,22,2
6221.png,1.0_3.0_10.0,4,24,28,43,19,24,3
6222.png,8.0_5.0,2,33,25,55,22,23,2
6223.png,1.0_10.0_5.0_9.0,47,159,106,266,107,59,4
6224.png,4.0_7.0,7,19,26,32,13,19,2
6225.png,2.0_10.0_10.0,6,29,32,55,26,26,3
6226.png,2.0_5.0,63,223,125,269,46,62,2
6227.png,4.0_6.0,11,52,65,92,40,54,2
6228.png,3.0_3.0_9.0,9,39,47,99,60,38,3
6229.png,3.0_3.0_3.0,14,49,61,137,88,47,3
623.png,9.0,37,133,99,168,35,62,1
6230.png,1.0_1.0_6.0,3,34,38,63,29,35,3
6231.png,8.0,5,52,43,72,20,38,1
6232.png,5.0_5.0_4.0,10,85,87,171,86,77,3
6233.png,3.0_5.0,17,64,76,94,30,59,2
6234.png,7.0_4.0,5,39,47,71,32,42,2
6235.png,1.0_1.0,4,40,60,85,45,56,2
6236.png,9.0,5,21,22,30,9,17,1
6237.png,5.0,3,17,18,23,6,15,1
6238.png,1.0_1.0,11,57,69,94,37,58,2
6239.png,3.0_5.0,1,23,24,41,18,23,2
624.png,2.0_1.0_1.0_8.0,10,40,39,97,57,29,4
6240.png,9.0_2.0,31,125,138,204,79,107,2
6241.png,4.0_2.0,8,51,55,79,28,47,2
6242.png,6.0,1,20,20,32,12,19,1
6243.png,1.0_8.0_7.0,1,67,99,151,84,98,3
6244.png,8.0_1.0,8,47,60,94,47,52,2
6245.png,2.0_6.0,4,24,25,46,22,21,2
6246.png,2.0_10.0_10.0,31,70,62,126,56,31,3
6247.png,3.0_1.0,21,105,99,179,74,78,2
6248.png,4.0_8.0,14,51,58,82,31,44,2
6249.png,1.0_8.0_6.0,35,85,61,131,46,26,3
625.png,2.0_5.0,5,30,37,51,21,32,2
6250.png,4.0_9.0,3,42,47,87,45,44,2
6251.png,7.0,4,41,59,76,35,55,1
6252.png,1.0_9.0,1,22,30,39,17,29,2
6253.png,1.0_3.0_8.0,1,17,24,40,23,23,3
6254.png,2.0_7.0,5,21,24,47,26,19,2
6255.png,3.0_4.0,8,38,42,80,42,34,2
6256.png,1.0_5.0_5.0,10,47,48,84,37,38,3
6257.png,1.0_7.0,10,56,62,91,35,52,2
6258.png,5.0_5.0_10.0,18,51,44,86,35,26,3
6259.png,4.0_1.0,8,29,37,62,33,29,2
626.png,6.0_5.0_8.0,12,70,71,143,73,59,3
6260.png,1.0_8.0,5,35,33,53,18,28,2
6261.png,1.0_2.0,1,18,18,35,17,17,2
6262.png,1.0_1.0,13,78,85,136,58,72,2
6263.png,4.0_5.0,5,28,35,58,30,30,2
6264.png,1.0,1,10,13,19,9,12,1
6265.png,1.0_7.0_10.0,10,39,36,69,30,26,3
6266.png,2.0_5.0,2,21,28,46,25,26,2
6267.png,2.0_7.0_8.0,9,52,74,130,78,65,3
6268.png,1.0_10.0_5.0,19,65,54,117,52,35,3
6269.png,5.0_1.0,4,42,43,73,31,39,2
627.png,2.0_4.0,3,32,39,63,31,36,2
6270.png,1.0_4.0,5,28,30,44,16,25,2
6271.png,1.0_1.0_9.0,9,44,53,134,90,44,3
6272.png,3.0_6.0,2,18,24,41,23,22,2
6273.png,3.0_4.0,11,69,75,124,55,64,2
6274.png,3.0_5.0,5,26,32,50,24,27,2
6275.png,9.0_6.0,4,25,23,39,14,19,2
6276.png,8.0,6,32,32,40,8,26,1
6277.png,7.0_1.0,22,108,126,190,82,104,2
6278.png,1.0_2.0_6.0_7.0,6,35,41,73,38,35,4
6279.png,7.0_10.0,3,25,29,49,24,26,2
628.png,1.0_6.0,1,22,27,49,27,26,2
6280.png,1.0_4.0_9.0,1,13,20,44,31,19,3
6281.png,5.0_4.0,1,24,28,45,21,27,2
6282.png,1.0_6.0_4.0,14,95,54,152,57,40,3
6283.png,2.0_6.0,1,21,27,45,24,26,2
6284.png,1.0_2.0_1.0_10.0,1,11,12,36,25,11,4
6285.png,7.0,16,54,52,82,28,36,1
6286.png,2.0_2.0,8,31,39,65,34,31,2
6287.png,3.0,4,23,27,33,10,23,1
6288.png,3.0_2.0,6,21,22,43,22,16,2
6289.png,1.0_2.0_1.0,4,22,21,40,18,17,3
629.png,2.0_3.0_4.0,23,147,48,170,23,25,3
6290.png,1.0_1.0_9.0,13,51,62,89,38,49,3
6291.png,6.0_10.0,50,223,102,280,57,52,2
6292.png,3.0_6.0,15,88,72,134,46,57,2
6293.png,2.0_5.0_7.0,8,51,53,111,60,45,3
6294.png,2.0_2.0,24,148,135,211,63,111,2
6295.png,1.0_6.0_5.0,8,28,25,47,19,17,3
6296.png,5.0_1.0,17,61,40,85,24,23,2
6297.png,3.0_7.0,2,38,54,92,54,52,2
6298.png,1.0_4.0_5.0,1,30,30,75,45,29,3
6299.png,4.0_8.0,37,201,248,272,71,211,2
63.png,4.0_3.0,23,96,90,169,73,67,2
630.png,8.0,5,23,25,34,11,20,1
6300.png,7.0_9.0,15,48,42,79,31,27,2
6301.png,2.0_5.0_6.0,3,92,85,215,123,82,3
6302.png,5.0_3.0_10.0,1,31,40,84,53,39,3
6303.png,1.0_2.0_8.0,5,26,34,74,48,29,3
6304.png,4.0_3.0_2.0,9,53,65,130,77,56,3
6305.png,5.0_4.0,9,60,44,88,28,35,2
6306.png,1.0_2.0,9,43,32,55,12,23,2
6307.png,3.0_4.0,21,87,73,163,76,52,2
6308.png,1.0_2.0_10.0,6,32,33,56,24,27,3
6309.png,7.0_3.0_5.0,12,60,70,135,75,58,3
631.png,1.0_9.0,5,59,65,114,55,60,2
6310.png,6.0_9.0,7,23,27,48,25,20,2
6311.png,4.0_8.0,11,35,31,52,17,20,2
6312.png,7.0_9.0,8,50,31,71,21,23,2
6313.png,6.0,1,22,23,29,7,22,1
6314.png,4.0_4.0,14,83,109,155,72,95,2
6315.png,1.0_9.0,9,51,45,77,26,36,2
6316.png,1.0_8.0,13,48,36,73,25,23,2
6317.png,9.0_5.0,19,55,50,89,34,31,2
6318.png,5.0,9,40,37,53,13,28,1
6319.png,1.0_9.0,5,39,48,79,40,43,2
632.png,6.0,1,26,25,42,16,24,1
6320.png,4.0,8,42,48,61,19,40,1
6321.png,2.0_2.0,8,33,31,56,23,23,2
6322.png,3.0,3,22,23,32,10,20,1
6323.png,4.0,9,37,46,56,19,37,1
6324.png,2.0_9.0,3,23,22,43,20,19,2
6325.png,4.0_10.0,5,39,48,81,42,43,2
6326.png,7.0_4.0,11,39,37,64,25,26,2
6327.png,4.0_9.0,9,63,78,122,59,69,2
6328.png,2.0_2.0_10.0,0,27,33,66,39,33,3
6329.png,3.0_8.0,23,63,60,103,40,37,2
633.png,1.0_7.0_4.0,12,32,31,59,27,19,3
6330.png,3.0_10.0_10.0_4.0,6,39,34,90,51,28,4
6331.png,2.0_1.0,12,42,44,61,19,32,2
6332.png,2.0_2.0,1,28,33,56,28,32,2
6333.png,1.0_4.0,3,22,29,46,24,26,2
6334.png,3.0_8.0,8,48,50,76,28,42,2
6335.png,6.0_10.0,17,77,87,130,53,70,2
6336.png,9.0_8.0,5,50,49,86,36,44,2
6337.png,8.0_4.0,1,16,16,35,19,15,2
6338.png,3.0_8.0,4,28,31,45,17,27,2
6339.png,1.0_10.0_2.0_3.0,13,68,70,166,98,57,4
634.png,5.0_8.0_8.0,19,63,49,119,56,30,3
6340.png,1.0_4.0_6.0,3,25,30,56,31,27,3
6341.png,3.0_9.0,1,23,22,50,27,21,2
6342.png,1.0_10.0_1.0,2,19,21,38,19,19,3
6343.png,2.0_6.0_2.0,1,13,24,35,22,23,3
6344.png,1.0_1.0,11,60,88,131,71,77,2
6345.png,2.0_5.0,10,42,47,68,26,37,2
6346.png,2.0_2.0_2.0,2,22,22,53,31,20,3
6347.png,3.0_5.0_10.0,14,58,41,107,49,27,3
6348.png,8.0_1.0,5,28,36,61,33,31,2
6349.png,5.0_5.0_7.0,4,15,19,43,28,15,3
635.png,5.0,2,32,28,46,14,26,1
6350.png,1.0_6.0,3,22,28,51,29,25,2
6351.png,4.0,18,77,66,100,23,48,1
6352.png,3.0_2.0,1,19,24,37,18,23,2
6353.png,4.0_6.0,14,48,34,70,22,20,2
6354.png,5.0_3.0,12,49,53,94,45,41,2
6355.png,2.0_8.0,10,41,43,80,39,33,2
6356.png,2.0_2.0,14,55,63,108,53,49,2
6357.png,6.0,5,26,25,37,11,20,1
6358.png,5.0_4.0,2,14,23,30,16,21,2
6359.png,1.0_10.0,14,69,84,110,41,70,2
636.png,1.0_1.0_5.0,2,13,14,28,15,12,3
6360.png,2.0_8.0,16,55,61,84,29,45,2
6361.png,1.0_7.0_7.0,1,23,32,62,39,31,3
6362.png,7.0_5.0,3,26,21,49,23,18,2
6363.png,3.0_5.0_3.0,1,20,24,39,19,23,3
6364.png,1.0_6.0,7,46,56,88,42,49,2
6365.png,5.0_7.0,4,27,25,54,27,21,2
6366.png,5.0_7.0,6,25,25,42,17,19,2
6367.png,3.0_2.0_8.0,12,42,38,88,46,26,3
6368.png,1.0_8.0_8.0_6.0,1,18,40,87,69,39,4
6369.png,1.0_1.0,1,23,24,40,17,23,2
637.png,1.0_5.0_10.0,5,26,34,60,34,29,3
6370.png,7.0_8.0,9,27,23,42,15,14,2
6371.png,1.0_5.0,5,33,39,55,22,34,2
6372.png,1.0_7.0_9.0,2,20,20,45,25,18,3
6373.png,7.0_3.0,4,36,46,78,42,42,2
6374.png,1.0_1.0_9.0,2,27,33,58,31,31,3
6375.png,4.0_3.0,2,21,25,49,28,23,2
6376.png,1.0_1.0,2,24,26,38,14,24,2
6377.png,2.0_7.0_7.0,6,25,31,51,26,25,3
6378.png,1.0_7.0_8.0,5,18,20,44,26,15,3
6379.png,3.0_10.0_1.0_9.0,1,18,23,58,40,22,4
638.png,4.0_7.0,5,30,34,61,31,29,2
6380.png,1.0_1.0,4,25,23,37,12,19,2
6381.png,1.0_3.0,8,42,56,77,35,48,2
6382.png,1.0_3.0_9.0_7.0,31,92,74,155,63,43,4
6383.png,4.0_2.0,27,63,63,84,21,36,2
6384.png,6.0_8.0,7,43,49,82,39,42,2
6385.png,8.0,15,56,43,75,19,28,1
6386.png,8.0_5.0,21,141,163,276,135,142,2
6387.png,4.0_10.0,3,31,43,58,27,40,2
6388.png,1.0_9.0_4.0,1,10,13,28,18,12,3
6389.png,7.0_8.0,5,29,36,63,34,31,2
639.png,4.0_5.0,11,52,63,96,44,52,2
6390.png,6.0_6.0,8,41,55,88,47,47,2
6391.png,1.0_8.0,1,14,17,28,14,16,2
6392.png,2.0_8.0_3.0,11,47,55,98,51,44,3
6393.png,2.0_2.0,16,225,63,280,55,47,2
6394.png,1.0_8.0,6,47,57,105,58,51,2
6395.png,6.0_5.0,16,77,93,159,82,77,2
6396.png,3.0_5.0_1.0,35,148,98,230,82,63,3
6397.png,1.0_7.0,23,86,92,151,65,69,2
6398.png,2.0_2.0_3.0,2,17,18,38,21,16,3
6399.png,2.0_4.0_9.0,52,83,92,139,56,40,3
64.png,2.0_9.0,3,26,30,53,27,27,2
640.png,2.0,5,28,32,47,19,27,1
6400.png,3.0_1.0_8.0_8.0,47,43,128,123,80,81,4
6401.png,1.0_1.0,1,41,57,85,44,56,2
6402.png,1.0_7.0,8,53,68,112,59,60,2
6403.png,5.0_4.0_1.0,16,51,44,88,37,28,3
6404.png,2.0_3.0,1,19,20,35,16,19,2
6405.png,4.0_3.0_5.0,22,65,50,102,37,28,3
6406.png,3.0_8.0_5.0,28,78,55,120,42,27,3
6407.png,1.0_1.0_4.0,3,26,24,54,28,21,3
6408.png,6.0_4.0_2.0,14,50,48,95,45,34,3
6409.png,1.0_10.0,5,24,29,38,14,24,2
641.png,1.0_5.0_4.0,7,38,46,74,36,39,3
6410.png,1.0_9.0,11,41,29,55,14,18,2
6411.png,2.0_1.0_7.0,27,210,108,322,112,81,3
6412.png,2.0_8.0,3,44,54,96,52,51,2
6413.png,4.0_3.0,8,56,72,117,61,64,2
6414.png,1.0_1.0_3.0,32,177,71,211,34,39,3
6415.png,8.0,2,28,31,41,13,29,1
6416.png,1.0_3.0_6.0,72,193,106,242,49,34,3
6417.png,3.0_1.0,3,23,27,38,15,24,2
6418.png,4.0_6.0,3,29,25,55,26,22,2
6419.png,7.0,4,29,28,38,9,24,1
642.png,9.0_1.0,4,27,30,42,15,26,2
6420.png,5.0_9.0,7,27,27,50,23,20,2
6421.png,1.0_5.0_6.0,34,115,56,152,37,22,3
6422.png,2.0_8.0_1.0,13,85,105,164,79,92,3
6423.png,1.0_9.0_1.0,30,126,128,227,101,98,3
6424.png,4.0_9.0_6.0,20,105,116,203,98,96,3
6425.png,3.0_10.0_8.0,4,36,36,71,35,32,3
6426.png,1.0_6.0_3.0,11,46,35,65,19,24,3
6427.png,9.0,3,17,20,31,14,17,1
6428.png,1.0_9.0_1.0,15,47,53,85,38,38,3
6429.png,8.0_3.0,3,18,23,39,21,20,2
643.png,1.0_5.0_10.0,8,48,49,69,21,41,3
6430.png,2.0_3.0_8.0_8.0,1,16,17,50,34,16,4
6431.png,3.0_4.0,39,133,139,212,79,100,2
6432.png,2.0_5.0_1.0,1,21,23,54,33,22,3
6433.png,9.0_1.0,10,35,29,52,17,19,2
6434.png,8.0_3.0,1,17,21,34,17,20,2
6435.png,2.0_2.0,10,80,118,314,234,108,2
6436.png,2.0_2.0,4,29,33,49,20,29,2
6437.png,5.0,2,25,20,35,10,18,1
6438.png,5.0_10.0,7,33,34,60,27,27,2
6439.png,2.0_1.0,1,22,26,57,35,25,2
644.png,4.0_7.0,15,88,92,142,54,77,2
6440.png,7.0_5.0_7.0,11,39,39,77,38,28,3
6441.png,2.0,7,32,34,47,15,27,1
6442.png,2.0_1.0,3,39,50,81,42,47,2
6443.png,7.0_6.0,2,20,22,34,14,20,2
6444.png,4.0_4.0_10.0,3,43,53,104,61,50,3
6445.png,1.0_10.0,1,18,23,41,23,22,2
6446.png,3.0_4.0_10.0,38,92,83,152,60,45,3
6447.png,2.0_2.0,1,17,19,32,15,18,2
6448.png,6.0_3.0,4,41,41,73,32,37,2
6449.png,3.0,2,18,21,29,11,19,1
645.png,2.0_4.0,15,68,80,121,53,65,2
6450.png,2.0_4.0,4,35,44,74,39,40,2
6451.png,1.0_1.0,11,27,26,40,13,15,2
6452.png,4.0,1,17,26,27,10,25,1
6453.png,2.0_8.0,2,36,43,76,40,41,2
6454.png,5.0,3,19,19,29,10,16,1
6455.png,6.0_7.0,26,70,86,102,32,60,2
6456.png,3.0,5,25,21,34,9,16,1
6457.png,1.0_10.0_10.0,4,34,41,87,53,37,3
6458.png,2.0_5.0_8.0_7.0,1,18,18,57,39,17,4
6459.png,2.0_9.0,6,35,36,55,20,30,2
646.png,4.0_1.0,10,92,118,209,117,108,2
6460.png,6.0,3,29,29,43,14,26,1
6461.png,8.0_4.0,1,22,23,43,21,22,2
6462.png,2.0_2.0,2,22,23,40,18,21,2
6463.png,2.0_4.0_3.0_4.0,4,30,40,95,65,36,4
6464.png,3.0,2,21,27,33,12,25,1
6465.png,1.0_1.0,6,29,31,46,17,25,2
6466.png,1.0_6.0,11,60,61,99,39,50,2
6467.png,1.0_8.0_9.0,2,29,31,70,41,29,3
6468.png,2.0_10.0_5.0,17,63,46,97,34,29,3
6469.png,1.0_2.0,12,47,65,96,49,53,2
647.png,2.0_5.0,2,14,20,34,20,18,2
6470.png,7.0_3.0,2,23,24,46,23,22,2
6471.png,1.0_2.0_3.0_9.0,1,14,15,44,30,14,4
6472.png,9.0_2.0,13,59,60,102,43,47,2
6473.png,2.0_10.0_2.0,15,81,54,131,50,39,3
6474.png,6.0_10.0,2,29,39,58,29,37,2
6475.png,2.0_6.0,11,50,50,86,36,39,2
6476.png,8.0_10.0_5.0,11,35,28,55,20,17,3
6477.png,6.0_7.0_9.0,31,133,123,249,116,92,3
6478.png,2.0_9.0_7.0,24,70,75,145,75,51,3
6479.png,1.0_3.0,15,63,61,86,23,46,2
648.png,4.0_10.0,14,58,64,100,42,50,2
6480.png,1.0_9.0,5,34,43,68,34,38,2
6481.png,3.0_9.0,28,158,94,217,59,66,2
6482.png,1.0_10.0_3.0,19,93,99,174,81,80,3
6483.png,2.0_1.0_7.0,10,41,39,72,31,29,3
6484.png,9.0_10.0,1,11,13,19,8,12,2
6485.png,1.0_10.0_4.0,2,15,21,45,30,19,3
6486.png,8.0_8.0,2,17,22,41,24,20,2
6487.png,2.0_4.0_2.0_3.0,3,18,16,48,30,13,4
6488.png,1.0_1.0,2,18,17,28,10,15,2
6489.png,2.0_7.0,3,21,27,45,24,24,2
649.png,9.0_5.0_4.0,31,59,64,117,58,33,3
6490.png,1.0_2.0,1,33,41,65,32,40,2
6491.png,7.0_3.0,9,57,70,101,44,61,2
6492.png,1.0_10.0_8.0,7,52,60,111,59,53,3
6493.png,2.0_6.0,14,82,90,148,66,76,2
6494.png,1.0_3.0,1,29,37,60,31,36,2
6495.png,9.0,3,31,36,50,19,33,1
6496.png,2.0_3.0,1,14,17,32,18,16,2
6497.png,9.0_9.0,7,33,35,54,21,28,2
6498.png,2.0_6.0,13,45,64,99,54,51,2
6499.png,1.0_10.0_1.0,9,49,72,98,49,63,3
65.png,5.0_8.0,6,25,28,48,23,22,2
650.png,5.0_7.0,5,33,35,63,30,30,2
6500.png,7.0,7,25,22,36,11,15,1
6501.png,2.0_2.0,4,20,18,31,11,14,2
6502.png,1.0_10.0,9,47,57,79,32,48,2
6503.png,6.0_5.0,13,51,49,82,31,36,2
6504.png,8.0_4.0,11,37,37,62,25,26,2
6505.png,5.0_8.0,7,52,53,92,40,46,2
6506.png,9.0_7.0,6,40,45,83,43,39,2
6507.png,2.0_1.0_2.0,6,27,27,45,18,21,3
6508.png,1.0_8.0,1,20,26,39,19,25,2
6509.png,2.0_2.0,1,25,32,53,28,31,2
651.png,5.0_3.0,3,32,35,51,19,32,2
6510.png,1.0_1.0_6.0,12,71,78,156,85,66,3
6511.png,4.0_1.0,0,14,21,30,16,21,2
6512.png,2.0_5.0_8.0,4,34,41,93,59,37,3
6513.png,1.0_10.0,1,14,18,30,16,17,2
6514.png,2.0_9.0_7.0,5,27,27,62,35,22,3
6515.png,4.0_2.0,1,61,101,170,109,100,2
6516.png,1.0_5.0,5,54,67,116,62,62,2
6517.png,2.0_5.0_10.0,4,34,77,99,65,73,3
6518.png,3.0_7.0,3,18,24,33,15,21,2
6519.png,1.0_2.0,10,28,25,42,14,15,2
652.png,4.0_8.0,5,45,48,91,46,43,2
6520.png,1.0_2.0,22,87,79,119,32,57,2
6521.png,1.0_8.0,13,48,47,77,29,34,2
6522.png,3.0_8.0,8,37,33,64,27,25,2
6523.png,3.0_9.0,10,47,41,71,24,31,2
6524.png,2.0_2.0_5.0,15,47,36,84,37,21,3
6525.png,8.0_8.0_3.0,26,136,100,238,102,74,3
6526.png,1.0_10.0,6,20,20,31,11,14,2
6527.png,1.0_9.0,9,48,66,82,34,57,2
6528.png,1.0,11,48,58,62,14,47,1
6529.png,1.0,29,127,75,143,16,46,1
653.png,1.0_4.0_4.0_4.0,13,49,40,93,44,27,4
6530.png,8.0_6.0,1,36,42,74,38,41,2
6531.png,8.0_9.0,6,59,71,125,66,65,2
6532.png,1.0_2.0_2.0,11,47,46,96,49,35,3
6533.png,9.0_10.0,11,47,44,77,30,33,2
6534.png,5.0_8.0,3,23,23,45,22,20,2
6535.png,4.0_2.0,8,46,47,96,50,39,2
6536.png,2.0_5.0,4,35,43,77,42,39,2
6537.png,8.0,1,26,28,41,15,27,1
6538.png,4.0_4.0,1,14,17,33,19,16,2
6539.png,7.0_4.0,1,12,19,22,10,18,2
654.png,6.0_4.0_6.0,6,70,77,182,112,71,3
6540.png,4.0_6.0_6.0,14,64,58,140,76,44,3
6541.png,1.0_8.0_5.0,2,49,66,109,60,64,3
6542.png,3.0_1.0,8,47,41,76,29,33,2
6543.png,1.0_10.0,13,51,58,102,51,45,2
6544.png,1.0_4.0_3.0,3,25,31,54,29,28,3
6545.png,2.0_8.0_5.0,9,42,34,71,29,25,3
6546.png,1.0_8.0,4,41,43,73,32,39,2
6547.png,4.0_1.0,8,51,61,105,54,53,2
6548.png,4.0_10.0,9,30,24,44,14,15,2
6549.png,1.0_9.0,3,29,37,48,19,34,2
655.png,5.0_6.0,30,198,88,279,81,58,2
6550.png,1.0,13,45,45,53,8,32,1
6551.png,2.0_6.0_10.0,1,20,26,52,32,25,3
6552.png,1.0_1.0_10.0,1,16,17,35,19,16,3
6553.png,1.0_2.0_8.0,1,17,15,34,17,14,3
6554.png,9.0_5.0,3,24,28,44,20,25,2
6555.png,2.0_5.0_6.0,79,218,115,248,30,36,3
6556.png,1.0_9.0_8.0,2,34,40,85,51,38,3
6557.png,1.0_3.0_1.0,6,40,45,87,47,39,3
6558.png,3.0,10,57,55,81,24,45,1
6559.png,2.0_8.0_1.0,2,22,24,42,20,22,3
656.png,5.0_2.0_3.0,16,54,39,85,31,23,3
6560.png,1.0_3.0_1.0,4,22,28,47,25,24,3
6561.png,3.0_1.0,10,81,80,154,73,70,2
6562.png,3.0_7.0_2.0_2.0,1,15,18,53,38,17,4
6563.png,9.0,2,23,21,34,11,19,1
6564.png,3.0_10.0,10,38,38,69,31,28,2
6565.png,1.0_3.0,7,30,29,47,17,22,2
6566.png,2.0_10.0,13,76,68,136,60,55,2
6567.png,1.0_10.0_6.0_6.0,17,96,102,190,94,85,4
6568.png,6.0_4.0,2,21,23,39,18,21,2
6569.png,2.0_6.0,36,102,95,164,62,59,2
657.png,5.0_10.0,4,29,31,51,22,27,2
6570.png,2.0_2.0_8.0,13,49,42,79,30,29,3
6571.png,3.0,3,13,14,20,7,11,1
6572.png,4.0_6.0,5,46,57,82,36,52,2
6573.png,9.0_4.0,1,28,37,76,48,36,2
6574.png,5.0,8,44,49,58,14,41,1
6575.png,5.0,6,32,25,45,13,19,1
6576.png,4.0_9.0_7.0,15,83,73,146,63,58,3
6577.png,2.0,2,33,41,53,20,39,1
6578.png,4.0_2.0,2,25,31,60,35,29,2
6579.png,2.0_10.0_8.0,8,30,28,55,25,20,3
658.png,2.0_5.0_10.0,1,12,19,35,23,18,3
6580.png,4.0_7.0,1,24,28,50,26,27,2
6581.png,9.0_9.0,14,57,52,87,30,38,2
6582.png,3.0_8.0,1,10,12,25,15,11,2
6583.png,9.0_7.0,15,71,55,109,38,40,2
6584.png,2.0_9.0,6,29,26,44,15,20,2
6585.png,5.0_5.0,6,54,69,118,64,63,2
6586.png,7.0,7,67,66,111,44,59,1
6587.png,8.0,6,27,26,37,10,20,1
6588.png,3.0_3.0_9.0,15,76,57,136,60,42,3
6589.png,8.0_10.0,13,47,45,88,41,32,2
659.png,8.0,16,81,78,138,57,62,1
6590.png,4.0_9.0,7,51,48,77,26,41,2
6591.png,4.0_1.0,11,85,63,116,31,52,2
6592.png,2.0,1,35,25,47,12,24,1
6593.png,2.0_5.0,12,63,74,104,41,62,2
6594.png,1.0_2.0_9.0,9,37,40,79,42,31,3
6595.png,1.0_2.0,31,116,97,163,47,66,2
6596.png,3.0_5.0_1.0,1,18,21,38,20,20,3
6597.png,4.0_7.0,2,18,20,35,17,18,2
6598.png,1.0_10.0,1,29,26,56,27,25,2
6599.png,3.0_8.0,5,34,38,70,36,33,2
66.png,9.0_5.0,6,38,36,60,22,30,2
660.png,2.0_4.0_2.0,2,13,14,32,19,12,3
6600.png,2.0_4.0_5.0_8.0,8,39,45,82,43,37,4
6601.png,2.0_1.0_3.0,7,28,21,47,19,14,3
6602.png,6.0,3,20,22,33,13,19,1
6603.png,2.0_1.0,14,71,72,124,53,58,2
6604.png,1.0_7.0,5,33,41,56,23,36,2
6605.png,1.0_3.0_7.0,34,72,51,102,30,17,3
6606.png,9.0_3.0,6,23,22,37,14,16,2
6607.png,5.0_6.0,6,31,21,43,12,15,2
6608.png,9.0_7.0,6,31,28,53,22,22,2
6609.png,5.0_6.0,6,24,31,54,30,25,2
661.png,8.0_7.0,15,7,68,59,52,53,2
6610.png,1.0_10.0,22,84,72,121,37,50,2
6611.png,5.0_10.0,17,68,77,147,79,60,2
6612.png,7.0,1,20,25,33,13,24,1
6613.png,1.0_5.0,4,21,22,32,11,18,2
6614.png,2.0_2.0,21,69,49,96,27,28,2
6615.png,1.0_10.0_2.0,3,34,31,66,32,28,3
6616.png,2.0_7.0_6.0,4,22,24,47,25,20,3
6617.png,4.0,11,69,48,90,21,37,1
6618.png,6.0_10.0_9.0,12,48,42,77,29,30,3
6619.png,1.0_10.0,7,50,58,104,54,51,2
662.png,2.0_2.0,5,36,44,68,32,39,2
6620.png,1.0_3.0_10.0,17,58,50,100,42,33,3
6621.png,1.0_7.0_2.0,0,75,130,196,121,130,3
6622.png,1.0_5.0,11,47,58,91,44,47,2
6623.png,6.0_5.0,16,66,41,81,15,25,2
6624.png,7.0_4.0,16,55,37,77,22,21,2
6625.png,4.0,4,32,35,47,15,31,1
6626.png,4.0_9.0_4.0,2,33,41,77,44,39,3
6627.png,2.0_3.0_7.0,2,28,34,64,36,32,3
6628.png,8.0_7.0,2,15,18,33,18,16,2
6629.png,1.0_8.0_7.0,13,63,50,108,45,37,3
663.png,4.0_2.0_5.0,13,47,36,89,42,23,3
6630.png,1.0_4.0_6.0,3,27,27,62,35,24,3
6631.png,7.0_4.0,5,32,38,56,24,33,2
6632.png,2.0_10.0_10.0,12,67,44,123,56,32,3
6633.png,9.0,1,22,25,32,10,24,1
6634.png,4.0,1,22,19,36,14,18,1
6635.png,2.0_2.0,7,45,55,89,44,48,2
6636.png,1.0_5.0,1,31,40,73,42,39,2
6637.png,5.0_10.0,3,21,23,42,21,20,2
6638.png,2.0,6,109,74,140,31,68,1
6639.png,4.0_10.0_9.0,10,45,47,92,47,37,3
664.png,5.0_3.0_4.0,3,42,43,86,44,40,3
6640.png,4.0_7.0,12,64,66,135,71,54,2
6641.png,5.0,14,58,48,72,14,34,1
6642.png,2.0_3.0,3,16,15,34,18,12,2
6643.png,2.0_2.0_6.0,1,40,45,101,61,44,3
6644.png,8.0,4,31,35,49,18,31,1
6645.png,1.0_9.0,3,17,22,33,16,19,2
6646.png,2.0,5,37,31,55,18,26,1
6647.png,3.0_1.0,2,28,38,60,32,36,2
6648.png,1.0_7.0_8.0_6.0,6,77,98,180,103,92,4
6649.png,3.0,1,23,23,37,14,22,1
665.png,1.0_6.0_4.0,1,20,28,51,31,27,3
6650.png,9.0,2,21,22,33,12,20,1
6651.png,5.0_6.0,8,95,118,185,90,110,2
6652.png,4.0_4.0,10,70,78,131,61,68,2
6653.png,2.0_4.0,2,17,18,36,19,16,2
6654.png,1.0_2.0_10.0,1,21,19,41,20,18,3
6655.png,6.0_8.0,1,83,105,204,121,104,2
6656.png,6.0,1,13,15,19,6,14,1
6657.png,3.0_4.0,3,23,26,44,21,23,2
6658.png,4.0_5.0_4.0,1,20,18,39,19,17,3
6659.png,1.0_5.0,8,32,31,51,19,23,2
666.png,1.0_8.0,11,55,69,110,55,58,2
6660.png,1.0_5.0_3.0,12,37,35,65,28,23,3
6661.png,4.0_10.0_2.0,15,47,34,78,31,19,3
6662.png,1.0_10.0,7,38,36,57,19,29,2
6663.png,5.0_10.0,19,83,84,136,53,65,2
6664.png,2.0_3.0_4.0_2.0,1,18,16,49,31,15,4
6665.png,6.0_8.0,11,65,72,136,71,61,2
6666.png,3.0_7.0_1.0,11,45,37,76,31,26,3
6667.png,6.0_2.0,19,68,56,99,31,37,2
6668.png,2.0_3.0_2.0,26,25,58,74,49,32,3
6669.png,2.0_8.0,1,16,19,34,18,18,2
667.png,7.0_2.0,10,48,47,75,27,37,2
6670.png,3.0_3.0,7,39,48,74,35,41,2
6671.png,8.0,4,31,37,42,11,33,1
6672.png,9.0,3,28,28,40,12,25,1
6673.png,1.0_1.0,1,12,13,26,14,12,2
6674.png,1.0_2.0,7,36,37,52,16,30,2
6675.png,3.0_5.0,17,58,66,115,57,49,2
6676.png,3.0_2.0_7.0,17,55,50,88,33,33,3
6677.png,1.0,2,20,22,27,7,20,1
6678.png,6.0_10.0,2,16,20,42,26,18,2
6679.png,5.0_5.0,6,30,33,49,19,27,2
668.png,3.0_6.0,3,19,23,37,18,20,2
6680.png,2.0_5.0_1.0,1,66,110,173,107,109,3
6681.png,6.0_10.0_9.0,14,79,57,128,49,43,3
6682.png,8.0,7,30,29,45,15,22,1
6683.png,1.0_2.0_6.0,6,37,37,69,32,31,3
6684.png,2.0_1.0,13,54,60,97,43,47,2
6685.png,5.0_8.0,2,20,20,36,16,18,2
6686.png,2.0_2.0,2,26,30,51,25,28,2
6687.png,5.0_3.0_2.0,1,32,34,59,27,33,3
6688.png,1.0,4,25,34,33,8,30,1
6689.png,2.0_5.0_9.0,1,23,35,61,38,34,3
669.png,1.0_1.0_4.0,3,32,41,74,42,38,3
6690.png,6.0_9.0,6,25,28,49,24,22,2
6691.png,6.0_6.0,19,87,98,189,102,79,2
6692.png,2.0_4.0_8.0,22,124,146,182,58,124,3
6693.png,3.0_2.0,3,19,21,33,14,18,2
6694.png,4.0_6.0,9,33,29,49,16,20,2
6695.png,1.0_3.0,8,30,42,67,37,34,2
6696.png,2.0_3.0,13,63,58,110,47,45,2
6697.png,1.0_2.0_5.0,4,25,26,50,25,22,3
6698.png,4.0_10.0,8,27,29,47,20,21,2
6699.png,4.0_3.0,1,24,29,49,25,28,2
67.png,1.0_10.0,4,48,52,81,33,48,2
670.png,1.0_2.0_1.0,4,31,32,54,23,28,3
6700.png,4.0_10.0,7,24,28,39,15,21,2
6701.png,2.0_3.0,9,48,57,90,42,48,2
6702.png,7.0,22,76,72,103,27,50,1
6703.png,2.0,4,34,20,45,11,16,1
6704.png,4.0,1,28,37,52,24,36,1
6705.png,4.0,7,26,23,36,10,16,1
6706.png,3.0_1.0,1,22,23,35,13,22,2
6707.png,1.0_9.0_2.0_3.0,10,35,28,72,37,18,4
6708.png,8.0_5.0,6,23,22,41,18,16,2
6709.png,8.0_2.0,63,103,120,154,51,57,2
671.png,1.0_1.0_9.0,12,54,53,91,37,41,3
6710.png,2.0_2.0_1.0_6.0,11,80,94,144,64,83,4
6711.png,4.0_9.0_5.0,10,40,51,101,61,41,3
6712.png,4.0_6.0_10.0,22,184,86,295,111,64,3
6713.png,1.0_10.0_5.0,8,47,47,107,60,39,3
6714.png,5.0_9.0,1,22,24,51,29,23,2
6715.png,8.0_2.0,29,255,73,310,55,44,2
6716.png,1.0_3.0,4,39,46,91,52,42,2
6717.png,5.0_8.0_4.0,17,66,47,114,48,30,3
6718.png,1.0_10.0,7,46,51,85,39,44,2
6719.png,2.0_10.0,5,35,43,60,25,38,2
672.png,3.0_3.0,1,18,20,36,18,19,2
6720.png,1.0_1.0,1,16,17,32,16,16,2
6721.png,4.0_6.0,3,29,34,69,40,31,2
6722.png,8.0,3,35,40,63,28,37,1
6723.png,6.0_2.0,3,40,48,74,34,45,2
6724.png,1.0_9.0,15,99,117,145,46,102,2
6725.png,7.0,16,89,108,165,76,92,1
6726.png,3.0_6.0,12,83,85,162,79,73,2
6727.png,2.0_1.0_8.0,1,20,25,41,21,24,3
6728.png,2.0_5.0_5.0_5.0,66,167,107,241,74,41,4
6729.png,4.0_6.0,8,34,36,66,32,28,2
673.png,5.0_5.0,1,26,33,53,27,32,2
6730.png,1.0_1.0_3.0_9.0,17,89,91,178,89,74,4
6731.png,3.0_9.0,1,15,18,31,16,17,2
6732.png,2.0_8.0,15,47,38,79,32,23,2
6733.png,6.0,7,61,74,109,48,67,1
6734.png,3.0,17,60,52,77,17,35,1
6735.png,2.0,2,17,16,28,11,14,1
6736.png,2.0,7,37,36,51,14,29,1
6737.png,9.0_7.0,12,57,40,77,20,28,2
6738.png,2.0_3.0,6,47,56,93,46,50,2
6739.png,1.0_1.0_1.0_5.0_10.0,8,36,34,97,61,26,5
674.png,1.0_5.0,3,27,28,50,23,25,2
6740.png,8.0_6.0,6,28,35,60,32,29,2
6741.png,9.0,10,61,72,100,39,62,1
6742.png,10.0,3,41,31,55,14,28,1
6743.png,1.0_7.0,16,85,79,122,37,63,2
6744.png,7.0_10.0,12,50,55,104,54,43,2
6745.png,2.0_10.0_10.0,39,92,74,134,42,35,3
6746.png,2.0_10.0,14,77,92,161,84,78,2
6747.png,2.0_4.0,6,27,32,52,25,26,2
6748.png,2.0_1.0_9.0,4,28,28,60,32,24,3
6749.png,1.0_6.0_9.0,4,27,23,50,23,19,3
675.png,3.0_6.0,3,36,50,89,53,47,2
6750.png,2.0_8.0,7,29,31,50,21,24,2
6751.png,5.0_9.0,11,57,62,82,25,51,2
6752.png,7.0,2,16,14,27,11,12,1
6753.png,2.0_9.0,10,50,49,92,42,39,2
6754.png,5.0_1.0,2,46,63,114,68,61,2
6755.png,1.0_3.0_10.0_10.0,7,35,37,81,46,30,4
6756.png,7.0,19,82,117,148,66,98,1
6757.png,7.0_1.0,24,160,54,187,27,30,2
6758.png,7.0_5.0_4.0,23,117,63,182,65,40,3
6759.png,6.0,1,7,35,24,17,34,1
676.png,1.0_6.0_2.0,13,59,76,161,102,63,3
6760.png,2.0_2.0_8.0_9.0,3,15,15,38,23,12,4
6761.png,9.0_5.0,2,21,24,45,24,22,2
6762.png,2.0_4.0,11,35,35,54,19,24,2
6763.png,1.0_3.0,7,30,44,67,37,37,2
6764.png,4.0,4,18,17,27,9,13,1
6765.png,9.0,3,23,21,35,12,18,1
6766.png,1.0_2.0_8.0,2,26,26,57,31,24,3
6767.png,5.0_6.0,9,39,48,80,41,39,2
6768.png,1.0_10.0_5.0,14,55,57,105,50,43,3
6769.png,6.0_10.0,8,31,39,58,27,31,2
677.png,6.0_3.0,1,22,21,41,19,20,2
6770.png,4.0_7.0,18,60,72,93,33,54,2
6771.png,1.0_5.0,14,54,57,84,30,43,2
6772.png,8.0_3.0,11,43,45,69,26,34,2
6773.png,7.0_9.0,15,44,47,78,34,32,2
6774.png,1.0,3,21,21,28,7,18,1
6775.png,4.0_8.0,11,45,38,59,14,27,2
6776.png,7.0_10.0,4,21,25,61,40,21,2
6777.png,8.0_4.0,4,23,22,45,22,18,2
6778.png,2.0_4.0,12,45,41,98,53,29,2
6779.png,3.0_5.0,1,18,22,40,22,21,2
678.png,1.0_1.0_4.0,7,48,53,95,47,46,3
6780.png,1.0_5.0_5.0,19,83,99,177,94,80,3
6781.png,3.0_9.0,11,75,85,162,87,74,2
6782.png,4.0,12,102,78,139,37,66,1
6783.png,5.0_8.0,3,24,25,49,25,22,2
6784.png,6.0_3.0,55,171,90,200,29,35,2
6785.png,3.0_7.0_1.0,16,114,121,246,132,105,3
6786.png,5.0_4.0_9.0,23,67,51,102,35,28,3
6787.png,6.0,19,65,72,78,13,53,1
6788.png,2.0_5.0_7.0_10.0,1,11,14,40,29,13,4
6789.png,1.0_6.0_10.0,3,18,21,40,22,18,3
679.png,1.0_10.0,8,42,49,72,30,41,2
6790.png,4.0_1.0,13,59,66,97,38,53,2
6791.png,1.0_1.0_9.0_3.0,13,35,49,120,85,36,4
6792.png,2.0,9,62,47,82,20,38,1
6793.png,2.0_8.0_4.0,13,47,49,116,69,36,3
6794.png,1.0_4.0_9.0,11,51,37,80,29,26,3
6795.png,9.0_6.0,26,74,58,104,30,32,2
6796.png,9.0_5.0,5,25,33,51,26,28,2
6797.png,2.0_3.0_9.0_2.0,1,11,14,46,35,13,4
6798.png,2.0_2.0,3,57,61,108,51,58,2
6799.png,7.0_8.0,4,26,25,47,21,21,2
68.png,5.0_4.0_2.0,14,71,54,122,51,40,3
680.png,1.0_1.0_5.0,10,35,31,60,25,21,3
6800.png,4.0_2.0,3,24,25,42,18,22,2
6801.png,3.0,13,56,63,92,36,50,1
6802.png,7.0_9.0,1,14,17,30,16,16,2
6803.png,4.0_8.0,10,38,26,53,15,16,2
6804.png,2.0_9.0,6,21,27,42,21,21,2
6805.png,2.0_3.0,8,27,29,55,28,21,2
6806.png,1.0_7.0,3,28,34,53,25,31,2
6807.png,3.0,13,51,49,73,22,36,1
6808.png,1.0_3.0,1,20,27,39,19,26,2
6809.png,9.0_7.0,5,18,25,37,19,20,2
681.png,7.0,7,8,66,34,26,59,1
6810.png,2.0_5.0_6.0_2.0,15,54,61,119,65,46,4
6811.png,1.0_6.0,14,47,50,87,40,36,2
6812.png,1.0_7.0_10.0,2,19,24,38,19,22,3
6813.png,3.0_2.0,3,17,20,32,15,17,2
6814.png,1.0_10.0_5.0,6,25,25,41,16,19,3
6815.png,4.0_4.0,8,31,28,51,20,20,2
6816.png,1.0_8.0_5.0,10,58,61,108,50,51,3
6817.png,2.0_1.0_6.0,3,15,20,35,20,17,3
6818.png,9.0,13,39,40,50,11,27,1
6819.png,2.0_8.0,14,54,55,80,26,41,2
682.png,4.0_9.0,4,21,29,39,18,25,2
6820.png,3.0_2.0_10.0,32,160,96,220,60,64,3
6821.png,4.0_7.0,2,21,20,40,19,18,2
6822.png,1.0_10.0,8,36,37,59,23,29,2
6823.png,1.0_8.0,11,34,31,49,15,20,2
6824.png,4.0_1.0,10,53,57,92,39,47,2
6825.png,2.0_2.0,25,76,69,116,40,44,2
6826.png,8.0,15,64,64,80,16,49,1
6827.png,3.0_6.0_3.0,6,30,34,66,36,28,3
6828.png,9.0_2.0,2,35,45,69,34,43,2
6829.png,1.0_1.0_3.0,7,43,47,86,43,40,3
683.png,1.0,5,32,36,47,15,31,1
6830.png,3.0_10.0_6.0_10.0,17,74,54,143,69,37,4
6831.png,1.0_1.0,9,50,60,95,45,51,2
6832.png,3.0_5.0_8.0,3,31,48,83,52,45,3
6833.png,6.0_10.0,5,18,65,80,62,60,2
6834.png,1.0_2.0_8.0,5,43,45,89,46,40,3
6835.png,2.0_7.0_2.0,18,67,59,136,69,41,3
6836.png,7.0_4.0_2.0,1,15,19,35,20,18,3
6837.png,6.0,4,22,26,38,16,22,1
6838.png,1.0_2.0_2.0,12,32,37,62,30,25,3
6839.png,3.0_7.0,3,19,25,40,21,22,2
684.png,2.0_5.0,7,39,46,65,26,39,2
6840.png,7.0_2.0,3,26,31,48,22,28,2
6841.png,2.0_9.0,11,59,77,115,56,66,2
6842.png,9.0_3.0_8.0,141,203,226,266,63,85,3
6843.png,1.0_7.0,8,44,42,64,20,34,2
6844.png,6.0_1.0,33,169,205,362,193,172,2
6845.png,2.0_6.0,18,62,47,84,22,29,2
6846.png,6.0_9.0,2,22,21,41,19,19,2
6847.png,5.0_1.0,2,22,22,36,14,20,2
6848.png,6.0,15,80,63,117,37,48,1
6849.png,1.0_10.0_4.0,5,30,36,69,39,31,3
685.png,2.0_1.0,1,19,22,41,22,21,2
6850.png,3.0_9.0_9.0,14,56,63,100,44,49,3
6851.png,1.0_1.0_4.0,9,32,28,50,18,19,3
6852.png,1.0_6.0,4,35,34,58,23,30,2
6853.png,3.0_3.0,4,27,34,57,30,30,2
6854.png,9.0_4.0,8,35,31,51,16,23,2
6855.png,2.0_2.0,5,37,43,74,37,38,2
6856.png,4.0_8.0,5,18,21,33,15,16,2
6857.png,7.0_5.0,2,80,47,121,41,45,2
6858.png,6.0_4.0_5.0,19,107,96,180,73,77,3
6859.png,8.0_4.0,5,31,36,61,30,31,2
686.png,1.0_5.0_4.0,10,50,61,102,52,51,3
6860.png,2.0_3.0,6,37,35,67,30,29,2
6861.png,4.0_4.0,4,25,31,52,27,27,2
6862.png,1.0_9.0,8,50,57,85,35,49,2
6863.png,2.0,8,41,59,67,26,51,1
6864.png,1.0_4.0_7.0,7,34,28,50,16,21,3
6865.png,6.0_7.0,11,49,48,71,22,37,2
6866.png,9.0_6.0,19,73,75,144,71,56,2
6867.png,1.0_10.0,4,21,21,35,14,17,2
6868.png,2.0_3.0,7,41,45,75,34,38,2
6869.png,4.0_2.0,6,36,49,86,50,43,2
687.png,1.0_1.0,7,22,20,32,10,13,2
6870.png,1.0_7.0,2,30,36,54,24,34,2
6871.png,1.0,9,35,44,55,20,35,1
6872.png,9.0_10.0,6,21,23,35,14,17,2
6873.png,4.0,14,72,63,107,35,49,1
6874.png,8.0_1.0,4,25,27,42,17,23,2
6875.png,4.0_9.0,7,39,54,95,56,47,2
6876.png,1.0_5.0,3,35,44,55,20,41,2
6877.png,2.0,28,0,97,31,31,69,1
6878.png,4.0_3.0,4,20,23,45,25,19,2
6879.png,5.0,31,128,143,203,75,112,1
688.png,1.0_5.0,9,47,56,85,38,47,2
6880.png,3.0_2.0,5,38,38,62,24,33,2
6881.png,4.0,9,35,41,49,14,32,1
6882.png,1.0_8.0,18,68,66,95,27,48,2
6883.png,1.0,4,21,29,32,11,25,1
6884.png,3.0_4.0,5,19,20,39,20,15,2
6885.png,5.0_8.0,4,28,41,74,46,37,2
6886.png,9.0_6.0,9,57,74,146,89,65,2
6887.png,2.0_8.0,6,27,33,61,34,27,2
6888.png,3.0_1.0,3,20,24,38,18,21,2
6889.png,2.0_2.0,13,146,46,188,42,33,2
689.png,7.0_1.0_3.0,35,217,122,293,76,87,3
6890.png,2.0_2.0,4,51,54,111,60,50,2
6891.png,4.0_3.0,5,34,42,70,36,37,2
6892.png,2.0_3.0,12,108,132,230,122,120,2
6893.png,1.0_3.0_8.0,9,45,46,90,45,37,3
6894.png,7.0_10.0,8,38,43,70,32,35,2
6895.png,2.0_9.0,6,28,31,54,26,25,2
6896.png,1.0_6.0,6,27,28,38,11,22,2
6897.png,9.0,14,107,152,191,84,138,1
6898.png,1.0_8.0_10.0,1,199,69,248,49,68,3
6899.png,7.0_4.0,2,16,20,32,16,18,2
69.png,4.0_4.0,12,54,62,81,27,50,2
690.png,1.0_9.0_8.0,4,29,33,70,41,29,3
6900.png,2.0_2.0,7,36,38,65,29,31,2
6901.png,1.0_3.0_6.0,6,32,31,65,33,25,3
6902.png,1.0,5,20,17,26,6,12,1
6903.png,2.0_3.0,9,29,33,53,24,24,2
6904.png,4.0_8.0,3,27,23,44,17,20,2
6905.png,6.0_4.0,2,21,23,45,24,21,2
6906.png,1.0_7.0_4.0,13,48,37,91,43,24,3
6907.png,2.0_5.0,8,45,48,94,49,40,2
6908.png,2.0_2.0_6.0,1,24,28,50,26,27,3
6909.png,6.0_6.0_2.0_2.0,7,35,39,97,62,32,4
691.png,5.0_5.0,1,24,38,57,33,37,2
6910.png,1.0_5.0,9,28,21,40,12,12,2
6911.png,2.0_5.0_5.0,5,22,25,53,31,20,3
6912.png,3.0_2.0,1,14,17,32,18,16,2
6913.png,2.0,7,51,53,73,22,46,1
6914.png,8.0_10.0,9,65,86,165,100,77,2
6915.png,1.0_2.0_5.0,16,14,48,50,36,32,3
6916.png,1.0_6.0,11,45,50,71,26,39,2
6917.png,2.0_9.0_3.0,14,52,37,79,27,23,3
6918.png,6.0_10.0_5.0,18,72,48,118,46,30,3
6919.png,8.0,11,57,64,85,28,53,1
692.png,3.0_5.0,10,46,49,91,45,39,2
6920.png,9.0_6.0,0,17,26,39,22,26,2
6921.png,9.0_9.0,1,14,14,32,18,13,2
6922.png,7.0_1.0,11,33,34,57,24,23,2
6923.png,5.0,7,53,59,81,28,52,1
6924.png,4.0,3,24,28,34,10,25,1
6925.png,4.0_10.0,1,28,29,55,27,28,2
6926.png,5.0,12,40,39,55,15,27,1
6927.png,4.0_5.0,7,38,44,77,39,37,2
6928.png,3.0_10.0,4,35,37,63,28,33,2
6929.png,5.0_4.0,13,47,47,82,35,34,2
693.png,2.0_2.0,9,72,95,156,84,86,2
6930.png,6.0_8.0_2.0,3,19,21,43,24,18,3
6931.png,8.0,13,56,65,80,24,52,1
6932.png,1.0_3.0,4,22,26,39,17,22,2
6933.png,1.0_8.0_10.0,18,124,110,257,133,92,3
6934.png,1.0_2.0_4.0,27,53,59,87,34,32,3
6935.png,2.0_2.0_6.0_3.0,1,23,27,72,49,26,4
6936.png,4.0_7.0,8,27,30,50,23,22,2
6937.png,8.0_9.0,7,50,66,121,71,59,2
6938.png,9.0_1.0,4,21,27,42,21,23,2
6939.png,1.0_2.0_1.0_5.0,3,30,33,98,68,30,4
694.png,7.0_2.0,1,27,34,52,25,33,2
6940.png,2.0,15,47,45,67,20,30,1
6941.png,2.0,5,30,31,41,11,26,1
6942.png,5.0_6.0,10,61,75,137,76,65,2
6943.png,1.0_9.0,2,20,24,38,18,22,2
6944.png,1.0_3.0,8,57,67,123,66,59,2
6945.png,3.0_9.0,5,36,42,81,45,37,2
6946.png,1.0_10.0_8.0,18,69,65,118,49,47,3
6947.png,2.0_9.0_5.0_8.0,33,98,67,141,43,34,4
6948.png,9.0,5,35,46,59,24,41,1
6949.png,2.0_4.0_6.0,3,51,54,119,68,51,3
695.png,5.0_8.0,5,27,27,44,17,22,2
6950.png,4.0_10.0_1.0,3,30,31,66,36,28,3
6951.png,9.0_9.0,5,42,66,102,60,61,2
6952.png,3.0_10.0_6.0,14,83,83,146,63,69,3
6953.png,6.0_10.0_7.0,28,125,128,216,91,100,3
6954.png,2.0_3.0_1.0,7,58,63,76,18,56,3
6955.png,1.0_9.0,15,60,47,88,28,32,2
6956.png,2.0_7.0,1,21,25,44,23,24,2
6957.png,1.0_8.0,5,21,20,36,15,15,2
6958.png,3.0_6.0,9,38,53,74,36,44,2
6959.png,1.0_3.0_4.0,1,9,13,31,22,12,3
696.png,1.0_9.0,9,48,35,79,31,26,2
6960.png,4.0,2,14,16,21,7,14,1
6961.png,2.0_3.0_2.0_6.0,4,19,24,66,47,20,4
6962.png,6.0_10.0_8.0,1,2,21,36,34,20,3
6963.png,1.0_9.0_7.0,19,55,39,78,23,20,3
6964.png,7.0_2.0,4,24,34,61,37,30,2
6965.png,1.0_5.0_9.0,31,130,111,218,88,80,3
6966.png,1.0_7.0,8,27,28,45,18,20,2
6967.png,6.0_2.0,31,124,55,155,31,24,2
6968.png,5.0,52,179,168,223,44,116,1
6969.png,3.0_1.0,3,20,21,44,24,18,2
697.png,1.0_7.0,9,67,104,143,76,95,2
6970.png,2.0_2.0,1,22,33,58,36,32,2
6971.png,1.0_2.0_8.0_8.0,1,12,17,48,36,16,4
6972.png,4.0_2.0_4.0,15,84,81,163,79,66,3
6973.png,6.0_5.0_8.0,12,109,50,162,53,38,3
6974.png,8.0,3,29,38,48,19,35,1
6975.png,4.0_5.0,2,23,22,41,18,20,2
6976.png,2.0_2.0_6.0,12,58,42,85,27,30,3
6977.png,4.0_5.0,14,52,64,111,59,50,2
6978.png,4.0_10.0_1.0,4,48,48,90,42,44,3
6979.png,1.0_6.0_10.0,6,97,79,156,59,73,3
698.png,1.0_10.0_4.0_4.0,47,131,89,189,58,42,4
6980.png,9.0_9.0,42,115,130,196,81,88,2
6981.png,3.0_10.0,5,32,26,58,26,21,2
6982.png,1.0_10.0,11,35,35,45,10,24,2
6983.png,4.0_7.0,29,114,100,188,74,71,2
6984.png,1.0_9.0_3.0,5,25,27,53,28,22,3
6985.png,1.0_5.0_9.0,17,84,72,139,55,55,3
6986.png,1.0,7,38,32,50,12,25,1
6987.png,9.0_10.0,4,19,19,34,15,15,2
6988.png,5.0_6.0,11,55,65,121,66,54,2
6989.png,1.0_8.0,2,58,64,140,82,62,2
699.png,9.0_8.0,9,38,37,60,22,28,2
6990.png,4.0_3.0,10,47,60,105,58,50,2
6991.png,3.0_10.0_10.0,11,75,95,161,86,84,3
6992.png,2.0_4.0,13,54,65,104,50,52,2
6993.png,6.0_9.0,3,24,28,45,21,25,2
6994.png,5.0_3.0,7,28,28,48,20,21,2
6995.png,3.0_10.0,2,22,27,45,23,25,2
6996.png,1.0,10,42,44,57,15,34,1
6997.png,6.0_5.0,1,19,21,39,20,20,2
6998.png,4.0_1.0,3,19,22,31,12,19,2
6999.png,9.0_1.0_1.0,23,128,52,158,30,29,3
7.png,2.0_8.0,10,35,43,60,25,33,2
70.png,3.0_1.0,5,20,21,37,17,16,2
700.png,1.0,13,46,40,55,9,27,1
7000.png,1.0_7.0_2.0,23,72,56,112,40,33,3
7001.png,6.0_10.0,1,39,49,88,49,48,2
7002.png,3.0_8.0,15,173,99,219,46,84,2
7003.png,2.0_7.0,8,25,25,38,13,17,2
7004.png,3.0_1.0,1,17,16,29,12,15,2
7005.png,6.0,1,16,14,27,11,13,1
7006.png,3.0_1.0,3,24,40,60,36,37,2
7007.png,1.0_6.0,11,70,87,138,68,76,2
7008.png,1.0_7.0,14,59,49,85,26,35,2
7009.png,7.0_1.0,1,64,95,141,77,94,2
701.png,1.0,5,38,42,50,12,37,1
7010.png,2.0,9,36,40,49,13,31,1
7011.png,2.0_9.0,1,19,26,39,20,25,2
7012.png,2.0_9.0,3,55,66,82,27,63,2
7013.png,5.0_10.0_1.0,23,63,70,113,50,47,3
7014.png,3.0_4.0,6,26,25,40,14,19,2
7015.png,2.0_6.0,19,81,96,163,82,77,2
7016.png,3.0_7.0,8,37,40,78,41,32,2
7017.png,4.0,2,25,31,42,17,29,1
7018.png,8.0_5.0,4,27,27,52,25,23,2
7019.png,2.0_2.0_3.0_4.0,1,14,13,36,22,12,4
702.png,7.0,3,29,34,41,12,31,1
7020.png,2.0_7.0_5.0_8.0,1,13,14,44,31,13,4
7021.png,7.0_10.0,19,85,95,151,66,76,2
7022.png,5.0_4.0,6,49,51,108,59,45,2
7023.png,1.0_2.0_2.0,1,30,38,66,36,37,3
7024.png,2.0_3.0_10.0,24,59,53,102,43,29,3
7025.png,1.0_10.0,1,16,22,34,18,21,2
7026.png,1.0,8,50,58,62,12,50,1
7027.png,2.0_3.0_10.0,7,46,42,92,46,35,3
7028.png,1.0_9.0,2,29,32,52,23,30,2
7029.png,1.0_8.0,6,87,108,133,46,102,2
703.png,5.0_3.0,3,31,33,71,40,30,2
7030.png,4.0_8.0_10.0,19,73,85,161,88,66,3
7031.png,2.0_1.0,22,67,65,103,36,43,2
7032.png,4.0_8.0,2,38,36,68,30,34,2
7033.png,1.0_8.0,4,22,22,38,16,18,2
7034.png,1.0_5.0,8,45,50,75,30,42,2
7035.png,3.0_5.0,8,33,37,62,29,29,2
7036.png,1.0_5.0_6.0,26,120,108,216,96,82,3
7037.png,7.0_7.0,2,27,31,58,31,29,2
7038.png,7.0,5,22,22,30,8,17,1
7039.png,4.0_10.0_3.0,11,73,66,124,51,55,3
704.png,10.0_4.0_8.0,4,29,45,63,34,41,3
7040.png,3.0_1.0,7,67,85,144,77,78,2
7041.png,6.0_10.0,3,26,29,48,22,26,2
7042.png,8.0_9.0,2,31,33,59,28,31,2
7043.png,3.0_9.0,4,25,26,41,16,22,2
7044.png,1.0_10.0,4,25,29,50,25,25,2
7045.png,1.0_3.0_4.0,11,41,46,90,49,35,3
7046.png,6.0_2.0,11,31,26,43,12,15,2
7047.png,1.0,6,27,26,33,6,20,1
7048.png,1.0_4.0_1.0,4,38,31,75,37,27,3
7049.png,2.0_9.0,10,30,31,54,24,21,2
705.png,2.0_9.0,4,21,26,43,22,22,2
7050.png,3.0_4.0,9,33,30,54,21,21,2
7051.png,7.0,81,232,185,288,56,104,1
7052.png,1.0_6.0_2.0,16,83,58,124,41,42,3
7053.png,4.0_9.0,18,58,60,97,39,42,2
7054.png,2.0_9.0_4.0,17,85,58,133,48,41,3
7055.png,1.0_5.0_10.0,4,22,26,67,45,22,3
7056.png,9.0_8.0,10,47,53,96,49,43,2
7057.png,1.0_9.0,21,76,77,114,38,56,2
7058.png,3.0_3.0_3.0,7,40,44,107,67,37,3
7059.png,1.0_1.0,9,52,67,89,37,58,2
706.png,2.0_10.0_4.0,1,20,22,43,23,21,3
7060.png,4.0_2.0,14,59,75,147,88,61,2
7061.png,4.0_2.0_1.0,30,65,63,95,30,33,3
7062.png,3.0_2.0_3.0,5,40,51,121,81,46,3
7063.png,5.0_7.0,1,21,30,54,33,29,2
7064.png,2.0,2,21,27,38,17,25,1
7065.png,10.0,10,81,51,98,17,41,1
7066.png,6.0_6.0,4,45,60,90,45,56,2
7067.png,1.0_10.0_1.0,8,44,46,85,41,38,3
7068.png,2.0_9.0_2.0,15,44,41,76,32,26,3
7069.png,4.0_1.0,4,32,36,65,33,32,2
707.png,9.0_10.0,12,48,40,78,30,28,2
7070.png,9.0,9,45,37,62,17,28,1
7071.png,2.0_2.0,2,25,30,44,19,28,2
7072.png,3.0,6,52,55,69,17,49,1
7073.png,4.0_10.0,1,20,24,56,36,23,2
7074.png,1.0_2.0_8.0,1,15,18,39,24,17,3
7075.png,5.0_9.0,8,75,89,143,68,81,2
7076.png,5.0_2.0,10,36,38,72,36,28,2
7077.png,4.0_6.0_2.0,34,255,66,286,31,32,3
7078.png,4.0_2.0,2,25,30,44,19,28,2
7079.png,4.0,2,20,18,28,8,16,1
708.png,2.0_5.0_10.0,23,99,93,198,99,70,3
7080.png,2.0_6.0,49,37,89,87,50,40,2
7081.png,1.0_9.0_9.0,7,44,55,113,69,48,3
7082.png,1.0_6.0,4,36,42,75,39,38,2
7083.png,1.0_10.0_5.0,6,22,25,49,27,19,3
7084.png,2.0_5.0_6.0_3.0,1,14,16,53,39,15,4
7085.png,1.0_4.0_6.0,15,72,70,105,33,55,3
7086.png,1.0_3.0_3.0,39,75,68,105,30,29,3
7087.png,3.0_6.0,3,37,54,82,45,51,2
7088.png,2.0_8.0_6.0,13,39,34,72,33,21,3
7089.png,3.0_1.0,3,16,21,33,17,18,2
709.png,1.0_6.0_1.0,19,82,77,142,60,58,3
7090.png,7.0_1.0,14,48,52,76,28,38,2
7091.png,6.0,4,23,29,37,14,25,1
7092.png,1.0_3.0,3,40,46,74,34,43,2
7093.png,4.0_1.0,5,32,40,61,29,35,2
7094.png,3.0_4.0,1,17,21,36,19,20,2
7095.png,2.0_4.0_3.0_10.0,5,24,25,60,36,20,4
7096.png,2.0_3.0_7.0_8.0,1,16,15,41,25,14,4
7097.png,1.0_5.0,2,29,38,71,42,36,2
7098.png,6.0_9.0_3.0,44,77,70,119,42,26,3
7099.png,2.0_2.0,3,23,25,45,22,22,2
71.png,2.0_3.0_8.0_6.0,3,24,26,68,44,23,4
710.png,10.0_10.0,44,104,89,156,52,45,2
7100.png,4.0,24,77,84,93,16,60,1
7101.png,4.0_1.0,9,49,48,82,33,39,2
7102.png,8.0_9.0,4,37,45,80,43,41,2
7103.png,2.0_7.0_6.0,1,10,15,33,23,14,3
7104.png,2.0,7,39,42,59,20,35,1
7105.png,2.0,4,33,37,51,18,33,1
7106.png,8.0,6,21,23,33,12,17,1
7107.png,7.0,13,90,110,146,56,97,1
7108.png,2.0_10.0,29,144,175,257,113,146,2
7109.png,2.0,9,26,21,32,6,12,1
711.png,7.0,4,31,46,61,30,42,1
7110.png,3.0_4.0_8.0,9,43,41,91,48,32,3
7111.png,1.0_1.0,18,108,106,153,45,88,2
7112.png,4.0_9.0,5,34,37,72,38,32,2
7113.png,1.0_4.0,2,22,29,47,25,27,2
7114.png,2.0_7.0,8,54,65,101,47,57,2
7115.png,2.0_10.0,10,43,40,75,32,30,2
7116.png,2.0_5.0,27,119,112,219,100,85,2
7117.png,1.0_3.0_8.0,22,99,116,167,68,94,3
7118.png,2.0,6,19,25,28,9,19,1
7119.png,1.0_9.0,7,31,34,55,24,27,2
712.png,4.0,8,49,55,79,30,47,1
7120.png,1.0_5.0,7,26,27,48,22,20,2
7121.png,2.0_2.0,18,85,103,167,82,85,2
7122.png,1.0_4.0_3.0,6,34,38,68,34,32,3
7123.png,5.0_6.0,16,96,127,189,93,111,2
7124.png,1.0_4.0,3,22,25,42,20,22,2
7125.png,1.0,6,24,28,34,10,22,1
7126.png,1.0_2.0_2.0,8,41,40,73,32,32,3
7127.png,1.0_1.0_10.0,2,16,22,48,32,20,3
7128.png,1.0_9.0_6.0_9.0,9,48,68,113,65,59,4
7129.png,3.0_8.0_6.0,7,41,50,92,51,43,3
713.png,4.0_8.0,1,16,17,29,13,16,2
7130.png,1.0_8.0_7.0,4,31,33,68,37,29,3
7131.png,1.0_10.0_1.0,14,96,113,185,89,99,3
7132.png,2.0_6.0_10.0_1.0,1,16,16,48,32,15,4
7133.png,2.0_7.0,8,30,31,47,17,23,2
7134.png,9.0_1.0,38,129,103,175,46,65,2
7135.png,2.0,10,32,70,69,37,60,1
7136.png,1.0_10.0_3.0,13,54,53,87,33,40,3
7137.png,1.0_10.0_1.0,5,33,37,58,25,32,3
7138.png,1.0_10.0_8.0,4,23,26,44,21,22,3
7139.png,1.0_7.0_9.0,8,33,38,65,32,30,3
714.png,3.0_10.0,19,80,62,127,47,43,2
7140.png,1.0_10.0,1,31,35,64,33,34,2
7141.png,1.0_2.0_9.0,25,116,48,150,34,23,3
7142.png,5.0_1.0,12,59,67,113,54,55,2
7143.png,1.0_6.0_8.0,4,23,23,56,33,19,3
7144.png,1.0_9.0_3.0,3,22,31,58,36,28,3
7145.png,6.0_10.0,7,40,45,78,38,38,2
7146.png,1.0_7.0,4,29,38,52,23,34,2
7147.png,5.0_2.0,10,43,48,87,44,38,2
7148.png,3.0_1.0,15,53,67,92,39,52,2
7149.png,2.0_6.0_5.0,1,17,18,44,27,17,3
715.png,2.0_9.0,9,21,24,34,13,15,2
7150.png,3.0_1.0,11,47,44,61,14,33,2
7151.png,3.0_5.0,7,32,39,57,25,32,2
7152.png,7.0_7.0,70,163,119,206,43,49,2
7153.png,5.0_2.0_10.0,40,161,117,216,55,77,3
7154.png,1.0_2.0_10.0,14,43,30,62,19,16,3
7155.png,1.0_4.0,14,78,80,106,28,66,2
7156.png,2.0,7,40,50,69,29,43,1
7157.png,2.0_7.0,11,37,47,67,30,36,2
7158.png,5.0_8.0,8,37,34,59,22,26,2
7159.png,1.0_9.0,2,19,18,32,13,16,2
716.png,5.0_1.0,4,19,22,33,14,18,2
7160.png,7.0,9,61,65,82,21,56,1
7161.png,1.0_5.0,4,35,49,77,42,45,2
7162.png,7.0,7,44,64,82,38,57,1
7163.png,1.0_5.0_2.0,22,51,43,74,23,21,3
7164.png,7.0_9.0,4,31,33,60,29,29,2
7165.png,2.0,9,48,49,72,24,40,1
7166.png,1.0_7.0_8.0_3.0,1,13,13,44,31,12,4
7167.png,8.0_5.0_7.0,51,107,86,165,58,35,3
7168.png,4.0,3,17,21,25,8,18,1
7169.png,2.0_2.0,5,22,27,39,17,22,2
717.png,2.0,8,28,32,41,13,24,1
7170.png,3.0,3,21,29,33,12,26,1
7171.png,1.0_5.0,1,22,27,38,16,26,2
7172.png,7.0_7.0,4,16,19,33,17,15,2
7173.png,2.0_8.0,6,47,47,157,110,41,2
7174.png,3.0,1,14,20,26,12,19,1
7175.png,1.0,8,45,52,63,18,44,1
7176.png,3.0_3.0,19,118,84,169,51,65,2
7177.png,2.0_8.0,32,107,91,170,63,59,2
7178.png,9.0_7.0_10.0,20,71,70,118,47,50,3
7179.png,2.0_7.0,7,29,27,42,13,20,2
718.png,3.0_8.0_5.0,34,120,83,195,75,49,3
7180.png,2.0_3.0_1.0,20,60,63,87,27,43,3
7181.png,1.0_5.0_1.0_4.0,20,75,82,175,100,62,4
7182.png,3.0_2.0_7.0,12,133,90,261,128,78,3
7183.png,7.0,2,22,26,40,18,24,1
7184.png,2.0_2.0_6.0,9,40,32,70,30,23,3
7185.png,8.0_4.0,2,0,17,23,23,15,2
7186.png,2.0_10.0,5,20,20,34,14,15,2
7187.png,2.0_1.0,6,41,51,83,42,45,2
7188.png,1.0_7.0,7,42,44,68,26,37,2
7189.png,4.0_1.0,8,39,32,65,26,24,2
719.png,7.0_2.0,8,25,23,40,15,15,2
7190.png,2.0_10.0_10.0,22,85,64,151,66,42,3
7191.png,5.0,1,17,17,28,11,16,1
7192.png,3.0,5,20,22,28,8,17,1
7193.png,1.0_5.0,10,70,68,102,32,58,2
7194.png,4.0,5,34,26,46,12,21,1
7195.png,5.0_5.0,2,21,24,35,14,22,2
7196.png,8.0,21,103,91,147,44,70,1
7197.png,1.0_10.0,6,23,32,48,25,26,2
7198.png,7.0_10.0_10.0,15,40,72,109,69,57,3
7199.png,2.0_2.0,5,29,28,49,20,23,2
72.png,1.0_5.0,5,26,23,45,19,18,2
720.png,4.0,6,32,35,50,18,29,1
7200.png,7.0_4.0,16,47,42,78,31,26,2
7201.png,5.0_8.0,1,27,27,46,19,26,2
7202.png,5.0_6.0,3,43,53,101,58,50,2
7203.png,1.0,1,27,42,43,16,41,1
7204.png,6.0,5,18,23,31,13,18,1
7205.png,2.0_1.0,4,35,40,61,26,36,2
7206.png,6.0,12,61,63,87,26,51,1
7207.png,4.0_4.0,6,34,38,72,38,32,2
7208.png,2.0_7.0_6.0,13,64,62,119,55,49,3
7209.png,6.0_5.0,5,38,45,70,32,40,2
721.png,3.0,3,37,41,57,20,38,1
7210.png,1.0_4.0,3,25,34,49,24,31,2
7211.png,2.0_4.0_4.0,2,15,16,33,18,14,3
7212.png,3.0,11,78,72,127,49,61,1
7213.png,4.0_1.0,4,21,19,31,10,15,2
7214.png,9.0_2.0,1,13,14,26,13,13,2
7215.png,3.0,3,24,27,34,10,24,1
7216.png,2.0,11,46,48,67,21,37,1
7217.png,1.0_4.0,9,40,39,63,23,30,2
7218.png,1.0_10.0,8,32,32,54,22,24,2
7219.png,6.0_10.0,44,77,72,104,27,28,2
722.png,4.0_3.0_7.0,19,66,55,102,36,36,3
7220.png,2.0_5.0,43,158,97,249,91,54,2
7221.png,2.0_4.0,1,18,21,34,16,20,2
7222.png,5.0_10.0_8.0,17,98,86,207,109,69,3
7223.png,2.0_3.0_1.0,9,65,52,117,52,43,3
7224.png,1.0_5.0_2.0_6.0,1,18,19,84,66,18,4
7225.png,3.0,10,34,34,44,10,24,1
7226.png,2.0_1.0_9.0,91,231,156,302,71,65,3
7227.png,6.0_9.0,8,39,54,75,36,46,2
7228.png,4.0_10.0_2.0,39,117,95,206,89,56,3
7229.png,6.0_1.0_1.0,21,111,140,162,51,119,3
723.png,1.0_6.0,3,22,19,35,13,16,2
7230.png,1.0_9.0_9.0_10.0,1,15,18,53,38,17,4
7231.png,1.0_8.0,4,57,71,111,54,67,2
7232.png,4.0_3.0,6,37,46,66,29,40,2
7233.png,5.0_6.0,8,51,59,103,52,51,2
7234.png,3.0_5.0,2,18,15,29,11,13,2
7235.png,1.0_3.0_10.0,1,18,25,37,19,24,3
7236.png,1.0_6.0,6,37,52,89,52,46,2
7237.png,8.0,1,24,21,37,13,20,1
7238.png,4.0,10,52,37,66,14,27,1
7239.png,5.0_8.0,1,62,83,145,83,82,2
724.png,2.0_7.0,57,0,168,86,86,111,2
7240.png,1.0_8.0_10.0,11,54,43,87,33,32,3
7241.png,1.0_3.0_2.0,4,42,61,126,84,57,3
7242.png,3.0_2.0,13,45,52,77,32,39,2
7243.png,7.0_2.0,5,26,37,59,33,32,2
7244.png,2.0_4.0,7,27,28,52,25,21,2
7245.png,6.0_7.0_4.0,3,15,17,29,14,14,3
7246.png,3.0_7.0_3.0,15,81,68,152,71,53,3
7247.png,8.0,4,38,28,51,13,24,1
7248.png,3.0_4.0,8,38,51,72,34,43,2
7249.png,8.0_6.0,13,55,60,84,29,47,2
725.png,1.0_5.0_8.0,9,32,36,53,21,27,3
7250.png,7.0_10.0,1,20,27,38,18,26,2
7251.png,1.0_1.0_10.0,11,74,90,158,84,79,3
7252.png,5.0_10.0,1,58,77,134,76,76,2
7253.png,7.0,12,40,36,52,12,24,1
7254.png,1.0_9.0_3.0,6,40,46,70,30,40,3
7255.png,1.0_2.0_6.0,19,35,38,56,21,19,3
7256.png,7.0,7,27,32,38,11,25,1
7257.png,4.0_6.0_4.0,8,62,63,125,63,55,3
7258.png,7.0_1.0_4.0,20,100,42,128,28,22,3
7259.png,3.0_5.0,17,53,37,74,21,20,2
726.png,6.0_8.0,49,136,134,229,93,85,2
7260.png,1.0_1.0_7.0,2,24,31,56,32,29,3
7261.png,9.0_5.0,2,55,69,113,58,67,2
7262.png,5.0_3.0_1.0,1,16,12,33,17,11,3
7263.png,5.0,8,48,46,64,16,38,1
7264.png,3.0_4.0_5.0,6,27,36,51,24,30,3
7265.png,2.0,11,46,42,64,18,31,1
7266.png,1.0_5.0,2,30,37,48,18,35,2
7267.png,7.0_4.0,10,57,56,98,41,46,2
7268.png,5.0_7.0,3,33,34,66,33,31,2
7269.png,2.0_2.0_6.0_2.0,1,11,15,39,28,14,4
727.png,1.0_1.0_4.0,1,21,29,54,33,28,3
7270.png,6.0,1,22,26,38,16,25,1
7271.png,4.0,13,51,42,71,20,29,1
7272.png,1.0_8.0,8,32,44,55,23,36,2
7273.png,5.0,7,47,43,67,20,36,1
7274.png,1.0_2.0_5.0,12,33,38,63,30,26,3
7275.png,1.0_9.0,2,15,17,28,13,15,2
7276.png,3.0_3.0,5,35,46,82,47,41,2
7277.png,4.0_10.0,12,40,48,90,50,36,2
7278.png,3.0,6,45,46,72,27,40,1
7279.png,7.0_5.0,13,45,35,63,18,22,2
728.png,9.0,7,3,25,11,8,18,1
7280.png,3.0_7.0,70,216,132,270,54,62,2
7281.png,7.0_2.0,9,65,39,96,31,30,2
7282.png,3.0_4.0_2.0,13,53,53,98,45,40,3
7283.png,9.0_5.0,4,32,33,60,28,29,2
7284.png,3.0_6.0_10.0,14,54,66,166,112,52,3
7285.png,9.0_1.0,2,21,22,34,13,20,2
7286.png,1.0_1.0_4.0,1,33,49,89,56,48,3
7287.png,1.0_8.0,11,50,55,82,32,44,2
7288.png,3.0_4.0_6.0,1,42,57,103,61,56,3
7289.png,1.0_7.0,5,19,23,40,21,18,2
729.png,1.0_8.0,15,58,52,97,39,37,2
7290.png,5.0,20,78,76,107,29,56,1
7291.png,8.0_10.0,1,18,15,31,13,14,2
7292.png,2.0_2.0,2,17,18,36,19,16,2
7293.png,1.0_2.0_5.0_5.0,14,43,35,94,51,21,4
7294.png,8.0_4.0,5,20,23,40,20,18,2
7295.png,6.0_7.0_3.0,19,56,50,97,41,31,3
7296.png,1.0_4.0_8.0,17,56,63,97,41,46,3
7297.png,2.0_10.0,16,85,66,140,55,50,2
7298.png,1.0_1.0_7.0,17,59,61,98,39,44,3
7299.png,1.0_10.0,17,80,88,131,51,71,2
73.png,3.0,3,18,17,23,5,14,1
730.png,2.0_6.0_4.0,8,60,52,117,57,44,3
7300.png,4.0_2.0,8,42,35,60,18,27,2
7301.png,7.0_10.0,61,100,86,139,39,25,2
7302.png,6.0,3,37,52,63,26,49,1
7303.png,7.0_9.0,6,21,22,35,14,16,2
7304.png,4.0_9.0,5,24,20,36,12,15,2
7305.png,2.0_5.0_1.0,3,26,27,62,36,24,3
7306.png,1.0_10.0_5.0,24,93,93,147,54,69,3
7307.png,3.0_8.0,6,24,28,38,14,22,2
7308.png,6.0_2.0_9.0,16,59,39,96,37,23,3
7309.png,4.0_10.0_1.0,21,20,79,66,46,58,3
731.png,2.0_2.0_6.0_7.0,1,22,27,72,50,26,4
7310.png,3.0_2.0_6.0,41,153,132,248,95,91,3
7311.png,1.0_3.0_1.0,9,66,94,200,134,85,3
7312.png,3.0,5,27,24,39,12,19,1
7313.png,1.0_4.0_10.0,5,30,34,58,28,29,3
7314.png,1.0_3.0_1.0,11,34,39,61,27,28,3
7315.png,3.0,9,52,57,89,37,48,1
7316.png,9.0_6.0,5,34,48,85,51,43,2
7317.png,1.0_7.0_7.0,8,23,37,67,44,29,3
7318.png,3.0_8.0,3,21,25,41,20,22,2
7319.png,2.0_9.0,1,18,19,37,19,18,2
732.png,1.0_3.0,6,36,43,73,37,37,2
7320.png,2.0_3.0,10,47,46,85,38,36,2
7321.png,3.0_1.0_7.0,18,65,44,100,35,26,3
7322.png,1.0_2.0,5,31,38,63,32,33,2
7323.png,8.0_8.0,20,85,96,163,78,76,2
7324.png,2.0_6.0_10.0,13,45,48,84,39,35,3
7325.png,8.0,5,28,33,42,14,28,1
7326.png,5.0_10.0,1,29,30,55,26,29,2
7327.png,5.0_7.0,5,31,34,58,27,29,2
7328.png,1.0_1.0_6.0,13,51,60,113,62,47,3
7329.png,2.0_8.0,8,49,53,104,55,45,2
733.png,5.0_6.0,9,47,64,108,61,55,2
7330.png,2.0_6.0_2.0,1,21,25,46,25,24,3
7331.png,1.0_2.0,18,68,79,123,55,61,2
7332.png,1.0_3.0_1.0_8.0,2,17,20,51,34,18,4
7333.png,1.0_7.0,7,42,47,66,24,40,2
7334.png,1.0_4.0,2,16,16,30,14,14,2
7335.png,9.0_10.0,8,73,91,159,86,83,2
7336.png,6.0_5.0,4,30,35,66,36,31,2
7337.png,1.0_1.0_9.0,8,52,62,105,53,54,3
7338.png,1.0_4.0,2,27,33,57,30,31,2
7339.png,1.0,11,52,57,70,18,46,1
734.png,4.0,1,17,19,27,10,18,1
7340.png,7.0_3.0,9,35,37,68,33,28,2
7341.png,3.0,10,67,46,84,17,36,1
7342.png,2.0,1,17,26,31,14,25,1
7343.png,5.0_7.0,10,44,32,75,31,22,2
7344.png,1.0_4.0_7.0_5.0,3,11,14,41,30,11,4
7345.png,2.0_8.0,3,20,23,40,20,20,2
7346.png,7.0_5.0,4,43,49,91,48,45,2
7347.png,1.0_9.0_4.0,2,23,25,49,26,23,3
7348.png,8.0_6.0,1,15,16,37,22,15,2
7349.png,1.0_7.0,1,19,23,39,20,22,2
735.png,7.0_3.0,6,44,45,73,29,39,2
7350.png,3.0,8,45,48,72,27,40,1
7351.png,7.0_9.0_2.0,8,23,27,52,29,19,3
7352.png,1.0_5.0,7,41,42,70,29,35,2
7353.png,1.0_1.0_6.0_10.0,12,70,58,148,78,46,4
7354.png,9.0_7.0,3,37,42,83,46,39,2
7355.png,2.0_7.0_4.0,38,82,88,146,64,50,3
7356.png,5.0_3.0,1,16,22,41,25,21,2
7357.png,8.0_2.0,12,61,47,85,24,35,2
7358.png,2.0_5.0,17,62,71,120,58,54,2
7359.png,9.0,5,50,48,80,30,43,1
736.png,1.0_6.0_3.0,3,19,22,51,32,19,3
7360.png,9.0,7,40,51,57,17,44,1
7361.png,1.0_10.0_6.0,1,16,17,39,23,16,3
7362.png,4.0_1.0_10.0,1,19,24,62,43,23,3
7363.png,5.0_2.0_7.0,21,125,77,179,54,56,3
7364.png,1.0_7.0,7,40,34,66,26,27,2
7365.png,1.0_6.0,2,31,27,42,11,25,2
7366.png,1.0_9.0,3,19,16,29,10,13,2
7367.png,4.0_7.0,10,55,59,99,44,49,2
7368.png,1.0_9.0,10,36,33,47,11,23,2
7369.png,2.0,1,14,17,25,11,16,1
737.png,2.0_4.0,10,39,46,64,25,36,2
7370.png,4.0_10.0_9.0,12,44,38,75,31,26,3
7371.png,10.0_2.0,5,45,62,106,61,57,2
7372.png,1.0_4.0,5,33,43,61,28,38,2
7373.png,4.0_3.0,15,48,33,72,24,18,2
7374.png,5.0_10.0,11,53,61,80,27,50,2
7375.png,1.0_7.0,9,27,24,44,17,15,2
7376.png,7.0_4.0,2,20,24,42,22,22,2
7377.png,2.0_5.0,10,34,46,62,28,36,2
7378.png,5.0_2.0,5,23,24,45,22,19,2
7379.png,1.0_1.0,3,21,20,35,14,17,2
738.png,6.0_7.0,20,83,104,158,75,84,2
7380.png,2.0_10.0,2,34,73,117,83,71,2
7381.png,2.0_4.0_3.0_10.0,9,41,44,131,90,35,4
7382.png,2.0_2.0,19,70,72,131,61,53,2
7383.png,1.0_1.0_5.0,7,39,39,58,19,32,3
7384.png,1.0_10.0_6.0,1,17,20,43,26,19,3
7385.png,8.0_1.0,6,36,43,59,23,37,2
7386.png,2.0_8.0,7,32,31,55,23,24,2
7387.png,1.0_1.0,2,24,24,38,14,22,2
7388.png,2.0_7.0,3,17,21,37,20,18,2
7389.png,4.0_6.0,9,40,42,67,27,33,2
739.png,8.0_5.0,12,60,56,99,39,44,2
7390.png,9.0_5.0_7.0,18,81,58,147,66,40,3
7391.png,4.0,1,19,18,29,10,17,1
7392.png,6.0_1.0,4,33,39,53,20,35,2
7393.png,1.0_1.0_10.0,3,23,28,55,32,25,3
7394.png,3.0_10.0,12,39,40,65,26,28,2
7395.png,1.0_7.0,3,43,57,97,54,54,2
7396.png,8.0_8.0,1,12,14,26,14,13,2
7397.png,4.0_4.0,5,33,44,61,28,39,2
7398.png,4.0_3.0,10,50,56,87,37,46,2
7399.png,7.0,9,43,51,61,18,42,1
74.png,3.0_3.0,4,28,32,52,24,28,2
740.png,8.0_1.0,2,13,18,27,14,16,2
7400.png,6.0_2.0,14,39,43,55,16,29,2
7401.png,4.0,10,72,68,94,22,58,1
7402.png,1.0_1.0,3,24,26,43,19,23,2
7403.png,6.0_1.0,6,25,23,38,13,17,2
7404.png,3.0_3.0,5,31,32,57,26,27,2
7405.png,3.0_8.0_5.0,3,23,24,49,26,21,3
7406.png,1.0,9,51,54,71,20,45,1
7407.png,8.0_6.0,9,29,28,41,12,19,2
7408.png,3.0_6.0,7,39,50,81,42,43,2
7409.png,1.0_5.0,1,40,51,84,44,50,2
741.png,9.0_2.0,16,42,40,66,24,24,2
7410.png,2.0_9.0,1,23,33,75,52,32,2
7411.png,3.0,23,70,76,97,27,53,1
7412.png,2.0_6.0,2,18,22,34,16,20,2
7413.png,5.0,13,67,55,92,25,42,1
7414.png,3.0_5.0,2,25,30,60,35,28,2
7415.png,1.0,4,30,37,45,15,33,1
7416.png,1.0_1.0,6,27,24,40,13,18,2
7417.png,1.0_5.0,6,35,44,70,35,38,2
7418.png,3.0_9.0,6,25,35,44,19,29,2
7419.png,1.0_5.0,6,31,36,48,17,30,2
742.png,3.0_5.0_5.0,7,26,32,47,21,25,3
7420.png,1.0_7.0,4,24,28,40,16,24,2
7421.png,1.0_10.0,12,102,108,196,94,96,2
7422.png,1.0_3.0,7,43,49,69,26,42,2
7423.png,1.0_2.0_2.0_4.0,17,99,57,155,56,40,4
7424.png,3.0_3.0_5.0,1,20,23,44,24,22,3
7425.png,4.0_4.0_5.0,13,67,62,135,68,49,3
7426.png,4.0_1.0,11,82,89,166,84,78,2
7427.png,3.0_7.0,8,52,66,84,32,58,2
7428.png,6.0_7.0,6,30,34,53,23,28,2
7429.png,2.0_9.0_9.0,23,89,81,149,60,58,3
743.png,1.0,2,20,21,24,4,19,1
7430.png,1.0_4.0_3.0,12,48,38,76,28,26,3
7431.png,3.0_3.0,1,30,28,60,30,27,2
7432.png,2.0_10.0,2,37,47,80,43,45,2
7433.png,6.0_7.0_8.0,32,150,69,209,59,37,3
7434.png,1.0_8.0_3.0_7.0,16,65,72,119,54,56,4
7435.png,6.0,7,42,45,65,23,38,1
7436.png,7.0,4,34,37,59,25,33,1
7437.png,1.0_5.0_7.0_4.0,3,22,26,68,46,23,4
7438.png,3.0_7.0_6.0,15,62,69,94,32,54,3
7439.png,4.0_2.0_1.0,8,66,67,137,71,59,3
744.png,3.0_6.0,9,35,47,74,39,38,2
7440.png,4.0_1.0,7,15,36,31,16,29,2
7441.png,2.0_2.0,23,106,102,180,74,79,2
7442.png,6.0_10.0_3.0,12,79,96,203,124,84,3
7443.png,4.0_7.0,2,22,22,33,11,20,2
7444.png,1.0_1.0,3,47,62,98,51,59,2
7445.png,2.0_7.0_6.0,6,40,47,100,60,41,3
7446.png,3.0_5.0,5,34,43,88,54,38,2
7447.png,1.0_10.0,7,43,66,73,30,59,2
7448.png,4.0_6.0_4.0,43,43,84,104,61,41,3
7449.png,1.0_6.0,1,26,29,44,18,28,2
745.png,1.0_5.0,7,49,65,101,52,58,2
7450.png,4.0,2,21,19,32,11,17,1
7451.png,9.0,3,44,48,57,13,45,1
7452.png,3.0,7,37,38,50,13,31,1
7453.png,1.0_1.0,6,40,42,92,52,36,2
7454.png,3.0_4.0,6,49,66,86,37,60,2
7455.png,1.0_8.0_3.0,5,24,24,44,20,19,3
7456.png,3.0_10.0,6,30,33,52,22,27,2
7457.png,4.0,3,28,44,56,28,41,1
7458.png,3.0_7.0_2.0,7,49,45,96,47,38,3
7459.png,4.0_10.0,4,20,22,38,18,18,2
746.png,7.0_2.0,2,15,18,32,17,16,2
7460.png,8.0_5.0,8,41,46,78,37,38,2
7461.png,2.0_3.0_3.0_4.0,1,13,12,41,28,11,4
7462.png,1.0_3.0,5,25,24,43,18,19,2
7463.png,2.0_7.0_10.0,9,33,30,60,27,21,3
7464.png,1.0_5.0,20,136,97,178,42,77,2
7465.png,1.0_5.0_10.0,2,25,27,64,39,25,3
7466.png,2.0_2.0_8.0_9.0,3,22,15,45,23,12,4
7467.png,1.0_8.0_7.0,23,81,51,119,38,28,3
7468.png,5.0_9.0,11,72,85,137,65,74,2
7469.png,7.0,20,75,81,99,24,61,1
747.png,4.0_4.0,5,47,59,84,37,54,2
7470.png,8.0_3.0,2,19,23,37,18,21,2
7471.png,1.0_10.0,12,64,80,133,69,68,2
7472.png,1.0_6.0_5.0,1,16,23,44,28,22,3
7473.png,1.0_2.0,1,17,21,35,18,20,2
7474.png,8.0,6,35,39,55,20,33,1
7475.png,1.0_8.0_5.0,7,41,43,89,48,36,3
7476.png,1.0_5.0_8.0,1,27,30,66,39,29,3
7477.png,2.0_10.0_4.0,3,18,17,37,19,14,3
7478.png,1.0_9.0,11,52,70,96,44,59,2
7479.png,1.0_10.0,6,55,77,114,59,71,2
748.png,1.0_10.0,37,102,72,144,42,35,2
7480.png,3.0_5.0,66,91,106,134,43,40,2
7481.png,1.0_2.0_4.0,51,96,105,162,66,54,3
7482.png,8.0_10.0,5,23,27,50,27,22,2
7483.png,2.0_10.0,18,62,55,92,30,37,2
7484.png,1.0_4.0_6.0,2,29,34,58,29,32,3
7485.png,7.0_7.0,21,76,47,103,27,26,2
7486.png,6.0_10.0,4,17,19,30,13,15,2
7487.png,1.0_2.0,6,31,27,52,21,21,2
7488.png,10.0,7,93,72,133,40,65,1
7489.png,5.0_9.0,6,65,89,146,81,83,2
749.png,6.0_10.0_10.0_10.0,20,148,61,243,95,41,4
7490.png,6.0,4,20,24,33,13,20,1
7491.png,2.0_8.0_4.0,1,28,34,71,43,33,3
7492.png,4.0_4.0,12,85,86,156,71,74,2
7493.png,1.0_2.0,12,63,73,139,76,61,2
7494.png,4.0_6.0_6.0,8,36,37,80,44,29,3
7495.png,4.0_9.0,2,20,22,37,17,20,2
7496.png,2.0_5.0,10,36,41,70,34,31,2
7497.png,1.0_10.0,11,66,87,141,75,76,2
7498.png,4.0_1.0,1,19,20,31,12,19,2
7499.png,2.0_3.0_2.0,11,41,57,79,38,46,3
75.png,1.0_8.0,9,34,39,51,17,30,2
750.png,4.0_3.0,67,150,104,183,33,37,2
7500.png,7.0,2,35,39,58,23,37,1
7501.png,5.0_3.0,3,28,27,47,19,24,2
7502.png,6.0_4.0,7,33,32,64,31,25,2
7503.png,4.0_5.0,19,73,60,121,48,41,2
7504.png,5.0_10.0,3,23,29,46,23,26,2
7505.png,1.0_1.0,3,24,25,38,14,22,2
7506.png,2.0_3.0_10.0,9,35,32,59,24,23,3
7507.png,1.0_4.0_8.0,10,35,31,63,28,21,3
7508.png,1.0_9.0,4,18,21,30,12,17,2
7509.png,9.0,4,26,33,45,19,29,1
751.png,6.0,7,34,33,43,9,26,1
7510.png,1.0_5.0_10.0,10,28,31,57,29,21,3
7511.png,3.0_7.0,3,42,61,91,49,58,2
7512.png,1.0_5.0_7.0,7,31,39,79,48,32,3
7513.png,7.0_4.0,3,19,20,33,14,17,2
7514.png,2.0_1.0,5,19,20,30,11,15,2
7515.png,1.0_9.0_8.0,13,38,46,67,29,33,3
7516.png,6.0,5,29,33,48,19,28,1
7517.png,1.0_5.0_9.0,7,53,68,104,51,61,3
7518.png,4.0_3.0_6.0,19,84,48,127,43,29,3
7519.png,2.0_9.0_6.0,7,28,29,58,30,22,3
752.png,3.0_3.0,15,36,40,66,30,25,2
7520.png,1.0_5.0,4,20,18,31,11,14,2
7521.png,2.0_9.0_1.0_5.0,10,5,34,53,48,24,4
7522.png,7.0_3.0,12,225,51,257,32,39,2
7523.png,2.0_6.0,5,48,56,82,34,51,2
7524.png,1.0_1.0,2,21,25,35,14,23,2
7525.png,1.0_2.0_7.0,3,65,86,162,97,83,3
7526.png,1.0_1.0,6,50,55,80,30,49,2
7527.png,5.0,19,68,76,103,35,57,1
7528.png,7.0_7.0,13,53,63,110,57,50,2
7529.png,3.0_3.0,5,47,58,101,54,53,2
753.png,1.0_6.0,8,34,34,57,23,26,2
7530.png,1.0_10.0_8.0_10.0,63,143,160,253,110,97,4
7531.png,9.0_8.0,10,59,68,130,71,58,2
7532.png,5.0_4.0,3,24,24,41,17,21,2
7533.png,3.0_6.0_1.0,4,23,33,52,29,29,3
7534.png,10.0,1,50,24,60,10,23,1
7535.png,1.0_5.0_2.0_6.0,1,13,13,34,21,12,4
7536.png,1.0_2.0_8.0,1,34,40,76,42,39,3
7537.png,5.0_8.0,6,35,42,68,33,36,2
7538.png,8.0_6.0,2,18,24,39,21,22,2
7539.png,2.0_4.0_2.0_1.0,11,38,27,65,27,16,4
754.png,6.0,12,47,60,76,29,48,1
7540.png,5.0_2.0,22,86,101,177,91,79,2
7541.png,3.0_1.0,13,53,68,79,26,55,2
7542.png,4.0,1,26,28,37,11,27,1
7543.png,4.0_3.0,16,71,69,123,52,53,2
7544.png,2.0_8.0,22,61,72,117,56,50,2
7545.png,2.0_1.0_1.0,5,22,34,52,30,29,3
7546.png,1.0_7.0_2.0,5,29,32,52,23,27,3
7547.png,4.0_8.0_8.0,20,99,91,186,87,71,3
7548.png,2.0_10.0,1,39,46,69,30,45,2
7549.png,3.0_5.0_10.0,8,47,54,119,72,46,3
755.png,3.0_2.0_1.0,13,41,34,66,25,21,3
7550.png,2.0_1.0_8.0,3,25,28,65,40,25,3
7551.png,9.0_9.0,8,33,38,68,35,30,2
7552.png,1.0_7.0_4.0,74,196,113,241,45,39,3
7553.png,3.0_5.0,9,56,62,96,40,53,2
7554.png,1.0_7.0,3,23,30,39,16,27,2
7555.png,1.0,9,38,41,49,11,32,1
7556.png,1.0_7.0,1,13,17,24,11,16,2
7557.png,1.0_9.0_5.0_10.0,3,22,24,73,51,21,4
7558.png,5.0_2.0,11,63,64,114,51,53,2
7559.png,1.0_4.0,5,29,33,46,17,28,2
756.png,1.0,20,83,84,109,26,64,1
7560.png,1.0_9.0,6,35,41,58,23,35,2
7561.png,2.0,8,29,34,43,14,26,1
7562.png,2.0_4.0,2,33,37,72,39,35,2
7563.png,5.0,9,46,30,62,16,21,1
7564.png,1.0_5.0,12,59,61,106,47,49,2
7565.png,1.0_9.0,15,62,44,78,16,29,2
7566.png,7.0,8,35,37,51,16,29,1
7567.png,7.0_2.0,15,41,39,58,17,24,2
7568.png,2.0_7.0,64,118,108,179,61,44,2
7569.png,1.0_10.0_5.0,13,81,95,104,23,82,3
757.png,1.0_1.0,7,36,41,60,24,34,2
7570.png,7.0_5.0,6,79,41,116,37,35,2
7571.png,2.0_8.0,3,30,38,62,32,35,2
7572.png,3.0_6.0,8,33,33,50,17,25,2
7573.png,7.0,36,76,85,98,22,49,1
7574.png,2.0_3.0,5,40,47,99,59,42,2
7575.png,2.0_9.0,18,63,66,113,50,48,2
7576.png,3.0_4.0,2,17,22,41,24,20,2
7577.png,9.0_10.0,1,18,22,39,21,21,2
7578.png,2.0_3.0,9,36,37,69,33,28,2
7579.png,3.0_6.0,2,16,19,35,19,17,2
758.png,1.0_8.0_1.0,25,99,68,145,46,43,3
7580.png,1.0_5.0,10,54,65,94,40,55,2
7581.png,7.0_2.0,80,122,129,161,39,49,2
7582.png,4.0_8.0_2.0_10.0,16,48,46,91,43,30,4
7583.png,4.0_9.0,4,19,15,29,10,11,2
7584.png,2.0_7.0,12,34,45,70,36,33,2
7585.png,1.0_10.0_7.0,15,59,78,123,64,63,3
7586.png,7.0_5.0,15,97,59,140,43,44,2
7587.png,2.0,4,40,48,67,27,44,1
7588.png,2.0_4.0,2,19,19,32,13,17,2
7589.png,1.0_7.0,10,54,62,114,60,52,2
759.png,1.0_5.0,3,23,29,51,28,26,2
7590.png,1.0_9.0,3,16,20,34,18,17,2
7591.png,1.0_4.0,3,45,54,85,40,51,2
7592.png,2.0_10.0,5,25,25,43,18,20,2
7593.png,2.0_5.0,31,103,70,132,29,39,2
7594.png,3.0_8.0,18,55,56,87,32,38,2
7595.png,1.0_6.0_10.0,22,86,101,174,88,79,3
7596.png,2.0_7.0,7,46,54,98,52,47,2
7597.png,7.0,2,22,28,37,15,26,1
7598.png,1.0_7.0_1.0,7,24,56,88,64,49,3
7599.png,2.0_4.0,1,17,16,32,15,15,2
76.png,9.0_8.0,2,22,20,35,13,18,2
760.png,1.0,9,29,26,37,8,17,1
7600.png,1.0_5.0,14,49,54,101,52,40,2
7601.png,1.0_5.0_4.0,2,18,19,40,22,17,3
7602.png,8.0,5,31,26,44,13,21,1
7603.png,2.0_7.0_1.0_4.0,3,15,18,48,33,15,4
7604.png,1.0_6.0_9.0,9,65,64,112,47,55,3
7605.png,2.0_8.0_5.0,6,39,38,87,48,32,3
7606.png,2.0,3,18,23,27,9,20,1
7607.png,9.0_6.0,1,19,21,37,18,20,2
7608.png,5.0_3.0,2,41,49,77,36,47,2
7609.png,3.0_3.0_4.0,1,16,17,36,20,16,3
761.png,2.0_4.0,5,37,48,72,35,43,2
7610.png,3.0,3,27,25,42,15,22,1
7611.png,2.0_1.0_6.0_6.0,1,16,18,62,46,17,4
7612.png,1.0_7.0_5.0_4.0,1,12,15,42,30,14,4
7613.png,1.0_4.0,6,34,40,64,30,34,2
7614.png,9.0,16,54,46,69,15,30,1
7615.png,5.0_3.0_5.0,9,62,60,113,51,51,3
7616.png,1.0_10.0_9.0,9,42,37,80,38,28,3
7617.png,1.0_5.0_8.0,9,59,80,130,71,71,3
7618.png,1.0_9.0,1,19,20,37,18,19,2
7619.png,3.0_10.0,4,20,25,43,23,21,2
762.png,3.0,14,59,46,75,16,32,1
7620.png,3.0_8.0,7,40,43,79,39,36,2
7621.png,1.0_6.0_8.0,15,68,72,141,73,57,3
7622.png,5.0_4.0,11,45,49,79,34,38,2
7623.png,1.0_1.0_8.0,2,28,33,58,30,31,3
7624.png,1.0_1.0_1.0,36,109,98,209,100,62,3
7625.png,2.0_4.0_10.0,38,96,84,166,70,46,3
7626.png,1.0_2.0_7.0_2.0,13,52,45,127,75,32,4
7627.png,6.0_7.0,23,98,83,179,81,60,2
7628.png,1.0,3,34,39,48,14,36,1
7629.png,1.0_9.0_7.0,4,70,40,108,38,36,3
763.png,9.0_6.0_6.0,7,29,30,83,54,23,3
7630.png,7.0_9.0,3,19,28,44,25,25,2
7631.png,2.0,7,31,36,55,24,29,1
7632.png,6.0_1.0,6,27,27,43,16,21,2
7633.png,1.0,6,33,35,48,15,29,1
7634.png,5.0_10.0,1,37,41,75,38,40,2
7635.png,8.0,11,76,97,113,37,86,1
7636.png,9.0_4.0,10,40,42,70,30,32,2
7637.png,2.0_8.0,12,40,47,72,32,35,2
7638.png,1.0_5.0_7.0,21,81,64,129,48,43,3
7639.png,5.0_7.0,4,33,36,53,20,32,2
764.png,6.0_7.0,14,78,91,132,54,77,2
7640.png,4.0_6.0,1,26,33,62,36,32,2
7641.png,5.0_10.0,1,34,36,67,33,35,2
7642.png,1.0,1,15,21,25,10,20,1
7643.png,2.0_4.0,3,25,21,46,21,18,2
7644.png,1.0,9,34,41,50,16,32,1
7645.png,2.0_9.0_5.0,28,121,124,222,101,96,3
7646.png,3.0_4.0,4,26,28,52,26,24,2
7647.png,1.0_3.0,1,12,13,21,9,12,2
7648.png,6.0_10.0,3,30,38,66,36,35,2
7649.png,1.0_1.0_2.0,8,26,31,53,27,23,3
765.png,5.0_8.0,7,27,28,50,23,21,2
7650.png,3.0,19,78,81,104,26,62,1
7651.png,6.0,4,31,39,45,14,35,1
7652.png,4.0_2.0,22,79,80,132,53,58,2
7653.png,9.0_10.0,14,72,48,98,26,34,2
7654.png,5.0_10.0,15,44,45,66,22,30,2
7655.png,2.0_6.0,27,170,54,199,29,27,2
7656.png,4.0_1.0_2.0,20,63,49,94,31,29,3
7657.png,5.0,13,82,96,117,35,83,1
7658.png,9.0_8.0,11,33,24,47,14,13,2
7659.png,2.0_9.0,20,69,55,110,41,35,2
766.png,1.0_3.0_5.0_4.0,4,31,37,88,57,33,4
7660.png,8.0,13,59,61,84,25,48,1
7661.png,6.0,11,54,46,69,15,35,1
7662.png,3.0_7.0,7,34,35,59,25,28,2
7663.png,1.0_2.0_6.0_3.0,1,12,13,42,30,12,4
7664.png,1.0,5,31,30,40,9,25,1
7665.png,2.0_4.0,16,56,57,75,19,41,2
7666.png,1.0_6.0_2.0,24,56,61,99,43,37,3
7667.png,1.0_2.0_2.0,2,20,26,41,21,24,3
7668.png,7.0_3.0,5,42,47,72,30,42,2
7669.png,7.0_2.0,4,30,35,58,28,31,2
767.png,4.0_9.0,4,36,42,64,28,38,2
7670.png,1.0_2.0,7,24,29,45,21,22,2
7671.png,1.0_6.0_5.0,6,71,79,144,73,73,3
7672.png,1.0_6.0,13,52,52,114,62,39,2
7673.png,1.0_5.0,7,32,31,50,18,24,2
7674.png,1.0_10.0,5,22,27,39,17,22,2
7675.png,3.0_9.0,3,25,32,55,30,29,2
7676.png,10.0,11,39,38,52,13,27,1
7677.png,3.0_7.0,6,30,28,55,25,22,2
7678.png,6.0_5.0_1.0,23,111,107,219,108,84,3
7679.png,3.0_4.0,3,19,22,38,19,19,2
768.png,2.0_8.0,5,27,23,43,16,18,2
7680.png,2.0_1.0_6.0,1,13,18,38,25,17,3
7681.png,1.0_4.0_3.0,6,25,29,64,39,23,3
7682.png,1.0_6.0_4.0,39,159,101,207,48,62,3
7683.png,4.0,12,50,33,66,16,21,1
7684.png,5.0_10.0,19,84,79,139,55,60,2
7685.png,2.0_6.0_9.0,1,34,42,81,47,41,3
7686.png,1.0_7.0,7,34,46,68,34,39,2
7687.png,1.0_8.0_5.0,11,50,55,144,94,44,3
7688.png,1.0_10.0_1.0,4,59,66,118,59,62,3
7689.png,4.0_8.0,2,25,27,42,17,25,2
769.png,3.0,1,16,17,23,7,16,1
7690.png,1.0,7,43,45,52,9,38,1
7691.png,2.0_2.0,8,52,56,97,45,48,2
7692.png,7.0_8.0,16,71,70,126,55,54,2
7693.png,8.0,34,133,88,163,30,54,1
7694.png,1.0_4.0_10.0,6,31,32,66,35,26,3
7695.png,3.0,8,49,36,68,19,28,1
7696.png,1.0_3.0,26,130,172,217,87,146,2
7697.png,2.0_4.0,4,22,22,35,13,18,2
7698.png,5.0_4.0,11,59,73,132,73,62,2
7699.png,2.0_6.0_9.0_5.0,1,11,15,45,34,14,4
77.png,7.0_3.0_9.0,4,53,66,130,77,62,3
770.png,2.0_5.0_8.0,2,17,20,42,25,18,3
7700.png,3.0_10.0_2.0,32,64,55,97,33,23,3
7701.png,2.0_4.0,1,18,30,51,33,29,2
7702.png,4.0_10.0_9.0,18,68,49,99,31,31,3
7703.png,3.0_7.0,6,32,37,56,24,31,2
7704.png,2.0_1.0_6.0_6.0,4,22,24,67,45,20,4
7705.png,2.0_8.0,11,88,119,189,101,108,2
7706.png,4.0_4.0_7.0,10,50,62,99,49,52,3
7707.png,4.0,11,48,57,64,16,46,1
7708.png,2.0_9.0_7.0,31,88,61,128,40,30,3
7709.png,3.0_10.0,6,30,30,60,30,24,2
771.png,5.0,4,26,29,33,7,25,1
7710.png,4.0_2.0_8.0,36,147,70,188,41,34,3
7711.png,6.0_7.0,6,30,34,63,33,28,2
7712.png,4.0_10.0,2,20,22,39,19,20,2
7713.png,7.0_6.0,6,34,41,63,29,35,2
7714.png,4.0_6.0,16,55,54,99,44,38,2
7715.png,7.0,3,23,28,38,15,25,1
7716.png,1.0,7,36,45,51,15,38,1
7717.png,4.0_9.0,8,28,28,44,16,20,2
7718.png,1.0_5.0,11,35,39,56,21,28,2
7719.png,1.0_6.0_1.0,22,71,42,96,25,20,3
772.png,3.0,5,22,22,30,8,17,1
7720.png,5.0,2,26,22,37,11,20,1
7721.png,4.0_7.0_1.0,7,55,38,101,46,31,3
7722.png,2.0_8.0_3.0_10.0,13,91,90,214,123,77,4
7723.png,1.0_2.0_5.0_5.0,3,11,15,37,26,12,4
7724.png,1.0_8.0,2,15,17,28,13,15,2
7725.png,1.0_10.0,1,16,14,31,15,13,2
7726.png,4.0_10.0,4,49,69,100,51,65,2
7727.png,4.0_3.0,2,24,29,52,28,27,2
7728.png,1.0_1.0_9.0,22,159,192,431,272,170,3
7729.png,1.0_10.0_2.0,4,29,29,67,38,25,3
773.png,5.0_4.0,2,20,22,43,23,20,2
7730.png,1.0,12,43,39,50,7,27,1
7731.png,4.0_3.0,16,54,42,72,18,26,2
7732.png,8.0_5.0,5,39,45,64,25,40,2
7733.png,1.0_2.0_10.0,15,45,55,98,53,40,3
7734.png,1.0_1.0,7,33,42,73,40,35,2
7735.png,9.0_8.0,4,29,27,55,26,23,2
7736.png,6.0_7.0,1,22,27,46,24,26,2
7737.png,7.0,18,166,71,193,27,53,1
7738.png,4.0_9.0_8.0,1,14,15,38,24,14,3
7739.png,3.0_10.0,3,45,66,110,65,63,2
774.png,2.0_1.0,1,18,18,35,17,17,2
7740.png,2.0_1.0_2.0,3,24,19,41,17,16,3
7741.png,5.0_3.0,4,30,38,55,25,34,2
7742.png,4.0_7.0,1,17,17,27,10,16,2
7743.png,6.0_1.0,11,54,49,95,41,38,2
7744.png,1.0_6.0_9.0,7,28,36,62,34,29,3
7745.png,2.0_9.0_3.0,15,13,72,55,42,57,3
7746.png,2.0_9.0_10.0,108,190,159,261,71,51,3
7747.png,2.0,14,55,42,76,21,28,1
7748.png,4.0_3.0,3,32,44,59,27,41,2
7749.png,2.0_1.0_5.0,9,40,39,81,41,30,3
775.png,3.0_3.0,1,31,35,61,30,34,2
7750.png,9.0_6.0,21,78,49,107,29,28,2
7751.png,1.0_4.0_8.0,31,55,63,98,43,32,3
7752.png,1.0_3.0,1,9,13,26,17,12,2
7753.png,9.0_8.0_7.0,35,150,66,188,38,31,3
7754.png,5.0,4,32,38,51,19,34,1
7755.png,2.0_10.0,4,51,72,77,26,68,2
7756.png,2.0_5.0,7,39,49,72,33,42,2
7757.png,4.0_7.0,6,35,39,71,36,33,2
7758.png,1.0_9.0,7,35,52,81,46,45,2
7759.png,4.0_2.0,5,24,27,44,20,22,2
776.png,6.0_8.0_10.0,121,166,205,238,72,84,3
7760.png,2.0_4.0,5,26,26,54,28,21,2
7761.png,6.0_3.0,4,29,34,51,22,30,2
7762.png,1.0_7.0_8.0,6,31,30,54,23,24,3
7763.png,1.0_3.0,1,25,30,50,25,29,2
7764.png,2.0_10.0_9.0,5,27,36,58,31,31,3
7765.png,6.0_8.0,14,31,33,54,23,19,2
7766.png,4.0_9.0,21,97,76,131,34,55,2
7767.png,1.0,7,44,41,55,11,34,1
7768.png,8.0_3.0,2,20,23,38,18,21,2
7769.png,7.0_5.0,4,31,41,69,38,37,2
777.png,6.0_2.0,4,25,22,47,22,18,2
7770.png,3.0_8.0_1.0,5,44,46,73,29,41,3
7771.png,1.0_5.0,5,32,27,54,22,22,2
7772.png,7.0,8,38,42,53,15,34,1
7773.png,1.0_3.0_3.0,3,15,20,33,18,17,3
7774.png,1.0_10.0,3,29,34,50,21,31,2
7775.png,9.0_10.0,1,30,39,57,27,38,2
7776.png,1.0_1.0,8,37,45,59,22,37,2
7777.png,1.0_10.0_7.0,1,27,45,78,51,44,3
7778.png,2.0_2.0,3,26,27,44,18,24,2
7779.png,2.0_5.0,4,43,52,96,53,48,2
778.png,9.0_7.0,1,30,36,69,39,35,2
7780.png,9.0_7.0,6,35,47,73,38,41,2
7781.png,1.0_2.0,9,31,26,46,15,17,2
7782.png,9.0,7,30,30,40,10,23,1
7783.png,5.0_4.0_2.0,5,26,30,47,21,25,3
7784.png,1.0_3.0_4.0,1,18,19,41,23,18,3
7785.png,2.0_10.0_7.0,12,106,60,162,56,48,3
7786.png,5.0_3.0,4,48,66,107,59,62,2
7787.png,1.0_9.0_4.0,7,15,26,33,18,19,3
7788.png,1.0_9.0,8,39,50,63,24,42,2
7789.png,2.0,3,19,19,28,9,16,1
779.png,5.0_4.0,4,19,26,39,20,22,2
7790.png,5.0_1.0_3.0,7,44,42,89,45,35,3
7791.png,1.0_8.0_7.0_1.0,2,20,20,45,25,18,4
7792.png,2.0_5.0,26,86,60,128,42,34,2
7793.png,5.0_3.0_1.0,8,6,27,34,28,19,3
7794.png,2.0_1.0,6,58,75,98,40,69,2
7795.png,4.0_5.0_5.0,17,108,72,172,64,55,3
7796.png,5.0_5.0,39,87,93,138,51,54,2
7797.png,1.0_10.0_3.0,36,95,113,153,58,77,3
7798.png,4.0_4.0,2,17,21,33,16,19,2
7799.png,1.0_1.0,4,27,31,43,16,27,2
78.png,1.0_3.0_8.0,12,78,36,104,26,24,3
780.png,2.0_1.0,6,55,65,113,58,59,2
7800.png,2.0_5.0,2,16,16,27,11,14,2
7801.png,1.0_5.0_1.0,1,14,18,37,23,17,3
7802.png,2.0_10.0,15,44,39,71,27,24,2
7803.png,3.0_4.0,1,23,28,45,22,27,2
7804.png,5.0_7.0,5,22,22,37,15,17,2
7805.png,3.0_5.0,1,27,34,59,32,33,2
7806.png,9.0_9.0,18,68,47,98,30,29,2
7807.png,4.0_3.0,4,25,31,52,27,27,2
7808.png,1.0_1.0,28,136,147,219,83,119,2
7809.png,2.0_2.0,5,18,19,29,11,14,2
781.png,9.0_9.0,2,26,32,56,30,30,2
7810.png,6.0_4.0,4,41,44,82,41,40,2
7811.png,2.0_2.0_3.0,1,22,25,51,29,24,3
7812.png,2.0_9.0_2.0,1,16,20,38,22,19,3
7813.png,2.0_2.0_5.0,21,90,87,180,90,66,3
7814.png,1.0_3.0_9.0,10,62,84,124,62,74,3
7815.png,6.0,4,30,30,45,15,26,1
7816.png,5.0_8.0,9,61,73,122,61,64,2
7817.png,2.0_9.0_5.0,1,24,27,50,26,26,3
7818.png,2.0_1.0,4,33,44,64,31,40,2
7819.png,1.0_4.0_7.0_8.0,5,37,46,78,41,41,4
782.png,2.0_4.0_7.0_5.0,1,16,16,46,30,15,4
7820.png,2.0_8.0,3,27,47,65,38,44,2
7821.png,1.0_1.0_2.0,8,47,34,83,36,26,3
7822.png,6.0_6.0,16,54,52,101,47,36,2
7823.png,1.0_7.0_2.0,34,99,97,159,60,63,3
7824.png,1.0_2.0_7.0,17,93,121,168,75,104,3
7825.png,1.0_8.0_4.0_2.0,1,13,12,37,24,11,4
7826.png,3.0_7.0_2.0,8,41,44,99,58,36,3
7827.png,4.0_1.0_8.0,59,100,96,145,45,37,3
7828.png,8.0_10.0,3,21,23,38,17,20,2
7829.png,6.0,5,36,43,57,21,38,1
783.png,5.0_5.0,18,43,48,69,26,30,2
7830.png,2.0_6.0,4,30,32,55,25,28,2
7831.png,7.0_5.0,14,64,68,118,54,54,2
7832.png,8.0_8.0,5,24,26,39,15,21,2
7833.png,1.0_8.0,2,15,17,30,15,15,2
7834.png,3.0_5.0_7.0,16,75,73,180,105,57,3
7835.png,5.0,10,59,69,103,44,59,1
7836.png,1.0_3.0_2.0_10.0,1,16,17,63,47,16,4
7837.png,2.0_7.0,1,24,30,54,30,29,2
7838.png,1.0_8.0,1,27,35,85,58,34,2
7839.png,1.0_1.0,9,54,38,76,22,29,2
784.png,1.0_9.0,4,21,20,36,15,16,2
7840.png,8.0_9.0_1.0,10,47,44,90,43,34,3
7841.png,1.0_8.0_6.0,13,42,40,68,26,27,3
7842.png,1.0_4.0_4.0,4,33,36,63,30,32,3
7843.png,3.0_4.0,20,109,142,221,112,122,2
7844.png,2.0,16,65,60,82,17,44,1
7845.png,3.0,9,35,33,45,10,24,1
7846.png,6.0,5,35,41,54,19,36,1
7847.png,7.0_7.0,3,26,29,59,33,26,2
7848.png,1.0_2.0_3.0,7,34,41,71,37,34,3
7849.png,3.0_1.0,1,18,25,35,17,24,2
785.png,2.0_3.0_3.0,11,50,56,106,56,45,3
7850.png,9.0_8.0,1,33,46,67,34,45,2
7851.png,6.0_7.0,2,20,23,49,29,21,2
7852.png,1.0_1.0,13,48,59,87,39,46,2
7853.png,1.0_1.0_8.0,19,60,50,113,53,31,3
7854.png,2.0_1.0,7,23,24,36,13,17,2
7855.png,2.0_10.0,9,49,46,80,31,37,2
7856.png,2.0_2.0,6,44,48,67,23,42,2
7857.png,7.0_6.0,1,33,31,69,36,30,2
7858.png,1.0_9.0,8,49,50,74,25,42,2
7859.png,1.0_2.0,9,58,61,95,37,52,2
786.png,7.0_2.0,23,138,155,283,145,132,2
7860.png,3.0_1.0,14,77,83,142,65,69,2
7861.png,1.0_2.0_10.0,1,28,27,59,31,26,3
7862.png,3.0_1.0,7,39,55,76,37,48,2
7863.png,1.0_2.0_1.0,10,43,49,61,18,39,3
7864.png,4.0_2.0,1,20,24,36,16,23,2
7865.png,4.0_2.0,8,41,39,65,24,31,2
7866.png,5.0_1.0_7.0,25,82,53,116,34,28,3
7867.png,8.0,4,32,32,44,12,28,1
7868.png,5.0_2.0,4,44,57,97,53,53,2
7869.png,5.0_7.0_5.0,37,171,94,232,61,57,3
787.png,8.0_2.0,8,40,54,86,46,46,2
7870.png,2.0_4.0_9.0,5,24,28,57,33,23,3
7871.png,9.0_8.0,6,27,26,40,13,20,2
7872.png,3.0_6.0,12,40,36,63,23,24,2
7873.png,9.0,11,60,60,85,25,49,1
7874.png,7.0,13,84,107,140,56,94,1
7875.png,5.0_3.0_10.0,20,67,51,117,50,31,3
7876.png,5.0_6.0,20,96,94,170,74,74,2
7877.png,7.0_5.0,1,20,24,39,19,23,2
7878.png,3.0_8.0,2,24,31,58,34,29,2
7879.png,9.0_7.0,2,20,17,31,11,15,2
788.png,1.0_2.0_4.0,21,105,103,244,139,82,3
7880.png,2.0,3,24,26,36,12,23,1
7881.png,4.0,3,37,40,58,21,37,1
7882.png,6.0_5.0,17,78,97,150,72,80,2
7883.png,7.0_3.0,3,29,32,52,23,29,2
7884.png,1.0_10.0_4.0,1,14,13,31,17,12,3
7885.png,8.0_1.0,2,26,33,54,28,31,2
7886.png,4.0,9,40,48,60,20,39,1
7887.png,2.0_5.0,10,42,45,87,45,35,2
7888.png,2.0_10.0,2,34,38,73,39,36,2
7889.png,2.0_7.0,10,76,75,119,43,65,2
789.png,5.0_8.0,6,36,38,57,21,32,2
7890.png,1.0_4.0_3.0,47,86,72,117,31,25,3
7891.png,5.0_7.0,7,27,30,47,20,23,2
7892.png,2.0_6.0_2.0,27,127,96,235,108,69,3
7893.png,5.0,1,7,13,22,15,12,1
7894.png,1.0_2.0,4,20,18,36,16,14,2
7895.png,2.0_3.0,5,32,32,51,19,27,2
7896.png,1.0_10.0,9,43,37,63,20,28,2
7897.png,1.0_1.0,12,58,64,95,37,52,2
7898.png,1.0_5.0_5.0,26,79,61,123,44,35,3
7899.png,1.0_10.0_3.0,5,34,42,84,50,37,3
79.png,1.0_9.0_2.0_2.0,11,40,92,169,129,81,4
790.png,6.0_6.0,4,27,31,44,17,27,2
7900.png,1.0_8.0_1.0,5,40,49,76,36,44,3
7901.png,4.0_5.0,110,158,150,198,40,40,2
7902.png,2.0_9.0,10,62,80,123,61,70,2
7903.png,1.0_5.0,20,124,155,225,101,135,2
7904.png,5.0_10.0_4.0,22,83,67,150,67,45,3
7905.png,2.0_3.0,1,12,18,43,31,17,2
7906.png,6.0_5.0,5,32,34,57,25,29,2
7907.png,1.0_3.0_10.0,8,20,31,54,34,23,3
7908.png,4.0_4.0,5,23,23,37,14,18,2
7909.png,4.0_6.0,6,47,60,94,47,54,2
791.png,9.0,5,37,40,58,21,35,1
7910.png,1.0_2.0_6.0,9,49,51,99,50,42,3
7911.png,1.0_2.0_1.0,9,22,22,35,13,13,3
7912.png,5.0,8,35,37,51,16,29,1
7913.png,4.0_5.0,8,40,49,85,45,41,2
7914.png,2.0,4,26,29,42,16,25,1
7915.png,4.0_7.0,3,22,22,40,18,19,2
7916.png,4.0_1.0_1.0,9,33,37,65,32,28,3
7917.png,1.0_7.0,7,40,42,70,30,35,2
7918.png,1.0_6.0,3,24,31,52,28,28,2
7919.png,2.0_2.0_6.0,9,25,23,45,20,14,3
792.png,4.0_3.0_7.0,11,49,50,107,58,39,3
7920.png,2.0_3.0_6.0,23,75,67,150,75,44,3
7921.png,7.0_7.0,5,21,25,34,13,20,2
7922.png,3.0_3.0,3,24,27,41,17,24,2
7923.png,8.0_7.0_4.0,9,49,36,81,32,27,3
7924.png,8.0_3.0,8,33,30,56,23,22,2
7925.png,5.0,49,158,105,194,36,56,1
7926.png,2.0_2.0,7,59,70,134,75,63,2
7927.png,1.0_5.0,1,11,17,28,17,16,2
7928.png,5.0_4.0,1,38,56,98,60,55,2
7929.png,2.0_3.0_9.0,11,57,57,142,85,46,3
793.png,4.0_10.0,2,26,30,49,23,28,2
7930.png,1.0_6.0,2,17,17,36,19,15,2
7931.png,1.0_2.0,2,63,97,148,85,95,2
7932.png,3.0_9.0,4,32,30,65,33,26,2
7933.png,2.0,11,134,73,169,35,62,1
7934.png,1.0_9.0_3.0,13,49,45,98,49,32,3
7935.png,3.0_8.0,18,77,87,144,67,69,2
7936.png,2.0,11,60,58,89,29,47,1
7937.png,3.0_10.0,13,84,100,170,86,87,2
7938.png,3.0_3.0,2,16,17,30,14,15,2
7939.png,2.0_1.0,24,74,68,124,50,44,2
794.png,4.0_8.0,2,5,34,44,39,32,2
7940.png,7.0,6,29,30,39,10,24,1
7941.png,3.0_9.0,1,14,18,34,20,17,2
7942.png,8.0_3.0,2,19,22,34,15,20,2
7943.png,3.0_4.0,1,19,23,37,18,22,2
7944.png,2.0_10.0,31,124,137,245,121,106,2
7945.png,1.0,3,16,17,21,5,14,1
7946.png,1.0_7.0,1,17,20,35,18,19,2
7947.png,1.0_10.0_6.0,5,24,26,47,23,21,3
7948.png,2.0_1.0_8.0,2,16,20,36,20,18,3
7949.png,5.0_2.0,33,59,52,84,25,19,2
795.png,5.0_5.0,13,45,41,70,25,28,2
7950.png,7.0_9.0,17,33,45,65,32,28,2
7951.png,1.0_2.0_8.0,4,28,43,82,54,39,3
7952.png,5.0_4.0_6.0,2,26,27,64,38,25,3
7953.png,4.0_10.0_5.0,14,48,43,84,36,29,3
7954.png,1.0_5.0_3.0,5,33,36,86,53,31,3
7955.png,5.0_2.0,11,67,67,128,61,56,2
7956.png,5.0_3.0,15,72,62,122,50,47,2
7957.png,5.0_4.0,5,57,80,105,48,75,2
7958.png,4.0_1.0,6,24,26,40,16,20,2
7959.png,2.0_2.0_10.0,17,67,57,118,51,40,3
796.png,6.0_2.0,2,20,21,39,19,19,2
7960.png,1.0_4.0,3,13,16,23,10,13,2
7961.png,4.0_2.0,1,19,23,42,23,22,2
7962.png,2.0_5.0_3.0,2,14,16,33,19,14,3
7963.png,8.0_7.0_7.0,1,26,26,52,26,25,3
7964.png,2.0_9.0,4,32,42,83,51,38,2
7965.png,2.0_9.0,3,34,36,81,47,33,2
7966.png,7.0_1.0,7,78,94,140,62,87,2
7967.png,2.0,7,81,69,108,27,62,1
7968.png,1.0_9.0,6,47,58,82,35,52,2
7969.png,4.0,1,14,20,28,14,19,1
797.png,9.0,1,30,33,59,29,32,1
7970.png,1.0_2.0_1.0,6,38,35,77,39,29,3
7971.png,8.0,6,37,48,56,19,42,1
7972.png,5.0_1.0_4.0,17,61,41,93,32,24,3
7973.png,2.0_6.0,14,48,38,73,25,24,2
7974.png,3.0_1.0,7,40,44,66,26,37,2
7975.png,2.0_8.0,4,27,34,57,30,30,2
7976.png,5.0_10.0,2,29,37,57,28,35,2
7977.png,1.0_1.0,12,65,69,94,29,57,2
7978.png,3.0_5.0,5,94,123,233,139,118,2
7979.png,2.0_2.0,11,39,42,61,22,31,2
798.png,1.0_7.0_1.0,6,35,36,63,28,30,3
7980.png,2.0_1.0,66,154,134,212,58,68,2
7981.png,4.0_3.0,4,23,29,50,27,25,2
7982.png,4.0_7.0_6.0,11,69,67,147,78,56,3
7983.png,1.0,7,36,44,49,13,37,1
7984.png,1.0_3.0,7,47,50,79,32,43,2
7985.png,4.0_2.0,6,37,45,76,39,39,2
7986.png,3.0_1.0,1,23,31,43,20,30,2
7987.png,5.0_1.0,15,65,65,124,59,50,2
7988.png,2.0_9.0_2.0,12,41,32,70,29,20,3
7989.png,4.0_8.0,3,27,27,50,23,24,2
799.png,1.0_3.0_7.0,6,41,43,71,30,37,3
7990.png,1.0_4.0,3,23,25,42,19,22,2
7991.png,2.0_2.0_7.0,16,60,54,91,31,38,3
7992.png,4.0_7.0,6,29,24,42,13,18,2
7993.png,2.0_6.0_3.0_8.0,1,15,18,41,26,17,4
7994.png,4.0_10.0_5.0,7,32,31,53,21,24,3
7995.png,3.0_7.0,2,24,34,47,23,32,2
7996.png,2.0_7.0,1,33,44,70,37,43,2
7997.png,9.0_5.0,3,29,38,68,39,35,2
7998.png,2.0_3.0_4.0,19,71,83,131,60,64,3
7999.png,10.0,4,35,26,48,13,22,1
8.png,7.0_4.0_4.0,3,17,19,38,21,16,3
80.png,2.0_2.0,8,38,30,70,32,22,2
800.png,5.0_4.0,1,28,33,51,23,32,2
8000.png,9.0,3,27,32,43,16,29,1
8001.png,3.0,13,63,75,104,41,62,1
8002.png,1.0_6.0,8,31,31,46,15,23,2
8003.png,1.0_4.0,8,40,47,88,48,39,2
8004.png,1.0_4.0_2.0,3,18,32,50,32,29,3
8005.png,4.0_3.0,3,44,48,69,25,45,2
8006.png,1.0_9.0,4,33,46,71,38,42,2
8007.png,4.0,6,32,36,45,13,30,1
8008.png,4.0_1.0_8.0,31,207,68,247,40,37,3
8009.png,2.0,3,47,64,90,43,61,1
801.png,1.0_9.0,1,12,13,27,15,12,2
8010.png,9.0_6.0,26,83,56,112,29,30,2
8011.png,1.0_5.0_8.0,2,31,41,69,38,39,3
8012.png,2.0_6.0_6.0,7,68,74,165,97,67,3
8013.png,6.0_4.0,4,27,24,48,21,20,2
8014.png,7.0_10.0,21,80,48,113,33,27,2
8015.png,1.0_9.0,2,16,76,79,63,74,2
8016.png,4.0_10.0_7.0,15,148,95,217,69,80,3
8017.png,8.0_4.0,2,37,58,101,64,56,2
8018.png,8.0_5.0,12,41,39,71,30,27,2
8019.png,1.0_5.0_10.0_3.0,19,196,66,251,55,47,4
802.png,1.0_5.0_4.0,2,29,33,64,35,31,3
8020.png,2.0_9.0,8,58,74,195,137,66,2
8021.png,3.0_3.0,2,32,44,81,49,42,2
8022.png,2.0,5,24,29,43,19,24,1
8023.png,7.0_2.0,27,88,67,123,35,40,2
8024.png,10.0_3.0_1.0,10,50,45,93,43,35,3
8025.png,1.0_8.0,3,31,27,57,26,24,2
8026.png,3.0_2.0,3,23,26,46,23,23,2
8027.png,1.0_8.0,6,30,34,56,26,28,2
8028.png,2.0_1.0,6,18,20,29,11,14,2
8029.png,3.0_2.0_8.0,34,107,89,187,80,55,3
803.png,1.0_4.0,1,22,32,41,19,31,2
8030.png,2.0_5.0,1,23,30,55,32,29,2
8031.png,3.0_3.0,1,11,14,27,16,13,2
8032.png,4.0_5.0,6,39,45,71,32,39,2
8033.png,4.0_6.0_9.0,4,29,28,69,40,24,3
8034.png,1.0,6,28,27,38,10,21,1
8035.png,8.0_8.0,1,15,17,35,20,16,2
8036.png,4.0_10.0,2,32,33,59,27,31,2
8037.png,1.0_5.0,15,55,43,75,20,28,2
8038.png,8.0_9.0,10,31,30,56,25,20,2
8039.png,1.0_8.0,10,130,99,197,67,89,2
804.png,1.0_3.0,1,17,18,30,13,17,2
8040.png,2.0_5.0_4.0,52,115,100,191,76,48,3
8041.png,9.0_2.0,7,36,44,75,39,37,2
8042.png,3.0_5.0,26,75,77,151,76,51,2
8043.png,3.0_3.0,4,46,58,123,77,54,2
8044.png,7.0_1.0_3.0,12,129,80,169,40,68,3
8045.png,1.0_4.0_3.0,19,63,67,97,34,48,3
8046.png,2.0_4.0_10.0,9,45,42,91,46,33,3
8047.png,3.0_3.0,4,29,36,63,34,32,2
8048.png,1.0_7.0,3,22,30,61,39,27,2
8049.png,2.0_2.0,8,38,41,72,34,33,2
805.png,7.0_1.0,12,49,49,76,27,37,2
8050.png,4.0_7.0,4,19,18,31,12,14,2
8051.png,1.0_9.0,7,40,39,68,28,32,2
8052.png,1.0_10.0_2.0,7,51,59,84,33,52,3
8053.png,1.0_10.0_9.0,2,24,39,73,49,37,3
8054.png,1.0_2.0,12,77,90,130,53,78,2
8055.png,1.0_8.0,16,56,83,137,81,67,2
8056.png,3.0_9.0,4,37,42,63,26,38,2
8057.png,2.0_9.0,26,75,70,108,33,44,2
8058.png,3.0_8.0,8,35,46,66,31,38,2
8059.png,5.0_3.0,3,30,39,57,27,36,2
806.png,1.0_8.0_8.0,6,24,24,45,21,18,3
8060.png,2.0_10.0,9,52,61,99,47,52,2
8061.png,7.0_4.0,2,25,35,60,35,33,2
8062.png,1.0_7.0,3,14,17,24,10,14,2
8063.png,2.0_3.0,15,60,57,99,39,42,2
8064.png,3.0_2.0,9,50,58,87,37,49,2
8065.png,5.0_3.0,4,21,25,48,27,21,2
8066.png,1.0_4.0_4.0_2.0,12,65,83,81,16,71,4
8067.png,6.0_2.0,15,78,98,169,91,83,2
8068.png,7.0_6.0,7,54,66,128,74,59,2
8069.png,8.0_3.0,3,16,18,33,17,15,2
807.png,7.0_6.0,6,32,42,71,39,36,2
8070.png,1.0_2.0,1,14,13,25,11,12,2
8071.png,2.0_4.0_1.0_10.0,6,35,34,79,44,28,4
8072.png,3.0_4.0_2.0,4,41,53,88,47,49,3
8073.png,1.0_4.0,10,72,92,142,70,82,2
8074.png,5.0_9.0,3,18,21,33,15,18,2
8075.png,8.0_10.0,4,21,26,47,26,22,2
8076.png,3.0,6,42,46,60,18,40,1
8077.png,2.0_9.0,2,20,23,39,19,21,2
8078.png,1.0_10.0_5.0,7,43,58,80,37,51,3
8079.png,7.0_8.0,1,16,17,30,14,16,2
808.png,3.0_4.0_9.0,2,30,37,84,54,35,3
8080.png,1.0_6.0_6.0_8.0,1,14,19,51,37,18,4
8081.png,1.0_2.0,5,28,32,48,20,27,2
8082.png,6.0_10.0,1,13,14,30,17,13,2
8083.png,9.0_3.0,3,25,29,48,23,26,2
8084.png,7.0_8.0_5.0,29,236,86,294,58,57,3
8085.png,1.0_10.0_10.0,12,32,24,52,20,12,3
8086.png,4.0_10.0,3,34,44,81,47,41,2
8087.png,2.0_8.0_7.0,1,7,65,95,88,64,3
8088.png,3.0,5,31,33,46,15,28,1
8089.png,3.0_3.0,2,31,47,78,47,45,2
809.png,2.0_10.0,1,21,26,48,27,25,2
8090.png,2.0_5.0_7.0,1,20,21,36,16,20,3
8091.png,2.0_6.0_3.0,8,30,31,55,25,23,3
8092.png,4.0_2.0,8,39,46,79,40,38,2
8093.png,2.0_1.0,1,13,17,28,15,16,2
8094.png,1.0_1.0,6,38,38,62,24,32,2
8095.png,2.0_4.0_1.0,25,50,42,77,27,17,3
8096.png,4.0_7.0,84,153,115,185,32,31,2
8097.png,10.0,5,149,50,170,21,45,1
8098.png,1.0_9.0_3.0,58,109,100,162,53,42,3
8099.png,1.0_10.0,5,31,37,54,23,32,2
81.png,7.0_4.0,7,49,39,81,32,32,2
810.png,1.0_10.0,5,34,33,58,24,28,2
8100.png,6.0_10.0,4,28,31,46,18,27,2
8101.png,3.0_6.0_2.0,8,29,27,56,27,19,3
8102.png,4.0_1.0,1,22,26,43,21,25,2
8103.png,1.0_7.0,3,24,27,47,23,24,2
8104.png,1.0_1.0_1.0,5,36,39,61,25,34,3
8105.png,1.0_7.0_4.0,3,20,21,35,15,18,3
8106.png,8.0_9.0,8,29,51,73,44,43,2
8107.png,2.0_4.0,10,52,67,115,63,57,2
8108.png,1.0_2.0,6,23,24,42,19,18,2
8109.png,9.0,6,42,39,67,25,33,1
811.png,4.0_1.0,5,19,20,29,10,15,2
8110.png,2.0_6.0,9,51,65,92,41,56,2
8111.png,1.0_5.0,29,121,104,195,74,75,2
8112.png,1.0_2.0,19,75,67,119,44,48,2
8113.png,5.0_10.0,24,158,163,285,127,139,2
8114.png,2.0,6,26,27,40,14,21,1
8115.png,3.0_10.0_9.0,23,58,46,103,45,23,3
8116.png,5.0,23,70,51,87,17,28,1
8117.png,9.0,1,24,31,44,20,30,1
8118.png,1.0_9.0_9.0,22,84,58,155,71,36,3
8119.png,5.0_2.0,7,43,44,73,30,37,2
812.png,2.0_7.0,4,31,42,66,35,38,2
8120.png,1.0_5.0_7.0,17,72,47,113,41,30,3
8121.png,2.0_6.0,1,16,20,32,16,19,2
8122.png,2.0,29,107,136,224,117,107,1
8123.png,3.0,17,203,62,227,24,45,1
8124.png,7.0,11,35,32,44,9,21,1
8125.png,4.0_1.0,39,61,97,118,57,58,2
8126.png,9.0,3,36,50,62,26,47,1
8127.png,4.0_1.0,11,63,89,118,55,78,2
8128.png,2.0_4.0,28,90,62,129,39,34,2
8129.png,5.0_9.0,1,29,40,58,29,39,2
813.png,3.0_6.0_5.0,12,34,40,68,34,28,3
8130.png,2.0_7.0,7,40,41,56,16,34,2
8131.png,2.0_2.0,13,56,57,98,42,44,2
8132.png,4.0_4.0,9,78,89,150,72,80,2
8133.png,2.0_3.0_7.0,18,58,50,101,43,32,3
8134.png,2.0_10.0,7,29,31,42,13,24,2
8135.png,6.0,5,29,38,48,19,33,1
8136.png,4.0_8.0,5,40,42,85,45,37,2
8137.png,2.0_10.0_2.0,1,15,19,36,21,18,3
8138.png,3.0_5.0,14,46,33,66,20,19,2
8139.png,3.0_3.0,5,26,22,43,17,17,2
814.png,3.0,4,21,19,30,9,15,1
8140.png,1.0_1.0_8.0_3.0,18,75,61,138,63,43,4
8141.png,1.0_6.0_4.0_6.0,14,51,50,108,57,36,4
8142.png,6.0_7.0,21,60,47,77,17,26,2
8143.png,3.0_9.0,19,63,56,88,25,37,2
8144.png,3.0_9.0,7,23,24,40,17,17,2
8145.png,5.0_4.0,5,33,32,63,30,27,2
8146.png,5.0_10.0,3,14,15,23,9,12,2
8147.png,2.0_5.0_10.0_6.0,2,15,20,53,38,18,4
8148.png,7.0_3.0,2,21,26,45,24,24,2
8149.png,1.0_3.0_4.0,3,22,24,57,35,21,3
815.png,6.0_2.0,9,5,94,86,81,85,2
8150.png,1.0_3.0_3.0_5.0,4,16,16,41,25,12,4
8151.png,1.0_9.0,24,97,86,139,42,62,2
8152.png,1.0_1.0,2,20,22,37,17,20,2
8153.png,5.0_6.0_10.0,9,43,45,86,43,36,3
8154.png,2.0_4.0,9,33,35,59,26,26,2
8155.png,7.0_9.0,3,16,15,29,13,12,2
8156.png,7.0_2.0_2.0,10,31,31,81,50,21,3
8157.png,3.0_10.0,7,26,22,44,18,15,2
8158.png,7.0,1,12,14,17,5,13,1
8159.png,1.0,1,12,16,18,6,15,1
816.png,5.0_5.0_3.0,12,45,44,95,50,32,3
8160.png,1.0_2.0_4.0,1,45,76,103,58,75,3
8161.png,4.0,8,52,63,80,28,55,1
8162.png,1.0_7.0_7.0,9,38,37,64,26,28,3
8163.png,6.0_1.0,5,35,35,66,31,30,2
8164.png,6.0_4.0,46,155,129,238,83,83,2
8165.png,6.0_2.0,2,26,23,48,22,21,2
8166.png,1.0_5.0,10,41,40,69,28,30,2
8167.png,3.0_8.0,41,119,101,160,41,60,2
8168.png,3.0_1.0,7,25,32,40,15,25,2
8169.png,1.0_9.0,2,24,27,42,18,25,2
817.png,4.0_5.0,19,55,50,79,24,31,2
8170.png,3.0_5.0,5,34,33,53,19,28,2
8171.png,8.0_9.0,2,20,22,37,17,20,2
8172.png,5.0_3.0_9.0,17,101,59,162,61,42,3
8173.png,4.0_9.0,3,29,33,56,27,30,2
8174.png,3.0_9.0_2.0,19,63,70,119,56,51,3
8175.png,6.0_6.0,1,24,32,60,36,31,2
8176.png,2.0_4.0_5.0_4.0,1,20,14,40,20,13,4
8177.png,6.0_2.0,8,65,73,128,63,65,2
8178.png,2.0_9.0_2.0_2.0,25,100,73,153,53,48,4
8179.png,2.0_3.0_9.0,6,51,67,125,74,61,3
818.png,2.0_9.0,6,23,27,40,17,21,2
8180.png,2.0_1.0_3.0,4,35,38,79,44,34,3
8181.png,6.0_1.0,12,132,61,162,30,49,2
8182.png,1.0_6.0,1,40,66,106,66,65,2
8183.png,6.0,1,32,48,56,24,47,1
8184.png,1.0_10.0_4.0,18,57,79,126,69,61,3
8185.png,5.0_1.0,12,51,47,83,32,35,2
8186.png,8.0,11,64,80,99,35,69,1
8187.png,2.0_10.0_1.0,1,24,32,67,43,31,3
8188.png,4.0_9.0,14,198,50,234,36,36,2
8189.png,6.0_4.0_8.0,15,59,44,97,38,29,3
819.png,9.0_2.0,11,28,43,63,35,32,2
8190.png,7.0_8.0,10,38,39,63,25,29,2
8191.png,1.0_8.0_9.0,4,18,22,40,22,18,3
8192.png,6.0,20,85,67,112,27,47,1
8193.png,3.0_3.0,4,32,36,69,37,32,2
8194.png,5.0_7.0,8,30,33,61,31,25,2
8195.png,1.0_7.0,7,29,32,47,18,25,2
8196.png,3.0_4.0,20,108,125,210,102,105,2
8197.png,1.0_8.0,2,15,18,31,16,16,2
8198.png,2.0,8,44,44,58,14,36,1
8199.png,6.0_6.0,14,56,37,88,32,23,2
82.png,4.0_5.0,6,35,38,72,37,32,2
820.png,1.0_7.0,11,41,61,75,34,50,2
8200.png,1.0_4.0_7.0,1,19,32,45,26,31,3
8201.png,4.0_10.0,7,32,31,65,33,24,2
8202.png,1.0_8.0_9.0,4,31,33,59,28,29,3
8203.png,9.0,7,64,52,91,27,45,1
8204.png,7.0,5,31,41,53,22,36,1
8205.png,4.0_1.0,1,15,17,30,15,16,2
8206.png,1.0_3.0,1,14,16,27,13,15,2
8207.png,4.0_2.0_7.0,1,14,12,32,18,11,3
8208.png,5.0,28,95,84,115,20,56,1
8209.png,3.0_1.0,5,41,42,73,32,37,2
821.png,1.0_9.0,3,20,26,37,17,23,2
8210.png,6.0_7.0,6,46,49,86,40,43,2
8211.png,1.0_5.0,7,39,43,55,16,36,2
8212.png,7.0_1.0,5,39,56,100,61,51,2
8213.png,4.0_10.0_1.0,33,160,79,197,37,46,3
8214.png,1.0_8.0_9.0,5,26,35,58,32,30,3
8215.png,6.0,2,20,21,27,7,19,1
8216.png,6.0_8.0,5,28,27,55,27,22,2
8217.png,1.0_5.0,10,34,34,57,23,24,2
8218.png,3.0_7.0,15,52,46,78,26,31,2
8219.png,2.0_2.0_4.0,22,103,67,166,63,45,3
822.png,6.0_7.0,13,44,50,81,37,37,2
8220.png,2.0_2.0_9.0,6,26,27,58,32,21,3
8221.png,7.0_6.0,17,62,69,105,43,52,2
8222.png,2.0_9.0,7,43,42,86,43,35,2
8223.png,1.0_3.0,3,30,36,63,33,33,2
8224.png,4.0_8.0,5,26,37,53,27,32,2
8225.png,3.0,17,81,99,117,36,82,1
8226.png,4.0_9.0,12,32,33,45,13,21,2
8227.png,1.0,8,33,32,40,7,24,1
8228.png,5.0,6,28,34,40,12,28,1
8229.png,4.0,1,18,16,29,11,15,1
823.png,8.0_3.0,10,58,51,100,42,41,2
8230.png,2.0_9.0,5,25,24,45,20,19,2
8231.png,5.0_1.0,4,12,16,27,15,12,2
8232.png,2.0_1.0,11,55,50,82,27,39,2
8233.png,1.0_1.0,28,78,52,94,16,24,2
8234.png,4.0_10.0,5,57,57,94,37,52,2
8235.png,3.0_3.0_4.0,58,101,108,152,51,50,3
8236.png,3.0_3.0,6,30,29,52,22,23,2
8237.png,7.0_10.0,3,19,17,34,15,14,2
8238.png,1.0_1.0_7.0,8,35,42,74,39,34,3
8239.png,3.0_10.0,3,37,48,70,33,45,2
824.png,5.0_3.0_1.0,2,22,27,51,29,25,3
8240.png,5.0,7,32,37,48,16,30,1
8241.png,3.0_6.0,1,21,25,48,27,24,2
8242.png,1.0_1.0_7.0,7,56,67,111,55,60,3
8243.png,1.0_5.0_7.0_9.0,13,50,46,114,64,33,4
8244.png,5.0_1.0,14,70,63,119,49,49,2
8245.png,8.0_6.0,16,89,93,165,76,77,2
8246.png,2.0_2.0_3.0,4,34,33,80,46,29,3
8247.png,2.0_8.0,1,21,35,57,36,34,2
8248.png,3.0,14,92,121,166,74,107,1
8249.png,6.0_2.0,5,27,28,52,25,23,2
825.png,1.0_3.0,7,38,47,63,25,40,2
8250.png,2.0_1.0,8,76,97,148,72,89,2
8251.png,6.0,5,27,31,43,16,26,1
8252.png,7.0_9.0,2,31,40,70,39,38,2
8253.png,1.0_10.0,21,174,71,213,39,50,2
8254.png,1.0_4.0,4,30,46,64,34,42,2
8255.png,1.0_2.0,1,15,19,28,13,18,2
8256.png,1.0_1.0_5.0,5,51,72,117,66,67,3
8257.png,4.0_3.0,3,44,45,78,34,42,2
8258.png,1.0_6.0_1.0,18,71,64,119,48,46,3
8259.png,1.0_4.0,12,55,53,85,30,41,2
826.png,3.0,6,32,31,47,15,25,1
8260.png,3.0_2.0,18,76,82,147,71,64,2
8261.png,3.0_3.0,19,38,38,59,21,19,2
8262.png,2.0_2.0_8.0,45,267,94,342,75,49,3
8263.png,2.0_7.0,6,37,38,61,24,32,2
8264.png,3.0,5,25,24,32,7,19,1
8265.png,1.0_5.0,1,21,24,34,13,23,2
8266.png,4.0_9.0,5,26,26,44,18,21,2
8267.png,1.0_8.0_1.0,5,26,31,61,35,26,3
8268.png,5.0_8.0,9,35,41,73,38,32,2
8269.png,5.0_5.0,3,28,26,54,26,23,2
827.png,6.0,17,65,69,110,45,52,1
8270.png,4.0_2.0,8,50,49,78,28,41,2
8271.png,6.0_6.0,9,39,35,66,27,26,2
8272.png,5.0_7.0_3.0,8,36,38,92,56,30,3
8273.png,3.0_7.0,9,54,60,89,35,51,2
8274.png,5.0_4.0_3.0,8,57,33,104,47,25,3
8275.png,2.0_2.0_4.0_4.0,8,60,59,136,76,51,4
8276.png,3.0_10.0,2,17,17,27,10,15,2
8277.png,2.0_10.0_3.0,1,24,35,77,53,34,3
8278.png,4.0_2.0,6,22,29,45,23,23,2
8279.png,2.0_3.0,36,105,78,133,28,42,2
828.png,1.0_10.0,22,65,66,105,40,44,2
8280.png,1.0_3.0_8.0,1,37,53,97,60,52,3
8281.png,5.0_7.0,17,69,71,101,32,54,2
8282.png,7.0_3.0,4,19,20,31,12,16,2
8283.png,2.0_4.0,7,32,34,62,30,27,2
8284.png,8.0_9.0,7,38,43,78,40,36,2
8285.png,1.0_9.0_5.0,1,23,30,66,43,29,3
8286.png,7.0_3.0,6,51,73,94,43,67,2
8287.png,4.0_3.0,1,17,20,34,17,19,2
8288.png,5.0,9,35,39,54,19,30,1
8289.png,3.0_7.0,1,15,19,33,18,18,2
829.png,7.0_10.0,10,51,58,80,29,48,2
8290.png,1.0_7.0,11,41,35,63,22,24,2
8291.png,2.0_5.0,2,23,26,53,30,24,2
8292.png,3.0_10.0_4.0,2,29,47,117,88,45,3
8293.png,5.0_3.0,8,46,55,96,50,47,2
8294.png,1.0_3.0_2.0,3,18,21,42,24,18,3
8295.png,1.0_7.0_3.0,1,12,15,33,21,14,3
8296.png,4.0,9,35,30,43,8,21,1
8297.png,1.0_6.0,5,20,21,35,15,16,2
8298.png,2.0_8.0,20,78,56,120,42,36,2
8299.png,5.0_1.0,1,20,25,39,19,24,2
83.png,6.0_10.0,6,36,44,65,29,38,2
830.png,2.0_5.0_7.0,2,36,48,88,52,46,3
8300.png,1.0_9.0_1.0,11,49,58,97,48,47,3
8301.png,4.0_3.0,11,38,49,55,17,38,2
8302.png,3.0,2,23,22,37,14,20,1
8303.png,8.0_5.0,1,14,18,32,18,17,2
8304.png,6.0,1,20,30,38,18,29,1
8305.png,4.0_2.0,8,31,27,52,21,19,2
8306.png,5.0,4,36,51,67,31,47,1
8307.png,5.0_4.0,22,88,83,148,60,61,2
8308.png,3.0_10.0_10.0,9,32,32,65,33,23,3
8309.png,1.0,10,52,96,94,42,86,1
831.png,6.0_8.0,2,21,24,38,17,22,2
8310.png,1.0_9.0,5,26,28,51,25,23,2
8311.png,3.0_9.0,3,39,134,154,115,131,2
8312.png,4.0_8.0,11,45,40,85,40,29,2
8313.png,9.0_6.0,23,80,82,133,53,59,2
8314.png,4.0_5.0,13,84,74,156,72,61,2
8315.png,3.0_9.0,3,20,20,42,22,17,2
8316.png,1.0_10.0_8.0,1,25,28,50,25,27,3
8317.png,1.0,23,86,97,116,30,74,1
8318.png,1.0_5.0,10,41,46,77,36,36,2
8319.png,4.0_9.0,6,35,50,71,36,44,2
832.png,2.0_5.0_10.0_10.0,6,23,30,75,52,24,4
8320.png,2.0,1,43,39,65,22,38,1
8321.png,1.0_6.0_3.0,25,115,163,255,140,138,3
8322.png,3.0_7.0,4,29,33,56,27,29,2
8323.png,1.0,14,50,41,56,6,27,1
8324.png,7.0_10.0,30,84,99,151,67,69,2
8325.png,1.0_4.0_2.0,12,47,43,77,30,31,3
8326.png,4.0_2.0,9,42,43,81,39,34,2
8327.png,1.0_1.0_8.0,4,28,40,65,37,36,3
8328.png,4.0,13,116,86,165,49,73,1
8329.png,3.0,5,44,47,67,23,42,1
833.png,2.0,1,16,15,24,8,14,1
8330.png,8.0_1.0,6,43,50,79,36,44,2
8331.png,1.0_4.0_10.0,25,116,55,154,38,30,3
8332.png,1.0_10.0_7.0,2,16,19,34,18,17,3
8333.png,3.0_7.0,21,67,44,84,17,23,2
8334.png,3.0_7.0,4,25,26,39,14,22,2
8335.png,1.0_10.0_8.0_5.0,11,35,52,87,52,41,4
8336.png,1.0_2.0_6.0,14,58,44,103,45,30,3
8337.png,8.0,6,42,36,58,16,30,1
8338.png,7.0_6.0,4,29,24,49,20,20,2
8339.png,3.0_6.0,1,66,82,143,77,81,2
834.png,1.0_5.0,5,36,39,59,23,34,2
8340.png,1.0_4.0_3.0,9,25,27,50,25,18,3
8341.png,2.0_4.0,11,36,27,53,17,16,2
8342.png,2.0_3.0,75,136,118,170,34,43,2
8343.png,7.0,13,65,67,104,39,54,1
8344.png,3.0_4.0_5.0,27,62,51,106,44,24,3
8345.png,2.0_8.0,2,40,50,74,34,48,2
8346.png,8.0_2.0,4,42,48,84,42,44,2
8347.png,1.0_5.0_9.0,12,49,45,81,32,33,3
8348.png,1.0_5.0,14,108,123,184,76,109,2
8349.png,6.0_3.0_2.0,1,13,17,34,21,16,3
835.png,1.0_5.0_8.0,6,33,31,58,25,25,3
8350.png,9.0,5,34,36,50,16,31,1
8351.png,2.0_4.0,1,14,14,26,12,13,2
8352.png,9.0_9.0,2,19,21,45,26,19,2
8353.png,5.0_3.0,5,32,42,78,46,37,2
8354.png,1.0_7.0_5.0,4,27,32,49,22,28,3
8355.png,3.0_1.0,24,100,66,126,26,42,2
8356.png,1.0_10.0_8.0,19,99,94,194,95,75,3
8357.png,2.0_1.0_9.0_10.0,1,13,13,42,29,12,4
8358.png,2.0,1,43,67,97,54,66,1
8359.png,4.0_6.0,1,50,52,91,41,51,2
836.png,6.0_1.0,29,155,196,332,177,167,2
8360.png,6.0_1.0,3,33,40,75,42,37,2
8361.png,1.0_10.0_3.0,3,17,26,49,32,23,3
8362.png,1.0_10.0_1.0,6,46,57,114,68,51,3
8363.png,1.0_2.0_3.0,23,127,58,173,46,35,3
8364.png,1.0_10.0_7.0,16,81,70,159,78,54,3
8365.png,2.0_3.0,11,41,43,63,22,32,2
8366.png,1.0_3.0_1.0,14,44,36,62,18,22,3
8367.png,5.0,2,25,21,34,9,19,1
8368.png,4.0_5.0,27,64,67,97,33,40,2
8369.png,2.0_2.0_7.0_8.0,1,16,18,39,23,17,4
837.png,3.0_8.0,3,48,69,120,72,66,2
8370.png,4.0_1.0_6.0,5,34,28,82,48,23,3
8371.png,5.0_6.0_7.0,1,117,50,168,51,49,3
8372.png,2.0_1.0_8.0,3,48,50,86,38,47,3
8373.png,3.0_3.0,7,64,67,110,46,60,2
8374.png,6.0,7,40,42,58,18,35,1
8375.png,5.0_8.0,3,37,42,71,34,39,2
8376.png,5.0_10.0_1.0,13,55,45,110,55,32,3
8377.png,2.0_9.0_6.0,1,13,17,37,24,16,3
8378.png,6.0_2.0_6.0,1,14,17,42,28,16,3
8379.png,1.0_1.0_4.0,13,45,47,82,37,34,3
838.png,2.0_8.0_3.0_7.0,4,18,18,48,30,14,4
8380.png,9.0,1,25,32,44,19,31,1
8381.png,1.0_3.0_4.0,4,26,27,49,23,23,3
8382.png,1.0_4.0,8,46,56,88,42,48,2
8383.png,3.0,3,33,40,54,21,37,1
8384.png,1.0_3.0_10.0,61,110,101,152,42,40,3
8385.png,2.0_3.0,13,64,73,99,35,60,2
8386.png,5.0_5.0,9,56,56,97,41,47,2
8387.png,3.0_2.0,1,19,21,39,20,20,2
8388.png,3.0_1.0_1.0,17,62,80,124,62,63,3
8389.png,2.0_7.0,24,61,49,86,25,25,2
839.png,4.0_9.0,32,150,72,192,42,40,2
8390.png,5.0_10.0,2,17,24,35,18,22,2
8391.png,2.0_10.0_7.0,24,90,131,185,95,107,3
8392.png,3.0_7.0,4,38,48,78,40,44,2
8393.png,3.0_10.0,2,20,22,38,18,20,2
8394.png,8.0,1,34,30,48,14,29,1
8395.png,2.0,1,38,33,53,15,32,1
8396.png,2.0_4.0,6,33,34,55,22,28,2
8397.png,3.0_5.0,7,68,77,140,72,70,2
8398.png,1.0_3.0,26,76,64,94,18,38,2
8399.png,5.0_7.0_6.0,36,116,84,173,57,48,3
84.png,3.0,6,34,38,54,20,32,1
840.png,4.0_2.0,24,99,88,163,64,64,2
8400.png,1.0_1.0,2,12,13,27,15,11,2
8401.png,1.0_7.0_9.0,3,26,28,50,24,25,3
8402.png,6.0,5,44,53,68,24,48,1
8403.png,4.0_2.0,9,43,35,69,26,26,2
8404.png,2.0_8.0,10,38,42,76,38,32,2
8405.png,4.0_1.0,1,15,19,29,14,18,2
8406.png,4.0_8.0,6,22,30,47,25,24,2
8407.png,4.0_10.0,3,21,24,48,27,21,2
8408.png,1.0_1.0_2.0,6,42,52,90,48,46,3
8409.png,1.0_10.0_4.0,1,19,23,45,26,22,3
841.png,7.0_5.0,5,27,27,53,26,22,2
8410.png,8.0,5,28,31,41,13,26,1
8411.png,6.0_2.0,15,62,59,90,28,44,2
8412.png,1.0_4.0_5.0,6,29,32,63,34,26,3
8413.png,1.0_5.0,4,29,30,52,23,26,2
8414.png,3.0_3.0,4,23,21,42,19,17,2
8415.png,7.0_6.0,5,23,30,37,14,25,2
8416.png,1.0_5.0_5.0,8,50,64,125,75,56,3
8417.png,1.0_2.0,9,38,42,59,21,33,2
8418.png,1.0_9.0,8,32,43,52,20,35,2
8419.png,1.0_3.0_5.0,12,36,53,90,54,41,3
842.png,1.0_1.0,8,52,45,85,33,37,2
8420.png,4.0_1.0,11,63,65,111,48,54,2
8421.png,3.0_6.0,14,61,75,112,51,61,2
8422.png,7.0_8.0,4,19,20,37,18,16,2
8423.png,1.0_9.0,4,27,33,47,20,29,2
8424.png,4.0_7.0,9,47,40,73,26,31,2
8425.png,4.0_8.0,4,51,66,112,61,62,2
8426.png,9.0_9.0,4,30,35,67,37,31,2
8427.png,1.0,13,37,33,49,12,20,1
8428.png,4.0_8.0,1,27,30,48,21,29,2
8429.png,2.0_9.0_7.0_10.0,13,75,61,133,58,48,4
843.png,5.0_8.0,3,39,50,87,48,47,2
8430.png,5.0_5.0,3,26,22,45,19,19,2
8431.png,2.0_9.0_10.0,2,32,30,55,23,28,3
8432.png,1.0_3.0_10.0,4,24,28,59,35,24,3
8433.png,8.0,2,21,24,31,10,22,1
8434.png,3.0_7.0,13,78,81,147,69,68,2
8435.png,6.0_7.0_6.0,4,24,27,69,45,23,3
8436.png,1.0_8.0,6,57,67,117,60,61,2
8437.png,2.0_5.0,18,67,54,106,39,36,2
8438.png,3.0_7.0,13,52,52,82,30,39,2
8439.png,2.0_3.0_4.0,54,110,95,157,47,41,3
844.png,6.0_10.0,13,33,39,54,21,26,2
8440.png,7.0_7.0,9,46,34,75,29,25,2
8441.png,5.0,13,57,56,81,24,43,1
8442.png,3.0_3.0,6,44,62,122,78,56,2
8443.png,2.0_9.0,2,18,23,41,23,21,2
8444.png,3.0_1.0,1,22,25,42,20,24,2
8445.png,1.0_10.0_4.0,11,31,24,49,18,13,3
8446.png,1.0_3.0_1.0,22,51,46,80,29,24,3
8447.png,3.0_10.0,3,26,31,50,24,28,2
8448.png,1.0,15,66,53,86,20,38,1
8449.png,4.0_10.0_2.0,4,28,29,46,18,25,3
845.png,3.0_2.0,5,24,25,42,18,20,2
8450.png,8.0_3.0,1,23,23,50,27,22,2
8451.png,3.0_2.0,2,45,70,102,57,68,2
8452.png,1.0_6.0_10.0,6,111,69,180,69,63,3
8453.png,2.0_4.0,8,48,52,95,47,44,2
8454.png,7.0,4,59,48,89,30,44,1
8455.png,9.0_9.0,5,27,26,47,20,21,2
8456.png,2.0_4.0_6.0,8,50,68,98,48,60,3
8457.png,5.0_5.0_6.0,1,25,37,66,41,36,3
8458.png,2.0_7.0,2,27,28,43,16,26,2
8459.png,1.0_2.0_2.0,2,15,15,32,17,13,3
846.png,4.0_7.0,7,71,91,146,75,84,2
8460.png,1.0_2.0_6.0,7,53,71,104,51,64,3
8461.png,4.0_6.0,1,26,31,61,35,30,2
8462.png,6.0_3.0,12,35,27,58,23,15,2
8463.png,2.0_4.0_9.0,3,49,58,130,81,55,3
8464.png,7.0_2.0,2,21,22,41,20,20,2
8465.png,1.0_9.0_7.0,14,45,39,70,25,25,3
8466.png,5.0_3.0,5,21,20,37,16,15,2
8467.png,7.0_7.0_6.0,19,64,46,100,36,27,3
8468.png,9.0_8.0,1,31,39,62,31,38,2
8469.png,8.0,4,27,50,65,38,46,1
847.png,4.0_2.0,4,25,24,42,17,20,2
8470.png,5.0_3.0,1,17,25,37,20,24,2
8471.png,2.0_5.0,10,56,69,128,72,59,2
8472.png,1.0,1,14,17,22,8,16,1
8473.png,1.0_9.0_3.0,32,96,73,153,57,41,3
8474.png,7.0,11,41,44,48,7,33,1
8475.png,1.0_6.0,6,40,39,72,32,33,2
8476.png,3.0,2,37,42,59,22,40,1
8477.png,3.0_10.0,2,17,20,31,14,18,2
8478.png,7.0_10.0,1,14,12,30,16,11,2
8479.png,6.0,19,139,108,189,50,89,1
848.png,3.0_7.0,33,101,95,162,61,62,2
8480.png,4.0_2.0,2,24,22,49,25,20,2
8481.png,2.0_6.0,11,44,48,88,44,37,2
8482.png,3.0,3,24,30,39,15,27,1
8483.png,2.0_5.0,1,29,40,50,21,39,2
8484.png,1.0_2.0_4.0,4,28,23,47,19,19,3
8485.png,4.0_2.0,4,40,51,97,57,47,2
8486.png,2.0_7.0,6,39,51,70,31,45,2
8487.png,8.0,6,35,49,50,15,43,1
8488.png,7.0_2.0,8,35,33,58,23,25,2
8489.png,1.0_1.0_1.0,4,28,30,57,29,26,3
849.png,6.0_10.0,6,52,61,132,80,55,2
8490.png,5.0,4,30,33,45,15,29,1
8491.png,4.0,9,51,48,75,24,39,1
8492.png,7.0_9.0,6,35,39,62,27,33,2
8493.png,1.0_10.0,8,37,41,67,30,33,2
8494.png,3.0_2.0,1,15,18,29,14,17,2
8495.png,3.0_7.0,8,36,32,57,21,24,2
8496.png,5.0,7,27,38,51,24,31,1
8497.png,7.0_8.0,1,30,38,57,27,37,2
8498.png,5.0_7.0,2,38,48,74,36,46,2
8499.png,3.0_7.0,4,23,25,42,19,21,2
85.png,1.0_7.0,6,17,22,30,13,16,2
850.png,4.0_10.0,4,34,41,62,28,37,2
8500.png,7.0_9.0,1,19,24,42,23,23,2
8501.png,6.0_5.0,1,18,23,39,21,22,2
8502.png,1.0_7.0,5,19,18,29,10,13,2
8503.png,3.0_3.0,8,24,24,41,17,16,2
8504.png,1.0_9.0_1.0,16,47,34,69,22,18,3
8505.png,3.0_9.0,5,47,59,97,50,54,2
8506.png,1.0_2.0_3.0,48,175,72,216,41,24,3
8507.png,1.0_1.0,27,80,59,95,15,32,2
8508.png,1.0_5.0_8.0,23,92,67,129,37,44,3
8509.png,1.0_6.0,3,20,22,40,20,19,2
851.png,4.0_1.0,6,31,31,55,24,25,2
8510.png,1.0_4.0_3.0,3,33,35,71,38,32,3
8511.png,1.0_10.0_7.0,15,57,59,96,39,44,3
8512.png,6.0_2.0,4,29,36,60,31,32,2
8513.png,2.0_3.0,3,27,37,49,22,34,2
8514.png,3.0_7.0,2,16,17,29,13,15,2
8515.png,1.0_1.0_8.0,12,56,66,125,69,54,3
8516.png,7.0_3.0,13,52,55,99,47,42,2
8517.png,4.0,11,54,55,77,23,44,1
8518.png,3.0_9.0,1,16,17,37,21,16,2
8519.png,4.0,10,24,25,34,10,15,1
852.png,1.0_1.0_9.0,21,66,80,120,54,59,3
8520.png,2.0,16,49,60,68,19,44,1
8521.png,9.0_7.0,2,16,19,39,23,17,2
8522.png,3.0_6.0,12,61,57,119,58,45,2
8523.png,2.0_1.0_7.0_9.0,5,46,51,136,90,46,4
8524.png,2.0_4.0_10.0,4,26,25,64,38,21,3
8525.png,7.0_5.0,5,26,24,46,20,19,2
8526.png,1.0_4.0,4,23,25,37,14,21,2
8527.png,5.0_10.0,1,27,27,53,26,26,2
8528.png,3.0_5.0,8,79,91,179,100,83,2
8529.png,3.0_2.0_9.0,1,16,18,43,27,17,3
853.png,1.0_3.0,9,40,44,66,26,35,2
8530.png,1.0_9.0,4,20,21,40,20,17,2
8531.png,8.0_1.0,1,19,25,36,17,24,2
8532.png,2.0_10.0,6,40,45,69,29,39,2
8533.png,1.0_6.0,18,65,69,90,25,51,2
8534.png,3.0_5.0_5.0,2,22,27,51,29,25,3
8535.png,7.0_1.0_7.0,22,89,84,177,88,62,3
8536.png,4.0_8.0_1.0,9,46,44,84,38,35,3
8537.png,1.0_2.0_8.0,1,30,34,69,39,33,3
8538.png,1.0_8.0_8.0,7,43,41,74,31,34,3
8539.png,2.0,10,46,55,73,27,45,1
854.png,2.0_7.0,9,38,38,63,25,29,2
8540.png,9.0_1.0_1.0,3,25,36,64,39,33,3
8541.png,7.0_8.0,10,41,37,83,42,27,2
8542.png,3.0_3.0,6,103,124,187,84,118,2
8543.png,4.0_3.0,6,23,25,40,17,19,2
8544.png,2.0_3.0_3.0_4.0,3,29,30,84,55,27,4
8545.png,3.0_10.0,2,20,22,40,20,20,2
8546.png,2.0_3.0,5,33,30,58,25,25,2
8547.png,2.0_2.0,14,55,51,89,34,37,2
8548.png,3.0_1.0,49,168,79,191,23,30,2
8549.png,2.0_10.0,2,18,25,44,26,23,2
855.png,1.0_10.0_9.0,6,33,39,63,30,33,3
8550.png,1.0_3.0,7,58,74,108,50,67,2
8551.png,8.0_2.0,8,43,47,79,36,39,2
8552.png,2.0_6.0,1,12,19,30,18,18,2
8553.png,1.0_10.0,4,17,18,29,12,14,2
8554.png,2.0_9.0,7,49,66,120,71,59,2
8555.png,3.0_4.0,1,13,17,29,16,16,2
8556.png,1.0_8.0,9,35,50,75,40,41,2
8557.png,3.0_7.0,49,172,96,220,48,47,2
8558.png,4.0_3.0,1,18,19,39,21,18,2
8559.png,3.0_3.0,4,36,45,64,28,41,2
856.png,1.0_7.0_8.0,7,43,41,78,35,34,3
8560.png,1.0_8.0,6,45,53,93,48,47,2
8561.png,1.0_8.0_3.0,7,30,33,67,37,26,3
8562.png,1.0_5.0_4.0,26,93,100,178,85,74,3
8563.png,4.0_5.0,2,21,26,41,20,24,2
8564.png,5.0_8.0_5.0,11,45,39,80,35,28,3
8565.png,8.0,1,20,21,31,11,20,1
8566.png,1.0_6.0,21,85,74,137,52,53,2
8567.png,9.0,5,25,21,33,8,16,1
8568.png,2.0_4.0,18,79,90,135,56,72,2
8569.png,6.0_6.0,15,55,63,106,51,48,2
857.png,8.0_3.0,12,58,52,94,36,40,2
8570.png,1.0_10.0_1.0_6.0,15,55,41,88,33,26,4
8571.png,7.0_5.0,3,19,17,33,14,14,2
8572.png,5.0_3.0,5,24,32,47,23,27,2
8573.png,1.0_8.0_9.0,3,24,28,52,28,25,3
8574.png,1.0_5.0_7.0_9.0,1,15,17,56,41,16,4
8575.png,1.0_10.0,1,10,14,26,16,13,2
8576.png,7.0_3.0,1,56,74,126,70,73,2
8577.png,2.0_4.0,5,39,46,81,42,41,2
8578.png,1.0_10.0,4,36,46,66,30,42,2
8579.png,4.0,10,53,51,69,16,41,1
858.png,4.0_5.0,5,24,25,39,15,20,2
8580.png,2.0_4.0,10,71,76,134,63,66,2
8581.png,6.0,6,30,25,41,11,19,1
8582.png,7.0_5.0,10,31,29,49,18,19,2
8583.png,2.0_8.0_9.0,7,49,61,115,66,54,3
8584.png,3.0,7,42,56,75,33,49,1
8585.png,3.0,13,54,51,80,26,38,1
8586.png,9.0,10,107,73,154,47,63,1
8587.png,3.0_4.0_6.0,27,122,100,202,80,73,3
8588.png,5.0_10.0_4.0,13,48,39,81,33,26,3
8589.png,3.0,6,25,21,33,8,15,1
859.png,2.0_7.0,1,15,19,24,9,18,2
8590.png,2.0,12,44,52,71,27,40,1
8591.png,3.0_8.0,6,29,31,61,32,25,2
8592.png,9.0_8.0,4,54,64,100,46,60,2
8593.png,3.0_6.0_10.0,3,57,70,104,47,67,3
8594.png,5.0,7,34,38,54,20,31,1
8595.png,3.0_6.0,20,69,67,115,46,47,2
8596.png,1.0_3.0_10.0,28,84,76,142,58,48,3
8597.png,1.0_4.0,2,19,21,31,12,19,2
8598.png,6.0_3.0,2,23,28,45,22,26,2
8599.png,5.0,5,33,39,50,17,34,1
86.png,3.0_5.0,4,26,25,42,16,21,2
860.png,2.0,6,31,35,42,11,29,1
8600.png,9.0_1.0,6,28,24,45,17,18,2
8601.png,1.0_1.0,12,42,39,62,20,27,2
8602.png,2.0_8.0,9,41,38,70,29,29,2
8603.png,6.0_4.0,5,30,33,55,25,28,2
8604.png,5.0,3,24,26,37,13,23,1
8605.png,2.0_8.0,13,94,113,177,83,100,2
8606.png,2.0_3.0_1.0_8.0,5,23,22,46,23,17,4
8607.png,2.0_3.0_2.0,6,24,26,53,29,20,3
8608.png,2.0_4.0,5,38,47,97,59,42,2
8609.png,5.0_7.0,9,44,56,77,33,47,2
861.png,5.0_1.0,10,32,30,47,15,20,2
8610.png,3.0_7.0,1,18,18,29,11,17,2
8611.png,7.0_6.0,2,19,22,35,16,20,2
8612.png,8.0_9.0,6,44,53,99,55,47,2
8613.png,1.0_8.0_6.0,3,21,19,37,16,16,3
8614.png,8.0,3,25,29,45,20,26,1
8615.png,6.0,7,39,48,57,18,41,1
8616.png,7.0_10.0,6,24,35,50,26,29,2
8617.png,2.0_5.0_4.0,1,15,17,35,20,16,3
8618.png,3.0_5.0,2,28,38,52,24,36,2
8619.png,2.0_5.0_3.0,1,44,47,113,69,46,3
862.png,1.0_5.0,4,24,25,40,16,21,2
8620.png,3.0_9.0,3,53,64,101,48,61,2
8621.png,4.0_2.0,4,21,25,41,20,21,2
8622.png,3.0_10.0,1,18,17,29,11,16,2
8623.png,3.0,8,25,24,34,9,16,1
8624.png,2.0_2.0,2,24,27,51,27,25,2
8625.png,4.0_5.0,6,22,20,45,23,14,2
8626.png,1.0_6.0_10.0,27,96,140,209,113,113,3
8627.png,3.0_5.0_7.0,7,31,40,72,41,33,3
8628.png,3.0_6.0_1.0,12,55,52,92,37,40,3
8629.png,5.0_10.0_7.0,12,46,45,80,34,33,3
863.png,1.0_10.0_8.0,6,43,42,90,47,36,3
8630.png,7.0_5.0,16,65,75,104,39,59,2
8631.png,2.0,14,50,43,66,16,29,1
8632.png,3.0,3,19,22,31,12,19,1
8633.png,4.0_3.0,4,35,40,70,35,36,2
8634.png,3.0_5.0_1.0,7,48,49,100,52,42,3
8635.png,3.0,6,22,44,47,25,38,1
8636.png,3.0_4.0,5,28,30,47,19,25,2
8637.png,1.0_9.0,1,21,24,42,21,23,2
8638.png,2.0_5.0_4.0,3,15,18,47,32,15,3
8639.png,7.0,5,35,34,55,20,29,1
864.png,2.0,2,35,42,68,33,40,1
8640.png,4.0_9.0,6,39,46,68,29,40,2
8641.png,10.0,8,68,42,88,20,34,1
8642.png,3.0_7.0,1,20,20,37,17,19,2
8643.png,2.0_10.0_1.0,19,73,56,122,49,37,3
8644.png,3.0_3.0,3,36,41,55,19,38,2
8645.png,2.0,8,39,33,55,16,25,1
8646.png,1.0_4.0,1,14,19,37,23,18,2
8647.png,3.0_4.0,6,27,33,67,40,27,2
8648.png,7.0_10.0,4,30,33,46,16,29,2
8649.png,3.0_5.0,5,31,42,69,38,37,2
865.png,2.0_9.0_10.0,6,31,33,59,28,27,3
8650.png,4.0,4,28,25,40,12,21,1
8651.png,9.0,4,57,42,73,16,38,1
8652.png,9.0_3.0,2,20,26,45,25,24,2
8653.png,3.0_4.0,1,16,17,30,14,16,2
8654.png,2.0_7.0,13,72,87,156,84,74,2
8655.png,3.0_4.0_1.0_9.0,0,23,34,94,71,34,4
8656.png,1.0_8.0_4.0,6,26,31,50,24,25,3
8657.png,8.0_10.0,3,25,23,46,21,20,2
8658.png,1.0_7.0_3.0_1.0,18,97,103,237,140,85,4
8659.png,1.0_9.0_4.0,8,35,38,82,47,30,3
866.png,1.0_6.0_10.0,16,74,82,160,86,66,3
8660.png,3.0_3.0_4.0,9,84,55,159,75,46,3
8661.png,3.0_2.0_7.0,8,38,36,68,30,28,3
8662.png,1.0_3.0,1,24,29,52,28,28,2
8663.png,5.0,6,59,62,85,26,56,1
8664.png,9.0_8.0,7,43,51,82,39,44,2
8665.png,4.0_2.0,26,61,78,111,50,52,2
8666.png,1.0_10.0,4,18,24,36,18,20,2
8667.png,2.0_9.0_4.0,7,42,44,91,49,37,3
8668.png,2.0,2,23,23,36,13,21,1
8669.png,1.0_9.0,5,25,26,39,14,21,2
867.png,2.0_6.0_5.0,4,1,19,23,22,15,3
8670.png,3.0,1,26,20,34,8,19,1
8671.png,4.0_8.0,4,24,30,51,27,26,2
8672.png,1.0_1.0_1.0,7,36,41,73,37,34,3
8673.png,3.0,3,23,20,28,5,17,1
8674.png,1.0_10.0,0,19,22,31,12,22,2
8675.png,7.0_2.0,64,149,114,193,44,50,2
8676.png,1.0_2.0_5.0,4,24,35,61,37,31,3
8677.png,2.0_3.0_5.0,6,38,40,88,50,34,3
8678.png,4.0_5.0_6.0,9,54,57,123,69,48,3
8679.png,6.0,11,50,45,71,21,34,1
868.png,5.0_10.0,3,21,27,36,15,24,2
8680.png,1.0,7,50,57,63,13,50,1
8681.png,1.0_6.0_5.0,12,42,46,90,48,34,3
8682.png,1.0_6.0_9.0,7,31,40,75,44,33,3
8683.png,8.0,9,58,43,81,23,34,1
8684.png,1.0_9.0,4,20,21,36,16,17,2
8685.png,3.0_1.0,7,30,30,58,28,23,2
8686.png,5.0_9.0,3,20,22,37,17,19,2
8687.png,3.0_5.0_1.0,10,45,41,94,49,31,3
8688.png,7.0_6.0,20,165,66,210,45,46,2
8689.png,4.0_2.0_8.0,1,18,16,35,17,15,3
869.png,1.0_1.0_9.0,12,38,33,56,18,21,3
8690.png,1.0_1.0_10.0,23,100,107,203,103,84,3
8691.png,3.0_3.0_6.0,39,217,119,307,90,80,3
8692.png,3.0_6.0,3,50,57,97,47,54,2
8693.png,7.0_5.0,5,65,82,126,61,77,2
8694.png,1.0_7.0,5,27,34,49,22,29,2
8695.png,1.0_9.0_6.0,2,17,17,35,18,15,3
8696.png,4.0_1.0,1,46,54,100,54,53,2
8697.png,1.0_3.0,15,66,70,104,38,55,2
8698.png,3.0_7.0,4,40,50,86,46,46,2
8699.png,1.0_1.0,25,87,72,138,51,47,2
87.png,1.0_7.0,16,67,52,105,38,36,2
870.png,2.0_3.0_1.0,6,27,34,57,30,28,3
8700.png,8.0,13,46,37,63,17,24,1
8701.png,3.0_6.0_6.0_10.0,41,75,63,123,48,22,4
8702.png,2.0_5.0_5.0,13,56,36,89,33,23,3
8703.png,1.0_4.0_7.0,6,64,70,126,62,64,3
8704.png,1.0_1.0,8,33,32,42,9,24,2
8705.png,6.0_4.0,2,33,37,75,42,35,2
8706.png,9.0_5.0,9,36,44,63,27,35,2
8707.png,3.0,2,18,21,29,11,19,1
8708.png,4.0_10.0,5,44,47,81,37,42,2
8709.png,4.0_3.0,5,40,47,82,42,42,2
871.png,5.0_7.0,2,15,19,26,11,17,2
8710.png,1.0_10.0_8.0,13,36,30,61,25,17,3
8711.png,5.0_2.0,2,19,24,38,19,22,2
8712.png,1.0_3.0,23,255,111,320,65,88,2
8713.png,3.0_5.0,9,59,72,117,58,63,2
8714.png,1.0_4.0,12,69,90,112,43,78,2
8715.png,7.0,4,19,19,26,7,15,1
8716.png,1.0_5.0_6.0,3,33,29,60,27,26,3
8717.png,2.0_7.0,6,46,51,68,22,45,2
8718.png,8.0,12,64,60,79,15,48,1
8719.png,6.0,7,33,36,52,19,29,1
872.png,6.0,5,29,30,41,12,25,1
8720.png,1.0_7.0_10.0,3,26,28,46,20,25,3
8721.png,3.0_7.0,3,19,24,37,18,21,2
8722.png,5.0_3.0,30,99,84,133,34,54,2
8723.png,3.0_6.0,16,69,74,120,51,58,2
8724.png,8.0_10.0,4,32,31,50,18,27,2
8725.png,4.0_1.0,14,100,59,135,35,45,2
8726.png,3.0_1.0,7,32,41,50,18,34,2
8727.png,1.0_7.0_2.0,4,25,36,55,30,32,3
8728.png,4.0_10.0_4.0,2,31,45,88,57,43,3
8729.png,1.0_3.0_9.0,9,49,64,134,85,55,3
873.png,7.0_4.0_5.0,12,61,69,124,63,57,3
8730.png,2.0_10.0,1,23,30,58,35,29,2
8731.png,9.0_7.0,15,67,62,124,57,47,2
8732.png,7.0,16,50,52,70,20,36,1
8733.png,9.0_1.0,1,27,26,45,18,25,2
8734.png,2.0_1.0,4,19,22,35,16,18,2
8735.png,4.0_3.0,2,38,40,63,25,38,2
8736.png,3.0_7.0,26,236,55,264,28,29,2
8737.png,8.0,13,77,73,110,33,60,1
8738.png,2.0_2.0_1.0_8.0,1,17,22,52,35,21,4
8739.png,1.0_2.0,9,40,33,57,17,24,2
874.png,1.0_5.0,4,33,36,55,22,32,2
8740.png,1.0_6.0_1.0,6,28,30,55,27,24,3
8741.png,5.0,29,97,97,125,28,68,1
8742.png,4.0_3.0,3,23,32,42,19,29,2
8743.png,2.0_8.0,7,29,37,56,27,30,2
8744.png,2.0_4.0,1,16,17,31,15,16,2
8745.png,5.0_10.0,2,19,19,36,17,17,2
8746.png,2.0_8.0,5,29,33,44,15,28,2
8747.png,6.0_8.0,1,27,32,59,32,31,2
8748.png,2.0_4.0,10,47,52,89,42,42,2
8749.png,1.0_7.0,20,97,72,142,45,52,2
875.png,1.0_5.0_7.0,3,29,30,62,33,27,3
8750.png,3.0_7.0_8.0_4.0,1,65,77,179,114,76,4
8751.png,3.0_8.0_2.0_4.0,13,74,73,221,147,60,4
8752.png,1.0_2.0_10.0,1,26,33,62,36,32,3
8753.png,1.0_10.0,7,26,24,45,19,17,2
8754.png,2.0_1.0,20,98,92,169,71,72,2
8755.png,1.0_7.0,2,42,54,93,51,52,2
8756.png,1.0_6.0_7.0,1,22,27,58,36,26,3
8757.png,2.0_9.0,2,39,52,90,51,50,2
8758.png,2.0_4.0,20,85,104,172,87,84,2
8759.png,2.0,14,129,81,183,54,67,1
876.png,3.0_5.0_8.0,45,111,72,137,26,27,3
8760.png,4.0_6.0,8,71,67,115,44,59,2
8761.png,2.0_3.0_9.0_5.0,12,61,67,202,141,55,4
8762.png,9.0_6.0,12,46,31,62,16,19,2
8763.png,2.0_8.0_8.0,6,36,34,68,32,28,3
8764.png,6.0_10.0,10,99,55,140,41,45,2
8765.png,5.0_9.0,1,14,19,25,11,18,2
8766.png,1.0_6.0_1.0,43,156,130,261,105,87,3
8767.png,5.0_6.0,6,31,35,54,23,29,2
8768.png,9.0_10.0,8,49,59,106,57,51,2
8769.png,2.0_9.0,12,62,64,121,59,52,2
877.png,9.0_4.0,57,115,104,170,55,47,2
8770.png,4.0_6.0,5,37,33,57,20,28,2
8771.png,6.0_5.0,2,13,17,28,15,15,2
8772.png,2.0_5.0_7.0,54,116,102,230,114,48,3
8773.png,9.0_4.0,7,28,29,45,17,22,2
8774.png,5.0,4,23,22,32,9,18,1
8775.png,7.0_9.0,68,201,117,242,41,49,2
8776.png,2.0_5.0,2,24,27,57,33,25,2
8777.png,3.0_7.0,9,30,32,47,17,23,2
8778.png,3.0,9,64,91,120,56,82,1
8779.png,6.0_6.0_1.0,17,86,80,149,63,63,3
878.png,5.0_4.0_3.0,16,68,85,133,65,69,3
8780.png,1.0_7.0,3,40,50,84,44,47,2
8781.png,4.0,4,24,32,36,12,28,1
8782.png,5.0_2.0,35,153,93,199,46,58,2
8783.png,1.0_1.0_7.0,8,78,48,95,17,40,3
8784.png,1.0_1.0_1.0,7,30,27,52,22,20,3
8785.png,2.0,11,30,34,40,10,23,1
8786.png,1.0_9.0,6,18,22,34,16,16,2
8787.png,9.0_8.0_3.0,48,143,121,252,109,73,3
8788.png,2.0_10.0,18,68,69,129,61,51,2
8789.png,3.0_6.0_5.0,3,47,60,122,75,57,3
879.png,2.0_7.0,3,22,27,47,25,24,2
8790.png,3.0,21,71,69,89,18,48,1
8791.png,8.0_8.0,1,30,37,70,40,36,2
8792.png,2.0_5.0_9.0,9,51,47,84,33,38,3
8793.png,8.0,2,53,74,94,41,72,1
8794.png,4.0_8.0_10.0,8,29,30,56,27,22,3
8795.png,3.0_5.0_4.0,11,39,35,71,32,24,3
8796.png,2.0_9.0,12,46,51,75,29,39,2
8797.png,2.0_3.0,10,70,67,102,32,57,2
8798.png,1.0_9.0,4,23,27,44,21,23,2
8799.png,1.0_6.0_1.0,9,41,48,85,44,39,3
88.png,5.0,13,47,49,74,27,36,1
880.png,3.0_3.0_1.0_5.0,5,27,33,76,49,28,4
8800.png,7.0_8.0,53,75,94,113,38,41,2
8801.png,5.0_10.0,15,51,49,92,41,34,2
8802.png,4.0_7.0,1,28,33,51,23,32,2
8803.png,2.0_7.0,5,18,19,33,15,14,2
8804.png,4.0_4.0,57,132,94,182,50,37,2
8805.png,7.0_2.0,10,58,76,111,53,66,2
8806.png,9.0,2,18,20,33,15,18,1
8807.png,3.0_5.0,8,45,54,90,45,46,2
8808.png,4.0_6.0,17,62,54,98,36,37,2
8809.png,1.0_10.0,3,31,37,65,34,34,2
881.png,2.0_9.0,8,30,31,48,18,23,2
8810.png,3.0_3.0,11,31,29,50,19,18,2
8811.png,1.0_1.0_1.0,4,17,21,39,22,17,3
8812.png,5.0_9.0,16,74,79,134,60,63,2
8813.png,1.0_9.0_8.0,2,27,36,48,21,34,3
8814.png,10.0_2.0_2.0,3,34,27,67,33,24,3
8815.png,1.0,7,26,32,35,9,25,1
8816.png,1.0_7.0_5.0,1,20,24,51,31,23,3
8817.png,1.0_8.0,4,28,40,51,23,36,2
8818.png,3.0_9.0,96,153,131,200,47,35,2
8819.png,2.0_3.0,3,17,17,32,15,14,2
882.png,5.0_10.0,22,67,71,122,55,49,2
8820.png,2.0_6.0,6,34,41,71,37,35,2
8821.png,1.0,2,14,17,23,9,15,1
8822.png,1.0_1.0,25,74,66,118,44,41,2
8823.png,5.0_9.0,5,36,39,71,35,34,2
8824.png,9.0_3.0,12,45,31,65,20,19,2
8825.png,1.0_10.0_2.0_4.0,42,158,140,276,118,98,4
8826.png,1.0_10.0_7.0_5.0,9,43,41,92,49,32,4
8827.png,8.0,14,80,96,126,46,82,1
8828.png,4.0_1.0,4,39,53,96,57,49,2
8829.png,2.0_8.0_1.0,8,61,68,170,109,60,3
883.png,1.0_2.0,4,19,19,32,13,15,2
8830.png,5.0_9.0,31,99,87,147,48,56,2
8831.png,1.0_6.0_2.0,2,27,34,58,31,32,3
8832.png,2.0_2.0_6.0,35,85,69,117,32,34,3
8833.png,2.0,12,68,86,125,57,74,1
8834.png,2.0_3.0_9.0_2.0,1,13,16,42,29,15,4
8835.png,3.0_2.0,1,13,18,29,16,17,2
8836.png,6.0_3.0_4.0,1,13,16,34,21,15,3
8837.png,2.0_9.0_1.0,19,203,93,300,97,74,3
8838.png,1.0_7.0_10.0,10,31,32,69,38,22,3
8839.png,2.0_2.0,8,24,31,44,20,23,2
884.png,1.0_9.0,7,33,42,61,28,35,2
8840.png,9.0,26,62,62,82,20,36,1
8841.png,5.0_3.0,1,24,30,58,34,29,2
8842.png,3.0_6.0,3,36,52,93,57,49,2
8843.png,2.0_5.0_8.0,2,16,23,37,21,21,3
8844.png,1.0_10.0,14,74,81,117,43,67,2
8845.png,8.0_6.0_1.0,2,13,21,44,31,19,3
8846.png,4.0_5.0,1,35,42,77,42,41,2
8847.png,7.0,3,26,29,38,12,26,1
8848.png,8.0_4.0,1,20,22,35,15,21,2
8849.png,2.0_1.0,13,66,75,130,64,62,2
885.png,3.0_9.0,6,36,43,79,43,37,2
8850.png,5.0_1.0,5,32,33,52,20,28,2
8851.png,4.0_7.0,23,131,76,173,42,53,2
8852.png,5.0,5,45,40,54,9,35,1
8853.png,1.0_6.0_8.0,2,17,21,38,21,19,3
8854.png,8.0_5.0,2,23,32,58,35,30,2
8855.png,1.0_9.0,9,47,50,80,33,41,2
8856.png,5.0_10.0,12,46,54,101,55,42,2
8857.png,6.0_8.0,6,38,54,81,43,48,2
8858.png,1.0_8.0_1.0,13,90,50,126,36,37,3
8859.png,2.0,4,33,40,57,24,36,1
886.png,2.0_4.0,1,20,19,35,15,18,2
8860.png,6.0_8.0,49,217,91,269,52,42,2
8861.png,1.0_4.0,38,56,97,110,54,59,2
8862.png,6.0_10.0,7,32,28,48,16,21,2
8863.png,1.0_1.0,5,23,24,36,13,19,2
8864.png,8.0_5.0,6,31,36,52,21,30,2
8865.png,3.0_10.0,8,40,53,73,33,45,2
8866.png,1.0_8.0_1.0_9.0,2,19,25,49,30,23,4
8867.png,4.0,16,61,45,80,19,29,1
8868.png,4.0_2.0,4,26,19,43,17,15,2
8869.png,2.0_6.0_8.0,2,13,19,38,25,17,3
887.png,1.0_1.0,7,31,35,50,19,28,2
8870.png,1.0_6.0,4,25,35,49,24,31,2
8871.png,3.0_10.0,7,25,31,52,27,24,2
8872.png,2.0_4.0_8.0,19,60,51,103,43,32,3
8873.png,1.0_10.0_4.0,4,28,29,81,53,25,3
8874.png,1.0_4.0_9.0,4,19,24,37,18,20,3
8875.png,7.0_6.0_4.0,17,62,53,121,59,36,3
8876.png,2.0_2.0,4,24,27,53,29,23,2
8877.png,9.0,7,44,52,66,22,45,1
8878.png,5.0_5.0,8,52,43,86,34,35,2
8879.png,1.0_2.0,8,59,77,140,81,69,2
888.png,2.0,6,29,37,45,16,31,1
8880.png,3.0_5.0,20,70,75,125,55,55,2
8881.png,3.0_1.0,8,43,60,95,52,52,2
8882.png,1.0,2,21,22,29,8,20,1
8883.png,2.0_5.0_6.0_3.0,1,21,24,62,41,23,4
8884.png,6.0_9.0_6.0,20,79,91,202,123,71,3
8885.png,7.0_7.0,12,0,74,52,52,62,2
8886.png,1.0_4.0_4.0_7.0,1,14,19,43,29,18,4
8887.png,1.0,11,36,30,45,9,19,1
8888.png,3.0_3.0_4.0,1,25,33,70,45,32,3
8889.png,1.0_6.0,5,67,81,157,90,76,2
889.png,6.0_10.0,7,30,24,45,15,17,2
8890.png,9.0_3.0,5,29,31,44,15,26,2
8891.png,5.0_1.0,1,22,32,50,28,31,2
8892.png,3.0_1.0_8.0,11,66,63,162,96,52,3
8893.png,7.0_3.0,7,55,64,100,45,57,2
8894.png,1.0,1,18,26,27,9,25,1
8895.png,6.0_3.0_7.0,13,29,58,85,56,45,3
8896.png,1.0_10.0_2.0,3,20,24,49,29,21,3
8897.png,1.0_3.0,1,11,12,22,11,11,2
8898.png,6.0_6.0,15,54,53,87,33,38,2
8899.png,1.0_6.0_6.0,22,130,139,257,127,117,3
89.png,1.0_8.0,19,85,87,143,58,68,2
890.png,1.0_4.0_4.0,11,51,46,92,41,35,3
8900.png,2.0_7.0_10.0_7.0,3,19,19,55,36,16,4
8901.png,2.0_5.0_1.0_4.0,1,10,12,34,24,11,4
8902.png,2.0_5.0_4.0,3,23,25,52,29,22,3
8903.png,7.0,10,41,33,51,10,23,1
8904.png,1.0_9.0,2,31,34,60,29,32,2
8905.png,6.0_1.0,8,36,42,68,32,34,2
8906.png,5.0_4.0,1,24,23,50,26,22,2
8907.png,4.0_3.0,9,37,36,60,23,27,2
8908.png,1.0_2.0,1,12,12,28,16,11,2
8909.png,2.0_3.0,5,36,40,67,31,35,2
891.png,5.0_7.0,10,40,40,67,27,30,2
8910.png,4.0,6,38,32,48,10,26,1
8911.png,1.0_5.0_1.0,4,23,26,48,25,22,3
8912.png,7.0_5.0,3,25,33,67,42,30,2
8913.png,1.0_2.0_8.0,1,12,13,27,15,12,3
8914.png,1.0_9.0,2,34,41,66,32,39,2
8915.png,3.0,4,47,25,58,11,21,1
8916.png,2.0_1.0_1.0,8,38,45,88,50,37,3
8917.png,5.0_5.0,18,75,91,189,114,73,2
8918.png,9.0_7.0,6,30,34,54,24,28,2
8919.png,2.0_2.0,1,17,20,36,19,19,2
892.png,3.0_3.0,4,24,23,41,17,19,2
8920.png,1.0_9.0_5.0,17,78,62,127,49,45,3
8921.png,2.0_7.0,5,26,35,54,28,30,2
8922.png,4.0_4.0,13,59,47,104,45,34,2
8923.png,2.0_10.0,5,30,30,56,26,25,2
8924.png,1.0_5.0_10.0,6,26,26,52,26,20,3
8925.png,2.0_7.0,15,94,122,203,109,107,2
8926.png,9.0_7.0,3,34,38,79,45,35,2
8927.png,2.0,7,37,48,67,30,41,1
8928.png,1.0_2.0_9.0,4,26,28,57,31,24,3
8929.png,5.0_1.0,4,32,41,66,34,37,2
893.png,2.0_8.0,4,21,22,33,12,18,2
8930.png,1.0_2.0,2,37,49,90,53,47,2
8931.png,1.0,9,40,38,50,10,29,1
8932.png,1.0_3.0,55,146,128,244,98,73,2
8933.png,2.0_4.0,14,54,59,107,53,45,2
8934.png,9.0,36,164,191,224,60,155,1
8935.png,8.0,1,17,12,24,7,11,1
8936.png,3.0_1.0,3,18,24,39,21,21,2
8937.png,1.0_5.0,1,22,21,37,15,20,2
8938.png,9.0_1.0,7,32,39,58,26,32,2
8939.png,9.0_7.0,5,43,43,95,52,38,2
894.png,4.0_9.0,4,26,26,48,22,22,2
8940.png,8.0_4.0,5,17,22,37,20,17,2
8941.png,1.0_5.0_9.0_4.0,1,14,16,42,28,15,4
8942.png,3.0_3.0_6.0,2,27,26,51,24,24,3
8943.png,3.0_4.0_10.0,5,42,52,83,41,47,3
8944.png,5.0_10.0,28,94,80,130,36,52,2
8945.png,2.0_5.0,6,40,47,84,44,41,2
8946.png,7.0_9.0,4,35,39,62,27,35,2
8947.png,3.0_5.0,6,41,48,99,58,42,2
8948.png,3.0_6.0,2,18,20,30,12,18,2
8949.png,1.0_9.0,23,69,68,121,52,45,2
895.png,1.0_6.0_4.0,9,32,31,54,22,22,3
8950.png,4.0_3.0,1,15,15,30,15,14,2
8951.png,2.0_4.0,5,25,32,55,30,27,2
8952.png,1.0_10.0_3.0,1,20,24,41,21,23,3
8953.png,3.0_8.0_4.0,8,25,30,53,28,22,3
8954.png,9.0,1,39,22,49,10,21,1
8955.png,9.0,3,34,36,51,17,33,1
8956.png,2.0_1.0_3.0,3,20,19,38,18,16,3
8957.png,6.0_3.0_10.0_5.0,8,37,32,69,32,24,4
8958.png,2.0_3.0_5.0,3,24,26,68,44,23,3
8959.png,3.0,8,38,41,48,10,33,1
896.png,1.0_5.0,1,21,24,41,20,23,2
8960.png,2.0_6.0_5.0,28,174,87,224,50,59,3
8961.png,7.0_6.0,2,16,16,27,11,14,2
8962.png,1.0_4.0_3.0_10.0,10,43,38,111,68,28,4
8963.png,7.0_8.0,5,61,70,122,61,65,2
8964.png,2.0_1.0_8.0,2,27,35,70,43,33,3
8965.png,1.0_2.0_9.0,1,27,36,78,51,35,3
8966.png,6.0_3.0,7,32,38,69,37,31,2
8967.png,3.0,1,15,17,25,10,16,1
8968.png,5.0_3.0_4.0,3,23,27,72,49,24,3
8969.png,2.0_7.0_5.0_1.0,9,36,31,79,43,22,4
897.png,2.0_3.0,3,32,44,70,38,41,2
8970.png,4.0_1.0,9,30,34,62,32,25,2
8971.png,1.0_3.0_4.0,9,56,67,117,61,58,3
8972.png,7.0_5.0,4,38,42,83,45,38,2
8973.png,5.0,3,29,39,50,21,36,1
8974.png,3.0_5.0,7,41,42,88,47,35,2
8975.png,1.0_3.0,7,43,58,76,33,51,2
8976.png,4.0_10.0,9,40,50,76,36,41,2
8977.png,6.0_6.0,14,43,38,75,32,24,2
8978.png,2.0_4.0_1.0_2.0,1,22,24,71,49,23,4
8979.png,6.0_8.0,4,22,22,39,17,18,2
898.png,1.0_8.0,12,45,45,64,19,33,2
8980.png,9.0_9.0,15,82,58,117,35,43,2
8981.png,2.0_8.0,4,33,34,57,24,30,2
8982.png,4.0_5.0,3,16,20,32,16,17,2
8983.png,1.0_3.0_5.0_8.0,3,22,26,84,62,23,4
8984.png,4.0,2,21,22,33,12,20,1
8985.png,2.0_10.0_7.0,3,24,27,62,38,24,3
8986.png,2.0_2.0,16,79,73,125,46,57,2
8987.png,6.0_1.0_8.0,26,109,84,170,61,58,3
8988.png,3.0_7.0,36,139,147,254,115,111,2
8989.png,1.0_2.0_2.0,3,24,27,50,26,24,3
899.png,6.0_5.0,20,81,77,126,45,57,2
8990.png,4.0_4.0_7.0,9,24,29,49,25,20,3
8991.png,3.0_5.0,7,47,54,106,59,47,2
8992.png,3.0_8.0,4,27,28,46,19,24,2
8993.png,2.0_3.0,8,52,46,72,20,38,2
8994.png,7.0_10.0,4,25,21,39,14,17,2
8995.png,7.0_3.0,37,135,102,181,46,65,2
8996.png,9.0,5,28,36,41,13,31,1
8997.png,3.0_3.0,8,20,22,35,15,14,2
8998.png,2.0_6.0,2,29,30,51,22,28,2
8999.png,9.0_1.0,5,47,57,68,21,52,2
9.png,1.0_2.0_8.0,4,19,29,55,36,25,3
90.png,1.0_6.0_4.0,6,37,40,74,37,34,3
900.png,1.0_4.0_9.0,15,90,90,203,113,75,3
9000.png,2.0_8.0,12,33,38,52,19,26,2
9001.png,8.0_10.0,7,26,32,54,28,25,2
9002.png,4.0_5.0,1,19,23,34,15,22,2
9003.png,3.0_10.0_2.0,6,33,31,70,37,25,3
9004.png,2.0_2.0,2,40,22,61,21,20,2
9005.png,3.0,9,41,42,56,15,33,1
9006.png,6.0_1.0,28,110,106,167,57,78,2
9007.png,1.0_10.0_3.0_7.0,20,152,67,208,56,47,4
9008.png,2.0_7.0,7,26,45,68,42,38,2
9009.png,7.0_10.0,3,26,30,44,18,27,2
901.png,1.0_4.0,3,27,30,52,25,27,2
9010.png,3.0_10.0,7,33,32,53,20,25,2
9011.png,5.0_9.0,14,11,92,99,88,78,2
9012.png,7.0_7.0,11,47,53,91,44,42,2
9013.png,5.0_6.0_3.0,18,100,50,142,42,32,3
9014.png,3.0_2.0,4,15,18,31,16,14,2
9015.png,3.0_2.0,1,16,17,30,14,16,2
9016.png,1.0_1.0_2.0,2,18,25,41,23,23,3
9017.png,2.0_4.0_5.0,1,20,25,48,28,24,3
9018.png,1.0_7.0,1,17,20,42,25,19,2
9019.png,4.0_4.0_2.0,1,51,60,112,61,59,3
902.png,7.0_10.0,11,46,49,76,30,38,2
9020.png,5.0_3.0_8.0,11,43,36,76,33,25,3
9021.png,2.0_3.0_6.0,14,83,66,142,59,52,3
9022.png,2.0_6.0,29,111,56,139,28,27,2
9023.png,6.0_3.0_8.0,1,16,20,47,31,19,3
9024.png,4.0_2.0,3,21,25,39,18,22,2
9025.png,7.0_1.0,16,0,67,33,33,51,2
9026.png,1.0_3.0_2.0,1,17,21,43,26,20,3
9027.png,1.0_2.0_3.0_7.0,1,19,23,62,43,22,4
9028.png,2.0_4.0_1.0,2,18,22,47,29,20,3
9029.png,3.0_5.0,14,47,51,88,41,37,2
903.png,1.0_5.0_9.0,8,32,32,84,52,24,3
9030.png,5.0_8.0,10,42,50,80,38,40,2
9031.png,9.0_6.0,1,17,24,47,30,23,2
9032.png,2.0_5.0_6.0,17,94,85,229,135,68,3
9033.png,3.0_7.0,7,38,32,67,29,25,2
9034.png,1.0_9.0_4.0_6.0,1,15,21,50,35,20,4
9035.png,3.0,3,21,20,31,10,17,1
9036.png,1.0_5.0,4,29,34,53,24,30,2
9037.png,2.0_8.0_2.0,8,31,30,60,29,22,3
9038.png,7.0_1.0,6,53,61,101,48,55,2
9039.png,1.0_10.0_6.0,2,5,21,25,20,19,3
904.png,4.0_1.0_10.0,14,33,31,57,24,17,3
9040.png,2.0_3.0_7.0,2,41,59,129,88,57,3
9041.png,2.0_10.0_10.0_6.0,1,14,16,38,24,15,4
9042.png,2.0_5.0,5,22,19,38,16,14,2
9043.png,1.0_9.0,5,32,28,45,13,23,2
9044.png,2.0_10.0,3,44,62,95,51,59,2
9045.png,2.0_10.0,3,23,27,45,22,24,2
9046.png,8.0_10.0,2,21,22,42,21,20,2
9047.png,3.0_2.0,7,21,21,35,14,14,2
9048.png,6.0_4.0,26,73,87,141,68,61,2
9049.png,1.0_2.0_5.0_6.0,1,14,19,38,24,18,4
905.png,8.0_9.0,7,10,61,72,62,54,2
9050.png,1.0_9.0_4.0,11,45,43,91,46,32,3
9051.png,3.0_2.0_5.0,11,51,51,92,41,40,3
9052.png,9.0_9.0,7,60,46,97,37,39,2
9053.png,5.0_7.0,10,45,57,106,61,47,2
9054.png,2.0_6.0,4,39,41,67,28,37,2
9055.png,5.0_4.0,3,27,26,46,19,23,2
9056.png,2.0_2.0,11,61,69,98,37,58,2
9057.png,1.0_8.0,3,38,58,78,40,55,2
9058.png,7.0_3.0,8,31,56,82,51,48,2
9059.png,4.0_10.0,12,94,113,200,106,101,2
906.png,9.0,10,40,48,49,9,38,1
9060.png,1.0_10.0_9.0,4,24,38,58,34,34,3
9061.png,6.0,27,105,115,153,48,88,1
9062.png,2.0_7.0,21,69,80,113,44,59,2
9063.png,6.0_7.0,8,52,60,101,49,52,2
9064.png,2.0_1.0_4.0,15,77,71,153,76,56,3
9065.png,3.0_5.0,6,35,32,58,23,26,2
9066.png,3.0_9.0,21,134,173,286,152,152,2
9067.png,1.0_2.0_6.0,14,57,62,136,79,48,3
9068.png,2.0_4.0,8,30,26,46,16,18,2
9069.png,2.0_2.0,8,33,31,60,27,23,2
907.png,3.0_4.0,5,28,33,46,18,28,2
9070.png,3.0,1,13,14,20,7,13,1
9071.png,2.0_10.0,1,24,30,57,33,29,2
9072.png,5.0_6.0,10,36,38,68,32,28,2
9073.png,2.0,8,46,64,74,28,56,1
9074.png,7.0_7.0,5,31,35,54,23,30,2
9075.png,2.0,1,19,24,31,12,23,1
9076.png,1.0_10.0_6.0,14,72,89,170,98,75,3
9077.png,5.0_5.0_10.0,7,33,19,57,24,12,3
9078.png,3.0_4.0,9,35,43,75,40,34,2
9079.png,1.0_4.0,12,57,51,83,26,39,2
908.png,3.0_2.0,6,23,25,44,21,19,2
9080.png,1.0_10.0,10,36,29,57,21,19,2
9081.png,9.0,10,50,30,74,24,20,1
9082.png,1.0_2.0_7.0,2,17,15,34,17,13,3
9083.png,4.0_5.0,5,33,34,53,20,29,2
9084.png,4.0_3.0,1,17,21,30,13,20,2
9085.png,6.0_2.0,2,14,19,28,14,17,2
9086.png,1.0_3.0,5,29,27,46,17,22,2
9087.png,6.0_5.0,10,31,32,55,24,22,2
9088.png,7.0_1.0,1,14,16,27,13,15,2
9089.png,4.0_1.0,5,29,38,49,20,33,2
909.png,4.0_7.0,9,48,46,83,35,37,2
9090.png,4.0_7.0,6,37,32,60,23,26,2
9091.png,1.0_2.0_10.0,2,18,17,40,22,15,3
9092.png,3.0_3.0,7,25,33,56,31,26,2
9093.png,1.0_8.0_8.0,21,64,49,96,32,28,3
9094.png,2.0_1.0,10,39,42,58,19,32,2
9095.png,1.0_10.0_10.0,17,86,97,151,65,80,3
9096.png,4.0_1.0_2.0,3,32,18,56,24,15,3
9097.png,2.0_4.0_4.0,1,12,17,36,24,16,3
9098.png,6.0_6.0,3,24,28,48,24,25,2
9099.png,2.0_1.0,7,38,35,61,23,28,2
91.png,1.0_9.0_3.0,13,49,44,79,30,31,3
910.png,4.0_5.0,9,26,21,38,12,12,2
9100.png,5.0_1.0_1.0,11,32,44,67,35,33,3
9101.png,1.0_7.0,11,62,75,125,63,64,2
9102.png,2.0_4.0_10.0,110,219,156,315,96,46,3
9103.png,1.0_10.0_5.0,14,63,72,98,35,58,3
9104.png,4.0_9.0_10.0,12,171,82,254,83,70,3
9105.png,1.0_1.0_8.0,16,61,66,104,43,50,3
9106.png,1.0_2.0,2,18,16,31,13,14,2
9107.png,1.0_10.0_3.0,16,61,67,119,58,51,3
9108.png,1.0_3.0_9.0_5.0,1,19,16,54,35,15,4
9109.png,4.0_9.0,43,58,119,145,87,76,2
911.png,1.0_5.0,2,23,27,46,23,25,2
9110.png,2.0_7.0_3.0,1,20,21,36,16,20,3
9111.png,4.0_8.0,1,18,26,47,29,25,2
9112.png,7.0_5.0_3.0_4.0,1,13,22,58,45,21,4
9113.png,4.0_5.0,3,37,46,70,33,43,2
9114.png,1.0_2.0_7.0,1,13,17,25,12,16,3
9115.png,9.0,4,31,35,48,17,31,1
9116.png,1.0_9.0_2.0_3.0,1,15,14,44,29,13,4
9117.png,3.0_7.0,8,38,51,78,40,43,2
9118.png,2.0_7.0,5,21,20,39,18,15,2
9119.png,5.0,1,16,15,24,8,14,1
912.png,1.0_2.0_1.0,15,60,38,90,30,23,3
9120.png,8.0,10,43,58,74,31,48,1
9121.png,1.0_7.0,7,19,25,33,14,18,2
9122.png,8.0_8.0,3,24,28,49,25,25,2
9123.png,1.0_4.0_10.0_5.0,1,21,30,71,50,29,4
9124.png,3.0_1.0_8.0,59,146,82,176,30,23,3
9125.png,2.0_5.0,2,21,22,48,27,20,2
9126.png,1.0_10.0_3.0,13,42,37,73,31,24,3
9127.png,4.0,5,30,25,39,9,20,1
9128.png,5.0_2.0_10.0,26,45,156,73,28,130,3
9129.png,5.0_3.0,3,27,29,50,23,26,2
913.png,6.0_8.0,9,79,94,165,86,85,2
9130.png,5.0_6.0,2,21,18,45,24,16,2
9131.png,3.0,3,15,15,20,5,12,1
9132.png,1.0,13,131,49,147,16,36,1
9133.png,3.0_4.0,7,27,30,44,17,23,2
9134.png,1.0_2.0,10,35,36,47,12,26,2
9135.png,1.0_8.0,1,11,13,24,13,12,2
9136.png,9.0_7.0,4,22,23,34,12,19,2
9137.png,7.0,38,127,117,174,47,79,1
9138.png,4.0_8.0_1.0,3,17,17,30,13,14,3
9139.png,5.0,5,26,28,33,7,23,1
914.png,4.0_1.0,6,38,40,65,27,34,2
9140.png,2.0_1.0_4.0,11,38,49,93,55,38,3
9141.png,3.0_3.0,8,103,71,167,64,63,2
9142.png,4.0_6.0_1.0,24,87,124,223,136,100,3
9143.png,3.0_8.0_8.0_2.0,86,142,156,213,71,70,4
9144.png,3.0_1.0,17,57,55,95,38,38,2
9145.png,2.0_5.0,25,74,65,94,20,40,2
9146.png,2.0_7.0,7,26,26,39,13,19,2
9147.png,1.0,4,27,27,35,8,23,1
9148.png,2.0_6.0_3.0,7,27,32,54,27,25,3
9149.png,2.0_3.0,4,43,47,88,45,43,2
915.png,2.0_9.0,5,26,29,53,27,24,2
9150.png,1.0_7.0_7.0,1,25,29,47,22,28,3
9151.png,1.0_9.0_1.0,12,70,77,134,64,65,3
9152.png,3.0,7,36,34,46,10,27,1
9153.png,1.0_8.0,11,69,87,143,74,76,2
9154.png,1.0_7.0,2,21,23,35,14,21,2
9155.png,2.0_5.0,10,54,52,89,35,42,2
9156.png,2.0_5.0,6,30,30,49,19,24,2
9157.png,1.0_8.0_9.0,1,17,16,32,15,15,3
9158.png,8.0,6,57,61,83,26,55,1
9159.png,6.0_4.0_4.0,28,90,72,145,55,44,3
916.png,5.0,3,22,22,30,8,19,1
9160.png,1.0_10.0_8.0,4,32,41,71,39,37,3
9161.png,2.0_2.0,2,17,19,31,14,17,2
9162.png,4.0_2.0,3,24,25,37,13,22,2
9163.png,3.0_10.0_8.0,12,92,57,150,58,45,3
9164.png,4.0_4.0,58,90,90,129,39,32,2
9165.png,1.0_8.0_8.0,13,59,56,109,50,43,3
9166.png,1.0_8.0_7.0,61,180,106,230,50,45,3
9167.png,6.0_5.0,1,39,43,68,29,42,2
9168.png,1.0,4,23,26,32,9,22,1
9169.png,9.0_5.0,2,4,16,17,13,14,2
917.png,6.0,6,24,17,30,6,11,1
9170.png,2.0_5.0,13,46,49,71,25,36,2
9171.png,3.0_8.0_10.0,1,45,46,103,58,45,3
9172.png,8.0,22,61,57,83,22,35,1
9173.png,7.0_6.0,1,13,13,24,11,12,2
9174.png,6.0_1.0,19,60,53,93,33,34,2
9175.png,1.0_8.0,5,38,48,81,43,43,2
9176.png,1.0_1.0_10.0,1,22,27,53,31,26,3
9177.png,2.0_5.0,21,82,79,145,63,58,2
9178.png,5.0_5.0,22,95,78,148,53,56,2
9179.png,3.0_1.0,5,36,52,80,44,47,2
918.png,2.0_9.0_1.0,23,79,72,146,67,49,3
9180.png,2.0_10.0_8.0,8,42,50,84,42,42,3
9181.png,4.0_7.0,2,22,30,48,26,28,2
9182.png,6.0_6.0,17,96,95,195,99,78,2
9183.png,4.0_9.0,6,40,47,74,34,41,2
9184.png,1.0_4.0_1.0,3,34,39,68,34,36,3
9185.png,1.0_10.0_10.0,13,60,48,90,30,35,3
9186.png,2.0_10.0_5.0_10.0,3,12,17,46,34,14,4
9187.png,1.0_3.0_10.0_7.0,3,18,22,65,47,19,4
9188.png,1.0,11,47,58,66,19,47,1
9189.png,2.0_1.0,3,25,31,52,27,28,2
919.png,1.0_5.0,9,43,43,64,21,34,2
9190.png,5.0_5.0_2.0,4,27,30,62,35,26,3
9191.png,2.0_6.0_7.0_1.0,2,14,17,38,24,15,4
9192.png,3.0,18,61,53,75,14,35,1
9193.png,1.0_2.0_9.0_1.0,17,76,58,120,44,41,4
9194.png,9.0_10.0,1,22,23,43,21,22,2
9195.png,4.0_7.0_8.0,18,64,52,111,47,34,3
9196.png,5.0_4.0,13,62,71,113,51,58,2
9197.png,3.0_1.0,3,26,36,55,29,33,2
9198.png,2.0_9.0_3.0,22,81,63,123,42,41,3
9199.png,1.0_4.0_3.0,1,27,30,62,35,29,3
92.png,3.0_5.0,6,35,43,70,35,37,2
920.png,2.0,7,36,42,54,18,35,1
9200.png,2.0_7.0_5.0,12,95,79,183,88,67,3
9201.png,2.0,5,19,25,28,9,20,1
9202.png,8.0_9.0,8,24,27,40,16,19,2
9203.png,1.0_9.0,12,3,92,41,38,80,2
9204.png,1.0_6.0,9,76,93,187,111,84,2
9205.png,1.0_5.0,16,100,116,199,99,100,2
9206.png,2.0_9.0,11,55,55,96,41,44,2
9207.png,2.0_5.0,6,42,42,88,46,36,2
9208.png,4.0_6.0,16,68,66,103,35,50,2
9209.png,5.0_10.0_7.0,13,47,46,99,52,33,3
921.png,1.0_3.0,20,50,38,64,14,18,2
9210.png,1.0,3,18,16,24,6,13,1
9211.png,3.0_3.0,11,61,86,154,93,75,2
9212.png,3.0_3.0,11,49,57,91,42,46,2
9213.png,2.0_2.0,26,4,112,129,125,86,2
9214.png,9.0_7.0,3,20,19,36,16,16,2
9215.png,3.0_3.0,5,49,64,105,56,59,2
9216.png,1.0_3.0,6,29,26,43,14,20,2
9217.png,1.0_9.0_1.0_8.0,4,19,19,59,40,15,4
9218.png,2.0_2.0_10.0_7.0,6,17,27,53,36,21,4
9219.png,1.0_6.0_5.0,13,51,64,116,65,51,3
922.png,3.0_10.0,2,31,39,67,36,37,2
9220.png,4.0_7.0,3,41,56,92,51,53,2
9221.png,3.0_1.0_6.0,2,65,72,170,105,70,3
9222.png,2.0_1.0,8,32,32,44,12,24,2
9223.png,2.0_1.0_6.0,4,20,24,53,33,20,3
9224.png,4.0_10.0_7.0,22,112,114,214,102,92,3
9225.png,5.0_8.0,10,39,41,55,16,31,2
9226.png,4.0,4,17,23,30,13,19,1
9227.png,3.0_3.0,14,47,42,79,32,28,2
9228.png,7.0_9.0,2,23,24,41,18,22,2
9229.png,8.0_5.0,8,29,34,60,31,26,2
923.png,2.0_4.0,3,24,22,42,18,19,2
9230.png,5.0_4.0,6,26,37,56,30,31,2
9231.png,2.0_4.0_6.0,6,40,47,92,52,41,3
9232.png,4.0_7.0,15,70,37,99,29,22,2
9233.png,2.0_2.0_7.0,18,80,87,200,120,69,3
9234.png,2.0_6.0_8.0,3,42,45,115,73,42,3
9235.png,3.0_3.0,3,23,32,54,31,29,2
9236.png,1.0_6.0_6.0,3,30,29,53,23,26,3
9237.png,2.0_2.0,3,28,34,67,39,31,2
9238.png,6.0_7.0,4,38,47,82,44,43,2
9239.png,6.0_7.0_7.0,18,90,59,162,72,41,3
924.png,1.0_10.0,3,31,42,69,38,39,2
9240.png,1.0_2.0_10.0,60,148,89,190,42,29,3
9241.png,8.0_8.0,6,34,38,67,33,32,2
9242.png,3.0_2.0,25,63,61,95,32,36,2
9243.png,3.0_6.0,74,155,116,180,25,42,2
9244.png,6.0,7,43,51,64,21,44,1
9245.png,2.0_8.0,7,53,59,106,53,52,2
9246.png,2.0_7.0,6,43,49,83,40,43,2
9247.png,4.0_2.0,1,17,19,35,18,18,2
9248.png,8.0_3.0,1,17,24,43,26,23,2
9249.png,5.0_8.0,3,30,43,80,50,40,2
925.png,4.0_7.0_5.0,6,117,59,163,46,53,3
9250.png,6.0,5,46,57,82,36,52,1
9251.png,8.0_7.0,1,13,14,25,12,13,2
9252.png,1.0_4.0_2.0,4,28,33,56,28,29,3
9253.png,2.0,19,85,98,121,36,79,1
9254.png,1.0_2.0_1.0,2,21,28,59,38,26,3
9255.png,8.0,9,51,52,70,19,43,1
9256.png,1.0_3.0_6.0,5,20,22,42,22,17,3
9257.png,3.0_3.0,1,14,15,24,10,14,2
9258.png,3.0_2.0_10.0,35,137,88,198,61,53,3
9259.png,3.0,49,69,71,81,12,22,1
926.png,9.0,1,14,12,19,5,11,1
9260.png,1.0_2.0_8.0,2,21,24,54,33,22,3
9261.png,2.0,5,22,27,34,12,22,1
9262.png,1.0_7.0_6.0_5.0,1,13,13,41,28,12,4
9263.png,6.0_1.0,8,45,49,77,32,41,2
9264.png,9.0,12,109,133,171,62,121,1
9265.png,1.0_5.0,1,31,39,65,34,38,2
9266.png,1.0_1.0_6.0_1.0,34,194,87,277,83,53,4
9267.png,3.0,6,27,26,35,8,20,1
9268.png,3.0_9.0_3.0,4,25,29,53,28,25,3
9269.png,3.0_3.0,10,39,38,66,27,28,2
927.png,2.0_6.0,34,98,53,119,21,19,2
9270.png,1.0_10.0,3,16,21,33,17,18,2
9271.png,6.0_3.0,15,56,49,86,30,34,2
9272.png,2.0_2.0_2.0,28,79,64,130,51,36,3
9273.png,7.0,5,30,28,41,11,23,1
9274.png,2.0_1.0,3,24,28,46,22,25,2
9275.png,4.0_1.0,1,16,17,35,19,16,2
9276.png,9.0,26,112,106,164,52,80,1
9277.png,3.0,5,42,46,64,22,41,1
9278.png,5.0_8.0_10.0_3.0,5,44,50,95,51,45,4
9279.png,8.0,5,19,25,31,12,20,1
928.png,1.0_2.0,17,81,85,146,65,68,2
9280.png,2.0_3.0_1.0,23,63,60,105,42,37,3
9281.png,2.0_10.0_10.0,2,16,22,42,26,20,3
9282.png,4.0_1.0_2.0,16,56,47,119,63,31,3
9283.png,1.0_7.0_4.0,3,37,48,98,61,45,3
9284.png,5.0_8.0_2.0,16,61,48,102,41,32,3
9285.png,1.0_1.0,13,62,65,107,45,52,2
9286.png,5.0_8.0,3,29,37,63,34,34,2
9287.png,1.0_1.0,3,36,48,61,25,45,2
9288.png,8.0_3.0,1,20,26,41,21,25,2
9289.png,6.0_4.0,5,50,56,79,29,51,2
929.png,1.0_1.0,4,29,28,46,17,24,2
9290.png,7.0,8,32,28,46,14,20,1
9291.png,1.0_10.0_10.0,34,100,82,141,41,48,3
9292.png,1.0_1.0_4.0,7,28,25,41,13,18,3
9293.png,1.0_4.0,2,31,34,50,19,32,2
9294.png,5.0_4.0_10.0,15,80,77,186,106,62,3
9295.png,1.0_4.0,37,178,197,334,156,160,2
9296.png,1.0_6.0_10.0,1,17,20,41,24,19,3
9297.png,2.0_3.0,3,44,62,100,56,59,2
9298.png,2.0_5.0,7,33,31,56,23,24,2
9299.png,7.0_2.0,18,53,43,73,20,25,2
93.png,1.0_7.0,7,40,43,70,30,36,2
930.png,1.0_2.0_4.0,3,20,50,82,62,47,3
9300.png,4.0_3.0,4,44,58,110,66,54,2
9301.png,2.0,13,109,72,145,36,59,1
9302.png,2.0,2,32,17,41,9,15,1
9303.png,5.0,5,26,26,35,9,21,1
9304.png,6.0_5.0,10,37,25,55,18,15,2
9305.png,1.0_10.0_9.0_5.0,9,47,43,97,50,34,4
9306.png,3.0_8.0,1,32,42,61,29,41,2
9307.png,3.0_1.0_3.0,2,27,27,64,37,25,3
9308.png,1.0,3,21,30,30,9,27,1
9309.png,1.0_4.0,1,19,24,35,16,23,2
931.png,4.0,1,12,13,21,9,12,1
9310.png,3.0_1.0,23,87,76,154,67,53,2
9311.png,4.0_3.0,2,11,17,24,13,15,2
9312.png,2.0,6,39,51,62,23,45,1
9313.png,4.0_9.0,5,38,45,85,47,40,2
9314.png,4.0_3.0_8.0,7,77,71,156,79,64,3
9315.png,5.0,5,52,58,80,28,53,1
9316.png,2.0_4.0,10,42,51,68,26,41,2
9317.png,2.0,2,15,18,22,7,16,1
9318.png,5.0_5.0,2,54,74,130,76,72,2
9319.png,6.0,3,43,47,70,27,44,1
932.png,4.0_7.0,5,48,62,89,41,57,2
9320.png,3.0_3.0_10.0,39,171,93,224,53,54,3
9321.png,4.0,7,40,45,56,16,38,1
9322.png,7.0_7.0_8.0,10,44,45,85,41,35,3
9323.png,4.0_5.0,10,30,33,58,28,23,2
9324.png,6.0_9.0_8.0,19,17,42,46,29,23,3
9325.png,1.0_1.0_8.0,13,60,58,97,37,45,3
9326.png,1.0_10.0_10.0,5,41,48,97,56,43,3
9327.png,4.0,3,46,38,64,18,35,1
9328.png,3.0_9.0,4,27,34,43,16,30,2
9329.png,1.0_8.0,1,21,25,40,19,24,2
933.png,6.0_7.0,7,47,60,108,61,53,2
9330.png,1.0_6.0,5,28,30,41,13,25,2
9331.png,1.0_9.0_3.0,15,68,43,118,50,28,3
9332.png,3.0,3,24,16,31,7,13,1
9333.png,5.0_10.0,25,93,94,171,78,69,2
9334.png,2.0_4.0,1,15,17,31,16,16,2
9335.png,1.0_1.0_9.0,1,18,17,33,15,16,3
9336.png,1.0_10.0_9.0,13,48,34,71,23,21,3
9337.png,3.0_1.0,5,37,41,71,34,36,2
9338.png,3.0_5.0,11,57,81,111,54,70,2
9339.png,4.0_1.0_7.0,32,102,76,146,44,44,3
934.png,2.0_3.0_7.0,13,37,54,82,45,41,3
9340.png,1.0_6.0_10.0_1.0,33,68,63,117,49,30,4
9341.png,1.0_10.0,10,63,79,125,62,69,2
9342.png,7.0_1.0,19,61,64,103,42,45,2
9343.png,7.0_10.0,12,52,47,85,33,35,2
9344.png,3.0_5.0,0,35,33,75,40,33,2
9345.png,1.0_3.0_7.0,14,61,59,124,63,45,3
9346.png,1.0_10.0,1,12,14,25,13,13,2
9347.png,9.0,7,40,52,68,28,45,1
9348.png,2.0_9.0_5.0,20,74,56,110,36,36,3
9349.png,2.0_5.0_8.0,22,91,56,132,41,34,3
935.png,3.0_10.0,4,35,36,54,19,32,2
9350.png,9.0,4,27,31,42,15,27,1
9351.png,1.0_8.0_5.0,1,16,19,44,28,18,3
9352.png,1.0_3.0_1.0,4,44,51,103,59,47,3
9353.png,1.0_7.0,7,41,42,62,21,35,2
9354.png,9.0_8.0_4.0,7,26,31,55,29,24,3
9355.png,3.0_10.0_3.0,16,48,34,73,25,18,3
9356.png,2.0_4.0,30,47,89,113,66,59,2
9357.png,8.0_2.0_5.0,3,0,53,66,66,50,3
9358.png,6.0_5.0_5.0,48,158,108,265,107,60,3
9359.png,7.0_4.0,12,32,32,49,17,20,2
936.png,2.0_5.0_7.0_9.0,1,22,25,58,36,24,4
9360.png,3.0,21,99,62,124,25,41,1
9361.png,2.0_10.0_3.0_1.0,1,18,15,48,30,14,4
9362.png,6.0_6.0,6,72,92,163,91,86,2
9363.png,1.0_5.0_1.0,10,43,42,68,25,32,3
9364.png,1.0_2.0,20,70,70,115,45,50,2
9365.png,2.0_4.0,2,27,29,52,25,27,2
9366.png,5.0_7.0,9,36,39,68,32,30,2
9367.png,6.0,1,17,18,29,12,17,1
9368.png,1.0_9.0,4,30,35,50,20,31,2
9369.png,4.0_1.0,4,43,41,70,27,37,2
937.png,1.0_4.0,4,21,25,41,20,21,2
9370.png,2.0_1.0,6,44,46,82,38,40,2
9371.png,2.0_7.0,10,45,59,106,61,49,2
9372.png,1.0_7.0,19,70,52,105,35,33,2
9373.png,1.0,5,27,37,37,10,32,1
9374.png,7.0_5.0,6,28,32,44,16,26,2
9375.png,4.0_7.0,28,79,53,108,29,25,2
9376.png,1.0,6,26,28,32,6,22,1
9377.png,3.0_8.0,22,67,57,110,43,35,2
9378.png,4.0,15,61,51,76,15,36,1
9379.png,6.0_9.0,2,34,37,58,24,35,2
938.png,1.0_10.0_1.0,3,27,30,60,33,27,3
9380.png,1.0_4.0_7.0,35,166,84,241,75,49,3
9381.png,2.0_5.0,9,44,47,84,40,38,2
9382.png,5.0_5.0,6,32,31,58,26,25,2
9383.png,4.0_8.0_6.0_7.0,20,46,48,91,45,28,4
9384.png,3.0_8.0,21,81,77,137,56,56,2
9385.png,1.0,7,35,32,47,12,25,1
9386.png,1.0_8.0_6.0,7,46,48,81,35,41,3
9387.png,3.0_4.0,3,60,81,127,67,78,2
9388.png,2.0_1.0_8.0_10.0,45,133,120,218,85,75,4
9389.png,5.0_6.0,12,49,48,78,29,36,2
939.png,1.0_3.0,8,40,44,90,50,36,2
9390.png,1.0_8.0_3.0_5.0,13,153,85,274,121,72,4
9391.png,1.0_5.0,17,34,94,102,68,77,2
9392.png,2.0_9.0_10.0,3,12,15,31,19,12,3
9393.png,1.0_10.0,5,37,36,63,26,31,2
9394.png,2.0_10.0_2.0,14,61,42,101,40,28,3
9395.png,2.0_3.0_9.0,14,73,99,292,219,85,3
9396.png,6.0_9.0,1,15,24,38,23,23,2
9397.png,1.0_3.0,9,29,36,55,26,27,2
9398.png,2.0_7.0_9.0,1,30,33,75,45,32,3
9399.png,3.0_1.0,4,30,35,51,21,31,2
94.png,1.0_2.0,12,54,52,86,32,40,2
940.png,1.0_7.0,4,25,26,48,23,22,2
9400.png,1.0_6.0,14,73,60,118,45,46,2
9401.png,2.0_5.0_10.0,10,61,62,134,73,52,3
9402.png,7.0,3,30,33,39,9,30,1
9403.png,1.0_4.0_10.0,8,292,85,359,67,77,3
9404.png,1.0_6.0,2,23,28,40,17,26,2
9405.png,9.0_3.0,2,18,22,38,20,20,2
9406.png,5.0_3.0,3,17,17,33,16,14,2
9407.png,1.0_6.0_7.0,24,101,72,163,62,48,3
9408.png,5.0_2.0,5,38,51,89,51,46,2
9409.png,7.0,2,16,25,31,15,23,1
941.png,5.0_10.0,6,42,47,68,26,41,2
9410.png,1.0,5,16,18,20,4,13,1
9411.png,1.0_9.0_7.0,1,19,22,41,22,21,3
9412.png,2.0_4.0,5,30,32,48,18,27,2
9413.png,1.0_8.0,9,45,49,75,30,40,2
9414.png,1.0_9.0_1.0,14,67,61,104,37,47,3
9415.png,4.0_2.0,2,32,40,70,38,38,2
9416.png,2.0_10.0_1.0,3,18,23,42,24,20,3
9417.png,5.0_7.0,4,27,47,65,38,43,2
9418.png,4.0,2,28,32,47,19,30,1
9419.png,1.0_3.0_2.0,9,52,56,103,51,47,3
942.png,7.0_2.0,8,26,28,53,27,20,2
9420.png,8.0_5.0,3,26,27,54,28,24,2
9421.png,2.0_5.0,4,23,30,53,30,26,2
9422.png,4.0_7.0_6.0,2,42,51,122,80,49,3
9423.png,1.0,3,29,39,45,16,36,1
9424.png,1.0_3.0,3,27,33,46,19,30,2
9425.png,1.0,6,17,18,22,5,12,1
9426.png,7.0,4,40,36,53,13,32,1
9427.png,1.0_4.0,3,20,19,37,17,16,2
9428.png,2.0_3.0,4,21,24,41,20,20,2
9429.png,4.0_7.0_8.0,3,23,34,55,32,31,3
943.png,5.0,2,24,23,34,10,21,1
9430.png,4.0_5.0,7,26,30,44,18,23,2
9431.png,6.0,5,24,22,32,8,17,1
9432.png,1.0_2.0,2,14,16,25,11,14,2
9433.png,5.0_8.0,2,104,80,197,93,78,2
9434.png,5.0_6.0,10,32,41,61,29,31,2
9435.png,1.0_4.0_2.0,12,57,54,110,53,42,3
9436.png,5.0,6,28,26,39,11,20,1
9437.png,4.0_2.0,4,30,39,60,30,35,2
9438.png,3.0_1.0,1,21,26,35,14,25,2
9439.png,6.0_3.0,16,113,130,225,112,114,2
944.png,4.0_1.0,5,70,89,164,94,84,2
9440.png,5.0_1.0,10,26,31,43,17,21,2
9441.png,1.0_5.0_9.0,4,21,21,35,14,17,3
9442.png,8.0_7.0,5,43,26,64,21,21,2
9443.png,1.0_10.0_5.0,14,39,44,63,24,30,3
9444.png,4.0_6.0,4,25,28,47,22,24,2
9445.png,3.0,3,25,27,39,14,24,1
9446.png,1.0_2.0_4.0,5,56,59,129,73,54,3
9447.png,5.0_2.0,26,104,103,217,113,77,2
9448.png,1.0,6,25,27,35,10,21,1
9449.png,4.0,8,37,35,57,20,27,1
945.png,9.0_4.0_6.0,15,77,66,177,100,51,3
9450.png,4.0_7.0,6,46,43,88,42,37,2
9451.png,3.0_9.0,4,26,29,55,29,25,2
9452.png,5.0_7.0,5,34,39,59,25,34,2
9453.png,3.0_8.0,11,35,31,48,13,20,2
9454.png,3.0_6.0,5,24,35,60,36,30,2
9455.png,6.0_7.0,4,28,32,46,18,28,2
9456.png,3.0_2.0_10.0_1.0,5,31,29,81,50,24,4
9457.png,1.0_9.0,9,38,37,56,18,28,2
9458.png,3.0_4.0,7,50,65,84,34,58,2
9459.png,4.0_4.0_6.0,16,63,50,110,47,34,3
946.png,5.0_10.0,11,61,59,107,46,48,2
9460.png,1.0_3.0_6.0,4,26,30,60,34,26,3
9461.png,3.0_7.0_10.0,9,36,46,90,54,37,3
9462.png,9.0_5.0,9,75,81,123,48,72,2
9463.png,1.0_5.0,12,44,35,65,21,23,2
9464.png,1.0_4.0,1,16,17,30,14,16,2
9465.png,3.0_8.0,7,37,40,65,28,33,2
9466.png,8.0,8,40,46,64,24,38,1
9467.png,3.0_9.0_4.0,1,23,22,55,32,21,3
9468.png,1.0_1.0_2.0_10.0,16,64,62,145,81,46,4
9469.png,1.0_7.0,5,34,43,57,23,38,2
947.png,1.0_6.0_7.0,12,73,86,146,73,74,3
9470.png,3.0_2.0_1.0_1.0,12,114,60,193,79,48,4
9471.png,2.0_1.0,2,40,53,71,31,51,2
9472.png,1.0_3.0,3,27,33,60,33,30,2
9473.png,2.0_1.0,4,26,27,47,21,23,2
9474.png,3.0_1.0_3.0,17,85,50,149,64,33,3
9475.png,4.0_1.0,4,46,44,69,23,40,2
9476.png,1.0_9.0,12,65,79,122,57,67,2
9477.png,4.0,26,60,51,76,16,25,1
9478.png,1.0_8.0,6,20,20,36,16,14,2
9479.png,6.0_8.0,4,21,24,43,22,20,2
948.png,1.0_9.0,24,78,54,107,29,30,2
9480.png,1.0_5.0_10.0,6,23,27,43,20,21,3
9481.png,2.0_5.0,11,72,85,133,61,74,2
9482.png,3.0_9.0,2,29,35,61,32,33,2
9483.png,1.0_8.0_9.0_9.0,13,77,83,134,57,70,4
9484.png,2.0,9,49,46,68,19,37,1
9485.png,2.0_6.0_3.0,14,62,60,119,57,46,3
9486.png,1.0_2.0,6,33,27,49,16,21,2
9487.png,10.0,1,39,30,57,18,29,1
9488.png,3.0_10.0,6,29,37,55,26,31,2
9489.png,3.0_10.0_4.0,1,10,12,28,18,11,3
949.png,2.0_6.0_1.0,24,112,73,167,55,49,3
9490.png,1.0_2.0_4.0,19,7,54,57,50,35,3
9491.png,8.0_7.0_1.0,63,115,125,167,52,62,3
9492.png,2.0_1.0_5.0,85,177,137,217,40,52,3
9493.png,4.0_9.0,36,87,95,141,54,59,2
9494.png,1.0_5.0_3.0,13,52,66,89,37,53,3
9495.png,1.0_3.0_1.0,5,58,53,98,40,48,3
9496.png,1.0_6.0,2,40,51,95,55,49,2
9497.png,2.0_7.0,66,76,165,158,82,99,2
9498.png,5.0_2.0,2,20,25,40,20,23,2
9499.png,1.0_4.0,6,27,28,47,20,22,2
95.png,1.0_10.0_4.0_4.0,58,127,86,167,40,28,4
950.png,9.0_9.0,5,45,49,93,48,44,2
9500.png,2.0_3.0,10,53,37,76,23,27,2
9501.png,2.0,4,26,28,36,10,24,1
9502.png,6.0_5.0_4.0,3,23,31,56,33,28,3
9503.png,3.0_10.0,5,33,34,68,35,29,2
9504.png,9.0_10.0,4,27,28,49,22,24,2
9505.png,5.0_7.0,6,26,28,44,18,22,2
9506.png,5.0_7.0,1,25,34,58,33,33,2
9507.png,3.0_10.0,16,97,124,177,80,108,2
9508.png,2.0_6.0_2.0,11,52,63,114,62,52,3
9509.png,1.0_9.0_5.0_10.0,32,65,75,127,62,43,4
951.png,6.0_9.0,10,55,61,102,47,51,2
9510.png,2.0,6,59,44,81,22,38,1
9511.png,2.0_2.0_8.0,66,205,112,269,64,46,3
9512.png,2.0,17,68,57,95,27,40,1
9513.png,1.0_1.0,10,44,56,94,50,46,2
9514.png,1.0_7.0,8,32,34,59,27,26,2
9515.png,3.0_6.0,1,16,21,32,16,20,2
9516.png,2.0_5.0_7.0,7,31,28,65,34,21,3
9517.png,3.0_9.0_8.0,27,134,92,188,54,65,3
9518.png,2.0_4.0,3,19,20,37,18,17,2
9519.png,5.0_5.0,20,76,68,128,52,48,2
952.png,2.0_8.0_1.0,1,19,19,36,17,18,3
9520.png,5.0_7.0_9.0,12,37,37,74,37,25,3
9521.png,5.0_3.0,40,239,232,407,168,192,2
9522.png,1.0_10.0_2.0,1,64,75,141,77,74,3
9523.png,5.0_1.0,16,65,59,109,44,43,2
9524.png,3.0_3.0,1,20,27,48,28,26,2
9525.png,8.0_2.0,34,138,133,259,121,99,2
9526.png,2.0_5.0_7.0_5.0,6,21,26,56,35,20,4
9527.png,9.0_3.0,10,48,63,102,54,53,2
9528.png,2.0_4.0,24,84,79,149,65,55,2
9529.png,4.0_3.0_9.0,3,23,22,43,20,19,3
953.png,8.0_3.0,5,43,24,62,19,19,2
9530.png,1.0,3,15,20,20,5,17,1
9531.png,1.0_9.0_3.0,4,67,68,110,43,64,3
9532.png,1.0_3.0,5,38,47,65,27,42,2
9533.png,2.0_9.0_4.0_5.0,1,14,15,41,27,14,4
9534.png,3.0,12,35,43,50,15,31,1
9535.png,5.0_4.0,17,72,49,105,33,32,2
9536.png,8.0_3.0,3,30,38,59,29,35,2
9537.png,6.0,4,23,21,31,8,17,1
9538.png,3.0_10.0,0,5,37,47,42,37,2
9539.png,2.0_3.0_8.0_5.0,1,17,17,50,33,16,4
954.png,3.0_4.0_10.0,1,11,17,35,24,16,3
9540.png,2.0_6.0,13,74,89,168,94,76,2
9541.png,2.0_7.0,3,21,18,33,12,15,2
9542.png,5.0_8.0,4,21,28,42,21,24,2
9543.png,1.0_9.0,10,24,33,41,17,23,2
9544.png,1.0_1.0,7,45,54,68,23,47,2
9545.png,2.0_1.0,6,28,31,49,21,25,2
9546.png,3.0_10.0,2,22,24,39,17,22,2
9547.png,3.0_10.0,6,44,45,109,65,39,2
9548.png,5.0_10.0,7,120,54,154,34,47,2
9549.png,5.0_8.0,1,52,59,102,50,58,2
955.png,2.0_10.0_10.0,5,27,25,47,20,20,3
9550.png,1.0_2.0_9.0_9.0,26,80,62,127,47,36,4
9551.png,4.0,10,36,38,58,22,28,1
9552.png,6.0,38,88,67,113,25,29,1
9553.png,3.0_1.0,1,19,24,41,22,23,2
9554.png,4.0_10.0,1,13,16,34,21,15,2
9555.png,7.0_3.0,11,90,88,184,94,77,2
9556.png,8.0_6.0,5,45,59,109,64,54,2
9557.png,6.0_5.0,5,27,32,55,28,27,2
9558.png,3.0_1.0_5.0,3,19,20,37,18,17,3
9559.png,9.0_1.0_5.0,8,47,51,97,50,43,3
956.png,7.0_4.0,26,205,68,234,29,42,2
9560.png,4.0_9.0,54,256,92,287,31,38,2
9561.png,1.0_3.0,1,28,37,55,27,36,2
9562.png,5.0_5.0_3.0,19,72,71,146,74,52,3
9563.png,1.0_10.0_2.0,2,35,43,58,23,41,3
9564.png,3.0_4.0,2,18,15,32,14,13,2
9565.png,8.0_7.0,4,21,22,34,13,18,2
9566.png,1.0_4.0_10.0_7.0,4,26,29,72,46,25,4
9567.png,7.0_7.0,3,19,23,34,15,20,2
9568.png,4.0,16,85,86,135,50,70,1
9569.png,2.0_3.0,6,24,32,54,30,26,2
957.png,7.0_1.0,1,26,34,52,26,33,2
9570.png,7.0,8,40,27,52,12,19,1
9571.png,2.0_10.0,5,20,18,38,18,13,2
9572.png,1.0_1.0_6.0,5,27,22,41,14,17,3
9573.png,5.0_10.0,6,29,33,67,38,27,2
9574.png,1.0_7.0,5,48,62,97,49,57,2
9575.png,5.0_7.0,1,23,30,49,26,29,2
9576.png,2.0_4.0,5,29,29,60,31,24,2
9577.png,5.0_1.0,10,38,43,62,24,33,2
9578.png,3.0,7,62,83,87,25,76,1
9579.png,7.0_7.0,21,128,43,150,22,22,2
958.png,4.0_7.0,3,22,27,45,23,24,2
9580.png,6.0,9,63,61,86,23,52,1
9581.png,3.0,20,127,155,215,88,135,1
9582.png,2.0_5.0,1,13,17,39,26,16,2
9583.png,2.0_1.0_7.0_8.0,1,11,13,38,27,12,4
9584.png,1.0_8.0,19,115,117,208,93,98,2
9585.png,2.0_2.0,2,17,22,31,14,20,2
9586.png,4.0_6.0,3,30,34,58,28,31,2
9587.png,1.0_5.0,8,28,23,38,10,15,2
9588.png,1.0,4,34,42,51,17,38,1
9589.png,1.0_2.0,5,35,41,61,26,36,2
959.png,4.0_7.0,2,17,22,30,13,20,2
9590.png,3.0_8.0,12,36,39,61,25,27,2
9591.png,2.0_10.0_7.0,35,87,65,122,35,30,3
9592.png,1.0_1.0,18,103,77,152,49,59,2
9593.png,4.0_9.0_10.0,20,22,55,67,45,35,3
9594.png,2.0_5.0,11,65,63,116,51,52,2
9595.png,3.0_7.0_1.0,10,70,87,193,123,77,3
9596.png,1.0_5.0,2,34,45,70,36,43,2
9597.png,5.0_1.0,6,34,38,47,13,32,2
9598.png,1.0_4.0_10.0,11,103,99,229,126,88,3
9599.png,1.0_8.0,8,44,54,86,42,46,2
96.png,1.0_8.0,5,33,45,88,55,40,2
960.png,3.0,6,28,23,38,10,17,1
9600.png,1.0_4.0_1.0,15,54,53,102,48,38,3
9601.png,1.0_10.0,10,42,43,80,38,33,2
9602.png,8.0_3.0_1.0,40,138,74,181,43,34,3
9603.png,2.0,2,17,21,24,7,19,1
9604.png,2.0_3.0,3,39,57,101,62,54,2
9605.png,2.0_6.0,2,32,42,59,27,40,2
9606.png,4.0_9.0_8.0,1,22,34,72,50,33,3
9607.png,1.0,11,33,34,39,6,23,1
9608.png,3.0_2.0_7.0,15,54,47,96,42,32,3
9609.png,1.0_9.0,2,34,43,76,42,41,2
961.png,3.0_10.0,5,32,32,54,22,27,2
9610.png,1.0_1.0_7.0,6,28,35,49,21,29,3
9611.png,2.0_3.0,5,35,41,81,46,36,2
9612.png,7.0_10.0,3,24,33,51,27,30,2
9613.png,1.0_4.0_1.0,4,30,26,46,16,22,3
9614.png,1.0_2.0_8.0_1.0,1,11,12,32,21,11,4
9615.png,5.0_10.0,5,33,40,74,41,35,2
9616.png,9.0_5.0,11,55,69,111,56,58,2
9617.png,1.0_1.0,7,35,35,63,28,28,2
9618.png,9.0_2.0,22,85,83,143,58,61,2
9619.png,2.0_1.0_9.0_4.0,1,20,17,47,27,16,4
962.png,3.0_5.0,3,13,18,30,17,15,2
9620.png,5.0_1.0_5.0,1,22,32,55,33,31,3
9621.png,5.0_9.0,2,17,19,31,14,17,2
9622.png,5.0,15,76,65,114,38,50,1
9623.png,2.0,11,54,41,68,14,30,1
9624.png,1.0_1.0_10.0,4,26,29,54,28,25,3
9625.png,1.0_3.0,11,51,48,69,18,37,2
9626.png,7.0_6.0,7,36,30,60,24,23,2
9627.png,4.0_10.0,3,29,45,75,46,42,2
9628.png,2.0_10.0_5.0,7,34,32,66,32,25,3
9629.png,6.0,2,15,16,24,9,14,1
963.png,7.0_1.0,10,39,53,68,29,43,2
9630.png,8.0,15,49,46,67,18,31,1
9631.png,4.0,4,27,30,43,16,26,1
9632.png,2.0_4.0_10.0,14,83,105,152,69,91,3
9633.png,1.0_8.0,6,36,42,69,33,36,2
9634.png,2.0_6.0,18,82,90,135,53,72,2
9635.png,1.0,5,28,35,39,11,30,1
9636.png,9.0_10.0,7,22,22,37,15,15,2
9637.png,1.0_3.0_5.0,12,50,33,82,32,21,3
9638.png,6.0_8.0_3.0,35,124,107,219,95,72,3
9639.png,1.0_3.0,9,35,28,52,17,19,2
964.png,1.0_1.0,5,36,29,61,25,24,2
9640.png,9.0_9.0,1,18,20,33,15,19,2
9641.png,7.0_8.0,6,27,34,57,30,28,2
9642.png,6.0_2.0,4,32,29,61,29,25,2
9643.png,5.0_6.0,38,160,66,193,33,28,2
9644.png,2.0_2.0_2.0_3.0,2,13,18,38,25,16,4
9645.png,2.0_4.0,1,13,18,29,16,17,2
9646.png,3.0_5.0_10.0,39,87,60,135,48,21,3
9647.png,2.0_10.0,17,41,41,77,36,24,2
9648.png,1.0_4.0,1,18,19,31,13,18,2
9649.png,3.0_4.0,3,15,16,35,20,13,2
965.png,9.0_4.0,8,33,35,56,23,27,2
9650.png,6.0,8,59,55,82,23,47,1
9651.png,7.0,13,48,50,66,18,37,1
9652.png,4.0_2.0,1,9,19,27,18,18,2
9653.png,2.0_7.0_1.0_4.0,2,14,18,42,28,16,4
9654.png,3.0_8.0,23,113,121,219,106,98,2
9655.png,4.0_5.0,1,32,31,65,33,30,2
9656.png,1.0_3.0,1,18,22,28,10,21,2
9657.png,2.0,1,15,13,21,6,12,1
9658.png,3.0_4.0,1,19,19,31,12,18,2
9659.png,9.0,18,84,91,121,37,73,1
966.png,2.0_1.0,7,29,34,47,18,27,2
9660.png,3.0_8.0,2,18,24,41,23,22,2
9661.png,3.0,7,47,56,70,23,49,1
9662.png,2.0_2.0_7.0_9.0,1,11,13,41,30,12,4
9663.png,9.0_3.0,7,55,61,106,51,54,2
9664.png,7.0_7.0,24,49,55,69,20,31,2
9665.png,6.0_2.0,3,26,30,47,21,27,2
9666.png,2.0,16,55,50,76,21,34,1
9667.png,8.0_1.0,7,26,31,45,19,24,2
9668.png,1.0_4.0_8.0,2,19,21,37,18,19,3
9669.png,4.0_1.0,3,49,48,78,29,45,2
967.png,5.0_9.0,4,24,23,46,22,19,2
9670.png,2.0_2.0_10.0_7.0,1,20,24,56,36,23,4
9671.png,8.0,26,161,99,202,41,73,1
9672.png,2.0_8.0_10.0,66,101,111,168,67,45,3
9673.png,4.0,11,38,41,54,16,30,1
9674.png,3.0_7.0_7.0,52,87,100,142,55,48,3
9675.png,1.0_9.0_5.0_9.0,2,12,14,37,25,12,4
9676.png,1.0_9.0_1.0,20,132,75,201,69,55,3
9677.png,2.0_9.0,7,40,40,64,24,33,2
9678.png,5.0,7,24,24,35,11,17,1
9679.png,1.0_5.0_2.0,98,156,128,192,36,30,3
968.png,3.0_3.0_1.0_5.0,1,19,21,61,42,20,4
9680.png,5.0_4.0,20,63,49,83,20,29,2
9681.png,1.0,7,28,24,34,6,17,1
9682.png,1.0_9.0,31,124,98,181,57,67,2
9683.png,9.0,8,47,55,81,34,47,1
9684.png,3.0_1.0_1.0,4,29,31,54,25,27,3
9685.png,5.0_1.0,4,25,26,40,15,22,2
9686.png,1.0_3.0_9.0,26,126,128,213,87,102,3
9687.png,1.0_6.0,40,97,74,130,33,34,2
9688.png,6.0_6.0,16,68,72,173,105,56,2
9689.png,1.0_6.0_3.0,7,26,28,59,33,21,3
969.png,8.0,12,69,78,109,40,66,1
9690.png,2.0_5.0_4.0,1,14,18,32,18,17,3
9691.png,1.0_7.0_2.0,17,82,83,151,69,66,3
9692.png,10.0,47,49,59,71,22,12,1
9693.png,1.0_1.0_1.0,7,35,45,64,29,38,3
9694.png,1.0,8,57,61,78,21,53,1
9695.png,5.0,7,22,22,31,9,15,1
9696.png,5.0_4.0,6,31,37,61,30,31,2
9697.png,5.0,14,65,75,94,29,61,1
9698.png,10.0,5,109,57,138,29,52,1
9699.png,2.0_7.0,18,121,53,161,40,35,2
97.png,3.0_6.0,6,34,40,62,28,34,2
970.png,2.0_8.0,14,30,73,55,25,59,2
9700.png,2.0_10.0_1.0,1,18,22,57,39,21,3
9701.png,1.0_1.0,5,26,23,49,23,18,2
9702.png,1.0_1.0,1,28,33,45,17,32,2
9703.png,3.0_6.0,9,35,40,62,27,31,2
9704.png,2.0_2.0,4,16,20,33,17,16,2
9705.png,1.0_8.0,14,85,91,141,56,77,2
9706.png,2.0_6.0,6,25,33,49,24,27,2
9707.png,4.0,8,38,46,59,21,38,1
9708.png,2.0_2.0_7.0,39,86,78,129,43,39,3
9709.png,1.0_10.0,9,54,72,108,54,63,2
971.png,2.0_5.0,24,99,122,224,125,98,2
9710.png,2.0_10.0_7.0_4.0,1,15,15,43,28,14,4
9711.png,3.0_3.0_10.0,5,47,38,75,28,33,3
9712.png,4.0_9.0,8,41,47,91,50,39,2
9713.png,1.0_10.0_2.0,3,11,19,31,20,16,3
9714.png,9.0_3.0,3,33,38,64,31,35,2
9715.png,2.0,20,74,67,103,29,47,1
9716.png,4.0_9.0,3,21,23,37,16,20,2
9717.png,2.0_3.0,15,69,83,132,63,68,2
9718.png,7.0_10.0,1,17,21,36,19,20,2
9719.png,2.0_5.0,8,53,62,108,55,54,2
972.png,2.0_3.0_8.0,2,39,52,130,91,50,3
9720.png,2.0_3.0_4.0,20,92,107,241,149,87,3
9721.png,1.0_3.0,15,84,91,143,59,76,2
9722.png,1.0_3.0,6,35,38,61,26,32,2
9723.png,2.0_8.0,17,81,80,129,48,63,2
9724.png,1.0_5.0,3,43,55,83,40,52,2
9725.png,3.0_1.0,1,25,31,50,25,30,2
9726.png,5.0,12,79,58,104,25,46,1
9727.png,3.0_1.0,2,36,43,71,35,41,2
9728.png,1.0_10.0_1.0,3,42,55,102,60,52,3
9729.png,1.0_4.0_3.0,7,31,24,48,17,17,3
973.png,4.0_9.0,4,46,61,96,50,57,2
9730.png,4.0_10.0,1,35,42,75,40,41,2
9731.png,5.0_3.0,1,64,76,149,85,75,2
9732.png,1.0,11,54,56,69,15,45,1
9733.png,1.0_9.0_9.0_9.0,1,11,14,39,28,13,4
9734.png,1.0_2.0_9.0,14,58,44,115,57,30,3
9735.png,4.0_9.0,12,70,73,113,43,61,2
9736.png,5.0_10.0,1,21,22,39,18,21,2
9737.png,1.0,5,44,26,50,6,21,1
9738.png,3.0_7.0,9,29,32,50,21,23,2
9739.png,5.0,6,28,26,37,9,20,1
974.png,6.0_10.0,5,28,33,53,25,28,2
9740.png,1.0_10.0_8.0,3,26,33,62,36,30,3
9741.png,8.0_10.0,7,27,29,44,17,22,2
9742.png,4.0,6,28,21,35,7,15,1
9743.png,7.0,3,25,29,42,17,26,1
9744.png,9.0_3.0,1,173,96,224,51,95,2
9745.png,1.0_10.0,13,46,35,74,28,22,2
9746.png,5.0_3.0,9,27,25,50,23,16,2
9747.png,3.0_8.0,3,16,16,28,12,13,2
9748.png,6.0,1,8,12,16,8,11,1
9749.png,9.0,5,57,36,76,19,31,1
975.png,5.0_3.0,11,36,43,66,30,32,2
9750.png,4.0_9.0,10,38,48,71,33,38,2
9751.png,8.0,46,140,108,183,43,62,1
9752.png,1.0_8.0,5,27,24,47,20,19,2
9753.png,2.0_9.0,6,35,42,85,50,36,2
9754.png,1.0_7.0_3.0,1,19,25,51,32,24,3
9755.png,5.0_2.0,1,37,48,73,36,47,2
9756.png,1.0_5.0,6,32,31,58,26,25,2
9757.png,5.0,2,25,30,37,12,28,1
9758.png,3.0_7.0_6.0,18,95,95,183,88,77,3
9759.png,2.0_10.0_1.0_10.0,1,20,24,67,47,23,4
976.png,1.0_2.0_7.0,11,50,49,88,38,38,3
9760.png,1.0_2.0,10,28,28,39,11,18,2
9761.png,8.0_8.0,1,29,35,67,38,34,2
9762.png,7.0,10,41,29,51,10,19,1
9763.png,1.0_4.0_3.0,6,34,47,60,26,41,3
9764.png,5.0_3.0,4,26,23,47,21,19,2
9765.png,2.0_2.0_4.0,1,13,16,28,15,15,3
9766.png,1.0_9.0_3.0,1,27,30,60,33,29,3
9767.png,1.0_4.0,3,29,32,46,17,29,2
9768.png,2.0_2.0_5.0_1.0,0,9,14,37,28,14,4
9769.png,5.0_4.0,7,51,58,99,48,51,2
977.png,1.0_5.0_6.0_1.0,4,121,135,287,166,131,4
9770.png,3.0_6.0,3,27,31,46,19,28,2
9771.png,1.0_1.0,14,68,67,104,36,53,2
9772.png,8.0,3,20,16,27,7,13,1
9773.png,1.0_4.0,6,24,32,39,15,26,2
9774.png,4.0_1.0,1,28,32,49,21,31,2
9775.png,5.0_7.0_9.0,26,89,89,172,83,63,3
9776.png,2.0,1,18,18,30,12,17,1
9777.png,5.0_10.0,1,13,16,28,15,15,2
9778.png,1.0_6.0_1.0,21,80,61,129,49,40,3
9779.png,4.0_8.0,15,77,84,127,50,69,2
978.png,7.0_10.0,2,17,21,34,17,19,2
9780.png,9.0,3,31,33,53,22,30,1
9781.png,2.0_1.0,5,27,31,49,22,26,2
9782.png,2.0_4.0_6.0,13,63,33,97,34,20,3
9783.png,1.0_5.0_3.0,5,48,56,118,70,51,3
9784.png,5.0_6.0,3,24,30,50,26,27,2
9785.png,1.0_4.0_9.0,5,24,26,42,18,21,3
9786.png,2.0,8,43,52,72,29,44,1
9787.png,3.0,14,53,51,74,21,37,1
9788.png,1.0_8.0_2.0,17,86,97,183,97,80,3
9789.png,1.0_10.0,22,75,73,112,37,51,2
979.png,1.0_9.0,1,12,15,24,12,14,2
9790.png,7.0_2.0,21,72,80,139,67,59,2
9791.png,1.0_10.0_9.0,6,25,30,56,31,24,3
9792.png,4.0_4.0,1,21,30,59,38,29,2
9793.png,1.0_6.0_5.0,10,50,51,90,40,41,3
9794.png,2.0,4,22,24,33,11,20,1
9795.png,4.0_6.0,8,135,179,370,235,171,2
9796.png,5.0_5.0_4.0,4,26,30,60,34,26,3
9797.png,5.0,5,29,33,49,20,28,1
9798.png,2.0_6.0_6.0,8,61,74,99,38,66,3
9799.png,2.0_1.0_9.0,17,58,44,96,38,27,3
98.png,1.0_2.0_10.0,7,50,48,112,62,41,3
980.png,2.0_2.0,3,25,23,39,14,20,2
9800.png,2.0_5.0,12,25,35,38,13,23,2
9801.png,6.0_4.0,10,31,30,57,26,20,2
9802.png,1.0_4.0_8.0_2.0,4,25,21,56,31,17,4
9803.png,2.0_3.0_3.0_5.0,3,17,20,55,38,17,4
9804.png,5.0_9.0,8,35,47,76,41,39,2
9805.png,1.0_7.0_5.0,17,61,40,93,32,23,3
9806.png,4.0_7.0_2.0,10,60,53,126,66,43,3
9807.png,5.0_9.0,1,18,21,41,23,20,2
9808.png,2.0_5.0,5,25,27,48,23,22,2
9809.png,2.0_2.0_6.0,91,152,147,219,67,56,3
981.png,1.0_5.0_6.0,12,62,82,124,62,70,3
9810.png,1.0_10.0_6.0_1.0,11,44,42,104,60,31,4
9811.png,8.0_5.0,10,44,59,96,52,49,2
9812.png,6.0_1.0,6,49,51,87,38,45,2
9813.png,4.0_7.0,4,48,66,98,50,62,2
9814.png,3.0_1.0,4,62,77,135,73,73,2
9815.png,5.0,5,67,69,105,38,64,1
9816.png,1.0_7.0_1.0,7,47,43,76,29,36,3
9817.png,4.0_1.0,2,20,19,30,10,17,2
9818.png,1.0_6.0_6.0,15,58,55,85,27,40,3
9819.png,5.0,5,31,30,48,17,25,1
982.png,3.0_4.0,7,83,103,188,105,96,2
9820.png,1.0,4,32,32,42,10,28,1
9821.png,10.0_9.0_1.0,9,36,30,64,28,21,3
9822.png,3.0_6.0,3,24,28,49,25,25,2
9823.png,1.0,3,26,29,39,13,26,1
9824.png,1.0_3.0_9.0,24,45,52,78,33,28,3
9825.png,7.0_4.0,2,20,21,37,17,19,2
9826.png,2.0_8.0,5,17,17,33,16,12,2
9827.png,3.0_10.0,16,60,44,82,22,28,2
9828.png,1.0_10.0,9,42,51,77,35,42,2
9829.png,8.0,12,55,53,82,27,41,1
983.png,3.0_9.0,4,32,35,50,18,31,2
9830.png,2.0_3.0,1,27,40,71,44,39,2
9831.png,7.0_10.0,4,23,24,37,14,20,2
9832.png,2.0_9.0_2.0,1,11,12,27,16,11,3
9833.png,6.0,5,31,31,47,16,26,1
9834.png,2.0_4.0_10.0_10.0,1,19,20,53,34,19,4
9835.png,1.0_10.0_10.0,73,136,97,163,27,24,3
9836.png,1.0_3.0_9.0,6,50,60,134,84,54,3
9837.png,2.0_7.0,6,89,100,152,63,94,2
9838.png,1.0_2.0_7.0_10.0,3,15,14,41,26,11,4
9839.png,5.0,6,40,46,58,18,40,1
984.png,2.0_1.0_5.0,4,22,29,48,26,25,3
9840.png,4.0,15,126,86,183,57,71,1
9841.png,1.0_3.0,10,29,27,43,14,17,2
9842.png,1.0_3.0_10.0,1,14,16,35,21,15,3
9843.png,3.0_7.0,66,98,108,139,41,42,2
9844.png,4.0_6.0_5.0,14,73,57,129,56,43,3
9845.png,2.0_9.0_1.0,19,74,53,120,46,34,3
9846.png,1.0_5.0_8.0,1,12,16,26,14,15,3
9847.png,4.0_4.0,11,59,70,89,30,59,2
9848.png,1.0_3.0_9.0,2,28,35,80,52,33,3
9849.png,7.0_8.0,1,17,20,37,20,19,2
985.png,5.0_2.0,9,33,40,59,26,31,2
9850.png,5.0_5.0,10,47,40,73,26,30,2
9851.png,9.0,18,69,47,84,15,29,1
9852.png,3.0_9.0,8,33,31,61,28,23,2
9853.png,7.0,1,18,24,30,12,23,1
9854.png,6.0,4,16,18,25,9,14,1
9855.png,2.0_1.0,8,54,63,101,47,55,2
9856.png,4.0_7.0,4,25,29,47,22,25,2
9857.png,8.0_2.0,3,22,28,54,32,25,2
9858.png,8.0_9.0,3,26,31,65,39,28,2
9859.png,2.0_10.0_6.0,13,58,53,93,35,40,3
986.png,2.0_7.0,9,60,65,120,60,56,2
9860.png,1.0_3.0_1.0,4,21,26,48,27,22,3
9861.png,4.0_1.0,1,11,14,26,15,13,2
9862.png,5.0_10.0,5,30,26,58,28,21,2
9863.png,1.0_2.0_5.0,9,65,40,119,54,31,3
9864.png,5.0_1.0_3.0,4,21,29,48,27,25,3
9865.png,9.0,6,26,38,44,18,32,1
9866.png,3.0_2.0,3,17,22,35,18,19,2
9867.png,3.0_10.0,5,38,46,63,25,41,2
9868.png,1.0_1.0,6,24,33,41,17,27,2
9869.png,2.0,10,46,34,60,14,24,1
987.png,2.0,16,92,52,115,23,36,1
9870.png,2.0_9.0_4.0,3,15,18,39,24,15,3
9871.png,2.0_8.0_7.0,1,12,14,33,21,13,3
9872.png,7.0_5.0_6.0,13,80,81,169,89,68,3
9873.png,4.0_9.0,4,25,23,43,18,19,2
9874.png,1.0_7.0_10.0,5,35,48,101,66,43,3
9875.png,1.0_4.0,2,27,26,49,22,24,2
9876.png,2.0_10.0,26,86,74,154,68,48,2
9877.png,5.0,6,51,61,69,18,55,1
9878.png,6.0_3.0,2,18,23,41,23,21,2
9879.png,7.0_4.0_10.0,1,13,18,32,19,17,3
988.png,1.0_8.0_4.0,17,57,45,89,32,28,3
9880.png,3.0_7.0,8,79,84,151,72,76,2
9881.png,1.0_9.0,26,97,66,139,42,40,2
9882.png,3.0_3.0,7,39,46,86,47,39,2
9883.png,1.0_5.0_1.0,4,29,29,50,21,25,3
9884.png,5.0_5.0,2,21,25,47,26,23,2
9885.png,2.0_5.0_9.0_4.0,7,38,33,81,43,26,4
9886.png,4.0_9.0,14,41,31,65,24,17,2
9887.png,1.0_10.0_3.0,3,37,47,79,42,44,3
9888.png,3.0_9.0,12,53,52,94,41,40,2
9889.png,2.0_7.0_7.0,1,54,68,161,107,67,3
989.png,3.0_7.0_9.0,8,34,36,83,49,28,3
9890.png,2.0_4.0_3.0,5,46,55,112,66,50,3
9891.png,3.0_1.0_9.0,15,45,37,67,22,22,3
9892.png,3.0_4.0,5,29,39,61,32,34,2
9893.png,1.0_6.0_8.0,1,29,35,81,52,34,3
9894.png,3.0_10.0,5,34,44,86,52,39,2
9895.png,1.0,4,20,18,26,6,14,1
9896.png,2.0_4.0_5.0,6,40,39,67,27,33,3
9897.png,3.0_5.0,12,76,58,115,39,46,2
9898.png,4.0_3.0,56,153,118,225,72,62,2
9899.png,2.0_5.0,21,61,59,104,43,38,2
99.png,2.0,4,30,33,47,17,29,1
990.png,2.0_5.0_3.0,1,18,23,47,29,22,3
9900.png,2.0_3.0,22,75,81,135,60,59,2
9901.png,2.0_10.0,2,25,22,47,22,20,2
9902.png,2.0,21,93,76,129,36,55,1
9903.png,6.0_3.0,42,126,113,197,71,71,2
9904.png,5.0,3,38,45,68,30,42,1
9905.png,2.0,3,18,19,26,8,16,1
9906.png,5.0,5,31,35,46,15,30,1
9907.png,4.0_9.0,2,30,38,71,41,36,2
9908.png,2.0,2,11,14,19,8,12,1
9909.png,7.0_7.0,7,31,33,55,24,26,2
991.png,2.0,5,37,45,60,23,40,1
9910.png,2.0_2.0,8,52,69,108,56,61,2
9911.png,1.0_1.0,11,18,61,61,43,50,2
9912.png,2.0_6.0_4.0_7.0,4,22,26,72,50,22,4
9913.png,1.0_9.0_6.0,19,65,49,97,32,30,3
9914.png,4.0,18,73,87,116,43,69,1
9915.png,1.0_1.0_1.0,9,62,58,129,67,49,3
9916.png,3.0,10,37,50,58,21,40,1
9917.png,6.0_9.0,3,40,64,104,64,61,2
9918.png,6.0_3.0,10,24,36,46,22,26,2
9919.png,2.0_10.0_8.0,19,68,49,105,37,30,3
992.png,3.0,4,25,25,36,11,21,1
9920.png,6.0,8,33,30,45,12,22,1
9921.png,1.0_8.0,38,113,94,162,49,56,2
9922.png,1.0_1.0_2.0,2,17,17,42,25,15,3
9923.png,3.0_8.0,3,26,31,57,31,28,2
9924.png,2.0_1.0,3,25,36,55,30,33,2
9925.png,1.0_9.0,9,47,48,74,27,39,2
9926.png,1.0_8.0_3.0_9.0,1,12,14,41,29,13,4
9927.png,3.0_5.0,7,45,44,70,25,37,2
9928.png,3.0_1.0,4,24,26,38,14,22,2
9929.png,5.0,9,39,46,61,22,37,1
993.png,1.0_8.0_7.0,3,26,28,53,27,25,3
9930.png,2.0_4.0_8.0,1,21,21,53,32,20,3
9931.png,1.0_10.0_7.0,1,22,26,53,31,25,3
9932.png,1.0_9.0,1,13,16,28,15,15,2
9933.png,3.0_10.0,8,69,81,147,78,73,2
9934.png,1.0_2.0_2.0,16,56,50,82,26,34,3
9935.png,1.0_10.0_7.0_4.0,10,70,44,128,58,34,4
9936.png,4.0,1,27,35,43,16,34,1
9937.png,3.0_10.0,43,126,115,187,61,72,2
9938.png,8.0_2.0,12,38,41,67,29,29,2
9939.png,1.0_4.0,14,84,78,140,56,64,2
994.png,4.0,29,157,204,259,102,175,1
9940.png,3.0,7,30,37,44,14,30,1
9941.png,2.0_5.0,1,18,21,39,21,20,2
9942.png,1.0_8.0,5,34,41,58,24,36,2
9943.png,1.0_4.0_1.0,2,24,37,60,36,35,3
9944.png,2.0_2.0_2.0,25,68,57,110,42,32,3
9945.png,4.0_6.0_1.0,11,46,43,73,27,32,3
9946.png,4.0_9.0,9,37,42,70,33,33,2
9947.png,5.0_4.0,5,27,28,51,24,23,2
9948.png,1.0_1.0,6,31,34,50,19,28,2
9949.png,3.0_10.0,8,37,41,73,36,33,2
995.png,3.0_5.0,18,52,42,69,17,24,2
9950.png,4.0,6,22,21,32,10,15,1
9951.png,1.0_7.0_4.0,1,24,23,41,17,22,3
9952.png,1.0_1.0,10,54,74,119,65,64,2
9953.png,3.0,5,41,51,67,26,46,1
9954.png,7.0_1.0,10,62,74,112,50,64,2
9955.png,2.0_1.0,1,55,76,123,68,75,2
9956.png,2.0_10.0_7.0,3,39,49,158,119,46,3
9957.png,6.0_6.0_6.0,7,72,86,182,110,79,3
9958.png,6.0,4,26,30,44,18,26,1
9959.png,4.0_4.0,3,27,32,48,21,29,2
996.png,7.0_4.0,9,34,33,59,25,24,2
9960.png,2.0_6.0_8.0,18,106,129,283,177,111,3
9961.png,1.0_1.0_7.0,1,35,38,93,58,37,3
9962.png,6.0_1.0,14,66,48,90,24,34,2
9963.png,2.0_1.0_10.0,8,40,43,84,44,35,3
9964.png,3.0_4.0,2,26,36,64,38,34,2
9965.png,1.0,12,45,39,59,14,27,1
9966.png,2.0_9.0_10.0,11,59,54,129,70,43,3
9967.png,9.0,8,44,46,62,18,38,1
9968.png,3.0_7.0,7,50,56,108,58,49,2
9969.png,4.0_7.0,3,31,46,70,39,43,2
997.png,3.0_7.0,4,21,27,49,28,23,2
9970.png,1.0_5.0_7.0_1.0,2,16,21,44,28,19,4
9971.png,1.0_9.0,7,49,58,88,39,51,2
9972.png,2.0,8,43,41,55,12,33,1
9973.png,2.0_8.0,4,26,27,57,31,23,2
9974.png,2.0_6.0_2.0,3,25,27,49,24,24,3
9975.png,2.0_8.0_1.0,1,19,23,42,23,22,3
9976.png,5.0_10.0,63,138,113,201,63,50,2
9977.png,1.0_9.0,11,41,49,78,37,38,2
9978.png,1.0_7.0_4.0,6,18,20,33,15,14,3
9979.png,3.0_7.0,6,27,29,48,21,23,2
998.png,3.0_1.0,3,15,17,31,16,14,2
9980.png,3.0_9.0,9,43,46,72,29,37,2
9981.png,2.0_8.0,7,46,49,84,38,42,2
9982.png,3.0_5.0,4,33,38,68,35,34,2
9983.png,1.0_7.0,1,13,19,24,11,18,2
9984.png,4.0_10.0,8,79,104,201,122,96,2
9985.png,1.0,4,21,18,27,6,14,1
9986.png,2.0_3.0_10.0,5,40,52,110,70,47,3
9987.png,6.0,4,26,25,41,15,21,1
9988.png,5.0_10.0,10,75,96,166,91,86,2
9989.png,6.0_2.0,19,172,115,318,146,96,2
999.png,2.0_10.0_1.0,11,44,40,81,37,29,3
9990.png,1.0_1.0_10.0,6,28,30,51,23,24,3
9991.png,7.0_6.0,1,13,16,34,21,15,2
9992.png,4.0_4.0_6.0,9,32,29,57,25,20,3
9993.png,5.0_4.0,17,45,62,85,40,45,2
9994.png,4.0_10.0,5,20,21,34,14,16,2
9995.png,3.0_2.0,3,78,95,176,98,92,2
9996.png,7.0_2.0,13,41,43,74,33,30,2
9997.png,6.0_7.0,9,46,53,96,50,44,2
9998.png,1.0_3.0,5,28,34,52,24,29,2
9999.png,7.0_5.0,10,32,32,45,13,22,2
